Variable,Facility
Facility,"(100, 4440)",0.0
Facility,"(100, 4460)",0.0
Facility,"(100, 4480)",0.0
Facility,"(100, 4500)",0.0
Facility,"(100, 4520)",0.0
Facility,"(100, 4540)",0.0
Facility,"(100, 4560)",0.0
Facility,"(100, 4580)",0.0
Facility,"(100, 4600)",0.0
Facility,"(100, 4620)",0.0
Facility,"(100, 4640)",0.0
Facility,"(100, 4660)",-0.0
Facility,"(100, 4680)",-0.0
Facility,"(100, 4700)",-0.0
Facility,"(100, 4720)",-0.0
Facility,"(100, 4740)",-0.0
Facility,"(100, 4760)",-0.0
Facility,"(100, 4780)",-0.0
Facility,"(100, 4800)",-0.0
Facility,"(100, 4820)",-0.0
Facility,"(100, 4840)",0.0
Facility,"(100, 4860)",0.0
Facility,"(100, 4880)",0.0
Facility,"(100, 4900)",0.0
Facility,"(100, 4920)",0.0
Facility,"(100, 4940)",0.0
Facility,"(100, 4960)",0.0
Facility,"(100, 4980)",0.0
Facility,"(120, 4440)",0.0
Facility,"(120, 4460)",0.0
Facility,"(120, 4480)",0.0
Facility,"(120, 4500)",0.0
Facility,"(120, 4520)",0.0
Facility,"(120, 4540)",0.0
Facility,"(120, 4560)",0.0
Facility,"(120, 4580)",0.0
Facility,"(120, 4600)",0.0
Facility,"(120, 4620)",0.0
Facility,"(120, 4640)",0.0
Facility,"(120, 4660)",-0.0
Facility,"(120, 4680)",-0.0
Facility,"(120, 4700)",-0.0
Facility,"(120, 4720)",-0.0
Facility,"(120, 4740)",-0.0
Facility,"(120, 4760)",-0.0
Facility,"(120, 4780)",-0.0
Facility,"(120, 4800)",-0.0
Facility,"(120, 4820)",-0.0
Facility,"(120, 4840)",0.0
Facility,"(120, 4860)",0.0
Facility,"(120, 4880)",0.0
Facility,"(120, 4900)",0.0
Facility,"(120, 4920)",0.0
Facility,"(120, 4940)",0.0
Facility,"(120, 4960)",0.0
Facility,"(120, 4980)",0.0
Facility,"(140, 4440)",0.0
Facility,"(140, 4460)",0.0
Facility,"(140, 4480)",0.0
Facility,"(140, 4500)",0.0
Facility,"(140, 4520)",0.0
Facility,"(140, 4540)",0.0
Facility,"(140, 4560)",0.0
Facility,"(140, 4580)",0.0
Facility,"(140, 4600)",0.0
Facility,"(140, 4620)",0.0
Facility,"(140, 4640)",0.0
Facility,"(140, 4660)",-0.0
Facility,"(140, 4680)",-0.0
Facility,"(140, 4700)",-0.0
Facility,"(140, 4720)",-0.0
Facility,"(140, 4740)",-0.0
Facility,"(140, 4760)",-0.0
Facility,"(140, 4780)",-0.0
Facility,"(140, 4800)",-0.0
Facility,"(140, 4820)",-0.0
Facility,"(140, 4840)",0.0
Facility,"(140, 4860)",0.0
Facility,"(140, 4880)",0.0
Facility,"(140, 4900)",0.0
Facility,"(140, 4920)",0.0
Facility,"(140, 4940)",0.0
Facility,"(140, 4960)",0.0
Facility,"(140, 4980)",0.0
Facility,"(160, 4440)",0.0
Facility,"(160, 4460)",0.0
Facility,"(160, 4480)",0.0
Facility,"(160, 4500)",0.0
Facility,"(160, 4520)",0.0
Facility,"(160, 4540)",0.0
Facility,"(160, 4560)",0.0
Facility,"(160, 4580)",0.0
Facility,"(160, 4600)",0.0
Facility,"(160, 4620)",0.0
Facility,"(160, 4640)",0.0
Facility,"(160, 4660)",-0.0
Facility,"(160, 4680)",-0.0
Facility,"(160, 4700)",-0.0
Facility,"(160, 4720)",-0.0
Facility,"(160, 4740)",-0.0
Facility,"(160, 4760)",-0.0
Facility,"(160, 4780)",-0.0
Facility,"(160, 4800)",-0.0
Facility,"(160, 4820)",-0.0
Facility,"(160, 4840)",0.0
Facility,"(160, 4860)",0.0
Facility,"(160, 4880)",0.0
Facility,"(160, 4900)",0.0
Facility,"(160, 4920)",0.0
Facility,"(160, 4940)",0.0
Facility,"(160, 4960)",0.0
Facility,"(160, 4980)",0.0
Facility,"(180, 4440)",0.0
Facility,"(180, 4460)",0.0
Facility,"(180, 4480)",0.0
Facility,"(180, 4500)",0.0
Facility,"(180, 4520)",0.0
Facility,"(180, 4540)",0.0
Facility,"(180, 4560)",0.0
Facility,"(180, 4580)",0.0
Facility,"(180, 4600)",0.0
Facility,"(180, 4620)",0.0
Facility,"(180, 4640)",0.0
Facility,"(180, 4660)",-0.0
Facility,"(180, 4680)",-0.0
Facility,"(180, 4700)",-0.0
Facility,"(180, 4720)",-0.0
Facility,"(180, 4740)",-0.0
Facility,"(180, 4760)",-0.0
Facility,"(180, 4780)",-0.0
Facility,"(180, 4800)",-0.0
Facility,"(180, 4820)",-0.0
Facility,"(180, 4840)",0.0
Facility,"(180, 4860)",0.0
Facility,"(180, 4880)",0.0
Facility,"(180, 4900)",0.0
Facility,"(180, 4920)",0.0
Facility,"(180, 4940)",0.0
Facility,"(180, 4960)",0.0
Facility,"(180, 4980)",0.0
Facility,"(200, 4440)",0.0
Facility,"(200, 4460)",0.0
Facility,"(200, 4480)",0.0
Facility,"(200, 4500)",0.0
Facility,"(200, 4520)",0.0
Facility,"(200, 4540)",0.0
Facility,"(200, 4560)",0.0
Facility,"(200, 4580)",0.0
Facility,"(200, 4600)",0.0
Facility,"(200, 4620)",0.0
Facility,"(200, 4640)",0.0
Facility,"(200, 4660)",-0.0
Facility,"(200, 4680)",-0.0
Facility,"(200, 4700)",-0.0
Facility,"(200, 4720)",-0.0
Facility,"(200, 4740)",-0.0
Facility,"(200, 4760)",-0.0
Facility,"(200, 4780)",-0.0
Facility,"(200, 4800)",-0.0
Facility,"(200, 4820)",-0.0
Facility,"(200, 4840)",0.0
Facility,"(200, 4860)",0.0
Facility,"(200, 4880)",0.0
Facility,"(200, 4900)",0.0
Facility,"(200, 4920)",0.0
Facility,"(200, 4940)",0.0
Facility,"(200, 4960)",0.0
Facility,"(200, 4980)",0.0
Facility,"(220, 4440)",0.0
Facility,"(220, 4460)",0.0
Facility,"(220, 4480)",0.0
Facility,"(220, 4500)",0.0
Facility,"(220, 4520)",0.0
Facility,"(220, 4540)",0.0
Facility,"(220, 4560)",0.0
Facility,"(220, 4580)",0.0
Facility,"(220, 4600)",0.0
Facility,"(220, 4620)",0.0
Facility,"(220, 4640)",0.0
Facility,"(220, 4660)",-0.0
Facility,"(220, 4680)",-0.0
Facility,"(220, 4700)",-0.0
Facility,"(220, 4720)",-0.0
Facility,"(220, 4740)",-0.0
Facility,"(220, 4760)",-0.0
Facility,"(220, 4780)",-0.0
Facility,"(220, 4800)",-0.0
Facility,"(220, 4820)",-0.0
Facility,"(220, 4840)",0.0
Facility,"(220, 4860)",0.0
Facility,"(220, 4880)",0.0
Facility,"(220, 4900)",0.0
Facility,"(220, 4920)",0.0
Facility,"(220, 4940)",0.0
Facility,"(220, 4960)",0.0
Facility,"(220, 4980)",0.0
Facility,"(240, 4440)",0.0
Facility,"(240, 4460)",0.0
Facility,"(240, 4480)",0.0
Facility,"(240, 4500)",0.0
Facility,"(240, 4520)",0.0
Facility,"(240, 4540)",0.0
Facility,"(240, 4560)",0.0
Facility,"(240, 4580)",0.0
Facility,"(240, 4600)",0.0
Facility,"(240, 4620)",0.0
Facility,"(240, 4640)",0.0
Facility,"(240, 4660)",-0.0
Facility,"(240, 4680)",-0.0
Facility,"(240, 4700)",-0.0
Facility,"(240, 4720)",-0.0
Facility,"(240, 4740)",-0.0
Facility,"(240, 4760)",-0.0
Facility,"(240, 4780)",-0.0
Facility,"(240, 4800)",-0.0
Facility,"(240, 4820)",-0.0
Facility,"(240, 4840)",0.0
Facility,"(240, 4860)",0.0
Facility,"(240, 4880)",0.0
Facility,"(240, 4900)",0.0
Facility,"(240, 4920)",0.0
Facility,"(240, 4940)",0.0
Facility,"(240, 4960)",0.0
Facility,"(240, 4980)",0.0
Facility,"(260, 4440)",0.0
Facility,"(260, 4460)",0.0
Facility,"(260, 4480)",0.0
Facility,"(260, 4500)",0.0
Facility,"(260, 4520)",0.0
Facility,"(260, 4540)",0.0
Facility,"(260, 4560)",0.0
Facility,"(260, 4580)",0.0
Facility,"(260, 4600)",0.0
Facility,"(260, 4620)",0.0
Facility,"(260, 4640)",0.0
Facility,"(260, 4660)",-0.0
Facility,"(260, 4680)",-0.0
Facility,"(260, 4700)",-0.0
Facility,"(260, 4720)",-0.0
Facility,"(260, 4740)",-0.0
Facility,"(260, 4760)",-0.0
Facility,"(260, 4780)",-0.0
Facility,"(260, 4800)",-0.0
Facility,"(260, 4820)",-0.0
Facility,"(260, 4840)",0.0
Facility,"(260, 4860)",0.0
Facility,"(260, 4880)",0.0
Facility,"(260, 4900)",0.0
Facility,"(260, 4920)",0.0
Facility,"(260, 4940)",0.0
Facility,"(260, 4960)",0.0
Facility,"(260, 4980)",0.0
Facility,"(280, 4440)",0.0
Facility,"(280, 4460)",0.0
Facility,"(280, 4480)",0.0
Facility,"(280, 4500)",0.0
Facility,"(280, 4520)",0.0
Facility,"(280, 4540)",0.0
Facility,"(280, 4560)",0.0
Facility,"(280, 4580)",0.0
Facility,"(280, 4600)",0.0
Facility,"(280, 4620)",0.0
Facility,"(280, 4640)",0.0
Facility,"(280, 4660)",-0.0
Facility,"(280, 4680)",-0.0
Facility,"(280, 4700)",-0.0
Facility,"(280, 4720)",-0.0
Facility,"(280, 4740)",-0.0
Facility,"(280, 4760)",-0.0
Facility,"(280, 4780)",-0.0
Facility,"(280, 4800)",-0.0
Facility,"(280, 4820)",-0.0
Facility,"(280, 4840)",0.0
Facility,"(280, 4860)",0.0
Facility,"(280, 4880)",0.0
Facility,"(280, 4900)",0.0
Facility,"(280, 4920)",0.0
Facility,"(280, 4940)",0.0
Facility,"(280, 4960)",0.0
Facility,"(280, 4980)",0.0
Facility,"(300, 4440)",0.0
Facility,"(300, 4460)",0.0
Facility,"(300, 4480)",0.0
Facility,"(300, 4500)",0.0
Facility,"(300, 4520)",0.0
Facility,"(300, 4540)",0.0
Facility,"(300, 4560)",0.0
Facility,"(300, 4580)",0.0
Facility,"(300, 4600)",0.0
Facility,"(300, 4620)",0.0
Facility,"(300, 4640)",0.0
Facility,"(300, 4660)",-0.0
Facility,"(300, 4680)",-0.0
Facility,"(300, 4700)",-0.0
Facility,"(300, 4720)",-0.0
Facility,"(300, 4740)",-0.0
Facility,"(300, 4760)",-0.0
Facility,"(300, 4780)",-0.0
Facility,"(300, 4800)",-0.0
Facility,"(300, 4820)",-0.0
Facility,"(300, 4840)",0.0
Facility,"(300, 4860)",0.0
Facility,"(300, 4880)",0.0
Facility,"(300, 4900)",0.0
Facility,"(300, 4920)",0.0
Facility,"(300, 4940)",0.0
Facility,"(300, 4960)",0.0
Facility,"(300, 4980)",0.0
Facility,"(320, 4440)",0.0
Facility,"(320, 4460)",0.0
Facility,"(320, 4480)",0.0
Facility,"(320, 4500)",0.0
Facility,"(320, 4520)",0.0
Facility,"(320, 4540)",0.0
Facility,"(320, 4560)",0.0
Facility,"(320, 4580)",0.0
Facility,"(320, 4600)",0.0
Facility,"(320, 4620)",0.0
Facility,"(320, 4640)",0.0
Facility,"(320, 4660)",-0.0
Facility,"(320, 4680)",-0.0
Facility,"(320, 4700)",-0.0
Facility,"(320, 4720)",-0.0
Facility,"(320, 4740)",-0.0
Facility,"(320, 4760)",-0.0
Facility,"(320, 4780)",-0.0
Facility,"(320, 4800)",-0.0
Facility,"(320, 4820)",-0.0
Facility,"(320, 4840)",0.0
Facility,"(320, 4860)",0.0
Facility,"(320, 4880)",0.0
Facility,"(320, 4900)",0.0
Facility,"(320, 4920)",0.0
Facility,"(320, 4940)",0.0
Facility,"(320, 4960)",0.0
Facility,"(320, 4980)",0.0
Facility,"(340, 4440)",0.0
Facility,"(340, 4460)",0.0
Facility,"(340, 4480)",0.0
Facility,"(340, 4500)",0.0
Facility,"(340, 4520)",0.0
Facility,"(340, 4540)",0.0
Facility,"(340, 4560)",0.0
Facility,"(340, 4580)",0.0
Facility,"(340, 4600)",0.0
Facility,"(340, 4620)",0.0
Facility,"(340, 4640)",0.0
Facility,"(340, 4660)",-0.0
Facility,"(340, 4680)",-0.0
Facility,"(340, 4700)",-0.0
Facility,"(340, 4720)",-0.0
Facility,"(340, 4740)",-0.0
Facility,"(340, 4760)",-0.0
Facility,"(340, 4780)",0.0
Facility,"(340, 4800)",-0.0
Facility,"(340, 4820)",-0.0
Facility,"(340, 4840)",0.0
Facility,"(340, 4860)",0.0
Facility,"(340, 4880)",0.0
Facility,"(340, 4900)",0.0
Facility,"(340, 4920)",0.0
Facility,"(340, 4940)",0.0
Facility,"(340, 4960)",0.0
Facility,"(340, 4980)",0.0
Facility,"(360, 4440)",0.0
Facility,"(360, 4460)",0.0
Facility,"(360, 4480)",0.0
Facility,"(360, 4500)",0.0
Facility,"(360, 4520)",0.0
Facility,"(360, 4540)",0.0
Facility,"(360, 4560)",0.0
Facility,"(360, 4580)",0.0
Facility,"(360, 4600)",0.0
Facility,"(360, 4620)",0.0
Facility,"(360, 4640)",0.0
Facility,"(360, 4660)",-0.0
Facility,"(360, 4680)",-0.0
Facility,"(360, 4700)",-0.0
Facility,"(360, 4720)",-0.0
Facility,"(360, 4740)",-0.0
Facility,"(360, 4760)",1.0
Facility,"(360, 4780)",-0.0
Facility,"(360, 4800)",-0.0
Facility,"(360, 4820)",0.0
Facility,"(360, 4840)",0.0
Facility,"(360, 4860)",0.0
Facility,"(360, 4880)",0.0
Facility,"(360, 4900)",0.0
Facility,"(360, 4920)",0.0
Facility,"(360, 4940)",0.0
Facility,"(360, 4960)",0.0
Facility,"(360, 4980)",0.0
Facility,"(380, 4440)",0.0
Facility,"(380, 4460)",0.0
Facility,"(380, 4480)",0.0
Facility,"(380, 4500)",0.0
Facility,"(380, 4520)",0.0
Facility,"(380, 4540)",0.0
Facility,"(380, 4560)",0.0
Facility,"(380, 4580)",0.0
Facility,"(380, 4600)",0.0
Facility,"(380, 4620)",0.0
Facility,"(380, 4640)",0.0
Facility,"(380, 4660)",-0.0
Facility,"(380, 4680)",-0.0
Facility,"(380, 4700)",-0.0
Facility,"(380, 4720)",-0.0
Facility,"(380, 4740)",-0.0
Facility,"(380, 4760)",-0.0
Facility,"(380, 4780)",-0.0
Facility,"(380, 4800)",-0.0
Facility,"(380, 4820)",-0.0
Facility,"(380, 4840)",-0.0
Facility,"(380, 4860)",-0.0
Facility,"(380, 4880)",-0.0
Facility,"(380, 4900)",-0.0
Facility,"(380, 4920)",-0.0
Facility,"(380, 4940)",-0.0
Facility,"(380, 4960)",-0.0
Facility,"(380, 4980)",-0.0
Facility,"(400, 4440)",0.0
Facility,"(400, 4460)",0.0
Facility,"(400, 4480)",0.0
Facility,"(400, 4500)",0.0
Facility,"(400, 4520)",0.0
Facility,"(400, 4540)",0.0
Facility,"(400, 4560)",0.0
Facility,"(400, 4580)",0.0
Facility,"(400, 4600)",0.0
Facility,"(400, 4620)",0.0
Facility,"(400, 4640)",0.0
Facility,"(400, 4660)",-0.0
Facility,"(400, 4680)",-0.0
Facility,"(400, 4700)",-0.0
Facility,"(400, 4720)",-0.0
Facility,"(400, 4740)",-0.0
Facility,"(400, 4760)",-0.0
Facility,"(400, 4780)",-0.0
Facility,"(400, 4800)",-0.0
Facility,"(400, 4820)",-0.0
Facility,"(400, 4840)",-0.0
Facility,"(400, 4860)",-0.0
Facility,"(400, 4880)",-0.0
Facility,"(400, 4900)",-0.0
Facility,"(400, 4920)",-0.0
Facility,"(400, 4940)",-0.0
Facility,"(400, 4960)",-0.0
Facility,"(400, 4980)",-0.0
Facility,"(420, 4440)",0.0
Facility,"(420, 4460)",0.0
Facility,"(420, 4480)",0.0
Facility,"(420, 4500)",0.0
Facility,"(420, 4520)",0.0
Facility,"(420, 4540)",0.0
Facility,"(420, 4560)",0.0
Facility,"(420, 4580)",0.0
Facility,"(420, 4600)",0.0
Facility,"(420, 4620)",0.0
Facility,"(420, 4640)",0.0
Facility,"(420, 4660)",-0.0
Facility,"(420, 4680)",-0.0
Facility,"(420, 4700)",-0.0
Facility,"(420, 4720)",-0.0
Facility,"(420, 4740)",-0.0
Facility,"(420, 4760)",-0.0
Facility,"(420, 4780)",-0.0
Facility,"(420, 4800)",-0.0
Facility,"(420, 4820)",-0.0
Facility,"(420, 4840)",-0.0
Facility,"(420, 4860)",-0.0
Facility,"(420, 4880)",-0.0
Facility,"(420, 4900)",-0.0
Facility,"(420, 4920)",-0.0
Facility,"(420, 4940)",-0.0
Facility,"(420, 4960)",-0.0
Facility,"(420, 4980)",-0.0
Facility,"(440, 4440)",0.0
Facility,"(440, 4460)",0.0
Facility,"(440, 4480)",0.0
Facility,"(440, 4500)",0.0
Facility,"(440, 4520)",0.0
Facility,"(440, 4540)",0.0
Facility,"(440, 4560)",0.0
Facility,"(440, 4580)",0.0
Facility,"(440, 4600)",0.0
Facility,"(440, 4620)",0.0
Facility,"(440, 4640)",0.0
Facility,"(440, 4660)",-0.0
Facility,"(440, 4680)",-0.0
Facility,"(440, 4700)",-0.0
Facility,"(440, 4720)",-0.0
Facility,"(440, 4740)",-0.0
Facility,"(440, 4760)",-0.0
Facility,"(440, 4780)",-0.0
Facility,"(440, 4800)",-0.0
Facility,"(440, 4820)",-0.0
Facility,"(440, 4840)",-0.0
Facility,"(440, 4860)",-0.0
Facility,"(440, 4880)",-0.0
Facility,"(440, 4900)",-0.0
Facility,"(440, 4920)",-0.0
Facility,"(440, 4940)",-0.0
Facility,"(440, 4960)",-0.0
Facility,"(440, 4980)",-0.0
Facility,"(460, 4440)",0.0
Facility,"(460, 4460)",0.0
Facility,"(460, 4480)",0.0
Facility,"(460, 4500)",0.0
Facility,"(460, 4520)",0.0
Facility,"(460, 4540)",0.0
Facility,"(460, 4560)",0.0
Facility,"(460, 4580)",0.0
Facility,"(460, 4600)",0.0
Facility,"(460, 4620)",0.0
Facility,"(460, 4640)",0.0
Facility,"(460, 4660)",-0.0
Facility,"(460, 4680)",-0.0
Facility,"(460, 4700)",-0.0
Facility,"(460, 4720)",-0.0
Facility,"(460, 4740)",-0.0
Facility,"(460, 4760)",-0.0
Facility,"(460, 4780)",-0.0
Facility,"(460, 4800)",-0.0
Facility,"(460, 4820)",-0.0
Facility,"(460, 4840)",-0.0
Facility,"(460, 4860)",-0.0
Facility,"(460, 4880)",-0.0
Facility,"(460, 4900)",-0.0
Facility,"(460, 4920)",-0.0
Facility,"(460, 4940)",-0.0
Facility,"(460, 4960)",-0.0
Facility,"(460, 4980)",-0.0
Facility,"(480, 4440)",0.0
Facility,"(480, 4460)",0.0
Facility,"(480, 4480)",0.0
Facility,"(480, 4500)",0.0
Facility,"(480, 4520)",0.0
Facility,"(480, 4540)",0.0
Facility,"(480, 4560)",0.0
Facility,"(480, 4580)",0.0
Facility,"(480, 4600)",0.0
Facility,"(480, 4620)",0.0
Facility,"(480, 4640)",0.0
Facility,"(480, 4660)",-0.0
Facility,"(480, 4680)",-0.0
Facility,"(480, 4700)",-0.0
Facility,"(480, 4720)",-0.0
Facility,"(480, 4740)",-0.0
Facility,"(480, 4760)",-0.0
Facility,"(480, 4780)",-0.0
Facility,"(480, 4800)",-0.0
Facility,"(480, 4820)",-0.0
Facility,"(480, 4840)",-0.0
Facility,"(480, 4860)",-0.0
Facility,"(480, 4880)",-0.0
Facility,"(480, 4900)",-0.0
Facility,"(480, 4920)",-0.0
Facility,"(480, 4940)",-0.0
Facility,"(480, 4960)",-0.0
Facility,"(480, 4980)",-0.0
Facility,"(500, 4440)",-0.0
Facility,"(500, 4460)",-0.0
Facility,"(500, 4480)",-0.0
Facility,"(500, 4500)",-0.0
Facility,"(500, 4520)",-0.0
Facility,"(500, 4540)",-0.0
Facility,"(500, 4560)",-0.0
Facility,"(500, 4580)",-0.0
Facility,"(500, 4600)",-0.0
Facility,"(500, 4620)",-0.0
Facility,"(500, 4640)",-0.0
Facility,"(500, 4660)",-0.0
Facility,"(500, 4680)",-0.0
Facility,"(500, 4700)",-0.0
Facility,"(500, 4720)",-0.0
Facility,"(500, 4740)",-0.0
Facility,"(500, 4760)",-0.0
Facility,"(500, 4780)",-0.0
Facility,"(500, 4800)",-0.0
Facility,"(500, 4820)",-0.0
Facility,"(500, 4840)",-0.0
Facility,"(500, 4860)",-0.0
Facility,"(500, 4880)",-0.0
Facility,"(500, 4900)",-0.0
Facility,"(500, 4920)",-0.0
Facility,"(500, 4940)",-0.0
Facility,"(500, 4960)",-0.0
Facility,"(500, 4980)",-0.0
Facility,"(520, 4440)",-0.0
Facility,"(520, 4460)",-0.0
Facility,"(520, 4480)",-0.0
Facility,"(520, 4500)",-0.0
Facility,"(520, 4520)",-0.0
Facility,"(520, 4540)",-0.0
Facility,"(520, 4560)",-0.0
Facility,"(520, 4580)",-0.0
Facility,"(520, 4600)",-0.0
Facility,"(520, 4620)",-0.0
Facility,"(520, 4640)",-0.0
Facility,"(520, 4660)",-0.0
Facility,"(520, 4680)",-0.0
Facility,"(520, 4700)",-0.0
Facility,"(520, 4720)",-0.0
Facility,"(520, 4740)",-0.0
Facility,"(520, 4760)",-0.0
Facility,"(520, 4780)",-0.0
Facility,"(520, 4800)",-0.0
Facility,"(520, 4820)",-0.0
Facility,"(520, 4840)",-0.0
Facility,"(520, 4860)",-0.0
Facility,"(520, 4880)",-0.0
Facility,"(520, 4900)",-0.0
Facility,"(520, 4920)",-0.0
Facility,"(520, 4940)",-0.0
Facility,"(520, 4960)",-0.0
Facility,"(520, 4980)",-0.0
Facility,"(540, 4440)",-0.0
Facility,"(540, 4460)",-0.0
Facility,"(540, 4480)",-0.0
Facility,"(540, 4500)",-0.0
Facility,"(540, 4520)",-0.0
Facility,"(540, 4540)",-0.0
Facility,"(540, 4560)",-0.0
Facility,"(540, 4580)",-0.0
Facility,"(540, 4600)",-0.0
Facility,"(540, 4620)",-0.0
Facility,"(540, 4640)",-0.0
Facility,"(540, 4660)",-0.0
Facility,"(540, 4680)",-0.0
Facility,"(540, 4700)",-0.0
Facility,"(540, 4720)",-0.0
Facility,"(540, 4740)",-0.0
Facility,"(540, 4760)",-0.0
Facility,"(540, 4780)",-0.0
Facility,"(540, 4800)",-0.0
Facility,"(540, 4820)",-0.0
Facility,"(540, 4840)",-0.0
Facility,"(540, 4860)",-0.0
Facility,"(540, 4880)",-0.0
Facility,"(540, 4900)",-0.0
Facility,"(540, 4920)",-0.0
Facility,"(540, 4940)",-0.0
Facility,"(540, 4960)",-0.0
Facility,"(540, 4980)",-0.0
Facility,"(560, 4440)",-0.0
Facility,"(560, 4460)",-0.0
Facility,"(560, 4480)",-0.0
Facility,"(560, 4500)",-0.0
Facility,"(560, 4520)",-0.0
Facility,"(560, 4540)",-0.0
Facility,"(560, 4560)",-0.0
Facility,"(560, 4580)",-0.0
Facility,"(560, 4600)",1.0
Facility,"(560, 4620)",-0.0
Facility,"(560, 4640)",-0.0
Facility,"(560, 4660)",-0.0
Facility,"(560, 4680)",-0.0
Facility,"(560, 4700)",-0.0
Facility,"(560, 4720)",-0.0
Facility,"(560, 4740)",-0.0
Facility,"(560, 4760)",-0.0
Facility,"(560, 4780)",-0.0
Facility,"(560, 4800)",-0.0
Facility,"(560, 4820)",-0.0
Facility,"(560, 4840)",-0.0
Facility,"(560, 4860)",-0.0
Facility,"(560, 4880)",-0.0
Facility,"(560, 4900)",-0.0
Facility,"(560, 4920)",-0.0
Facility,"(560, 4940)",-0.0
Facility,"(560, 4960)",-0.0
Facility,"(560, 4980)",-0.0
Facility,"(580, 4440)",-0.0
Facility,"(580, 4460)",-0.0
Facility,"(580, 4480)",-0.0
Facility,"(580, 4500)",-0.0
Facility,"(580, 4520)",0.0
Facility,"(580, 4540)",-0.0
Facility,"(580, 4560)",-0.0
Facility,"(580, 4580)",-0.0
Facility,"(580, 4600)",-0.0
Facility,"(580, 4620)",-0.0
Facility,"(580, 4640)",-0.0
Facility,"(580, 4660)",-0.0
Facility,"(580, 4680)",-0.0
Facility,"(580, 4700)",-0.0
Facility,"(580, 4720)",-0.0
Facility,"(580, 4740)",-0.0
Facility,"(580, 4760)",-0.0
Facility,"(580, 4780)",-0.0
Facility,"(580, 4800)",-0.0
Facility,"(580, 4820)",-0.0
Facility,"(580, 4840)",-0.0
Facility,"(580, 4860)",-0.0
Facility,"(580, 4880)",-0.0
Facility,"(580, 4900)",-0.0
Facility,"(580, 4920)",-0.0
Facility,"(580, 4940)",-0.0
Facility,"(580, 4960)",-0.0
Facility,"(580, 4980)",-0.0
Facility,"(600, 4440)",-0.0
Facility,"(600, 4460)",-0.0
Facility,"(600, 4480)",-0.0
Facility,"(600, 4500)",-0.0
Facility,"(600, 4520)",-0.0
Facility,"(600, 4540)",-0.0
Facility,"(600, 4560)",-0.0
Facility,"(600, 4580)",-0.0
Facility,"(600, 4600)",-0.0
Facility,"(600, 4620)",-0.0
Facility,"(600, 4640)",-0.0
Facility,"(600, 4660)",-0.0
Facility,"(600, 4680)",-0.0
Facility,"(600, 4700)",-0.0
Facility,"(600, 4720)",-0.0
Facility,"(600, 4740)",-0.0
Facility,"(600, 4760)",-0.0
Facility,"(600, 4780)",-0.0
Facility,"(600, 4800)",-0.0
Facility,"(600, 4820)",-0.0
Facility,"(600, 4840)",-0.0
Facility,"(600, 4860)",-0.0
Facility,"(600, 4880)",-0.0
Facility,"(600, 4900)",-0.0
Facility,"(600, 4920)",-0.0
Facility,"(600, 4940)",-0.0
Facility,"(600, 4960)",1.0
Facility,"(600, 4980)",-0.0
Facility,"(620, 4440)",-0.0
Facility,"(620, 4460)",-0.0
Facility,"(620, 4480)",-0.0
Facility,"(620, 4500)",-0.0
Facility,"(620, 4520)",0.0
Facility,"(620, 4540)",-0.0
Facility,"(620, 4560)",-0.0
Facility,"(620, 4580)",-0.0
Facility,"(620, 4600)",-0.0
Facility,"(620, 4620)",-0.0
Facility,"(620, 4640)",-0.0
Facility,"(620, 4660)",-0.0
Facility,"(620, 4680)",-0.0
Facility,"(620, 4700)",-0.0
Facility,"(620, 4720)",-0.0
Facility,"(620, 4740)",-0.0
Facility,"(620, 4760)",-0.0
Facility,"(620, 4780)",-0.0
Facility,"(620, 4800)",-0.0
Facility,"(620, 4820)",-0.0
Facility,"(620, 4840)",-0.0
Facility,"(620, 4860)",-0.0
Facility,"(620, 4880)",-0.0
Facility,"(620, 4900)",-0.0
Facility,"(620, 4920)",-0.0
Facility,"(620, 4940)",-0.0
Facility,"(620, 4960)",-0.0
Facility,"(620, 4980)",-0.0
Facility,"(640, 4440)",-0.0
Facility,"(640, 4460)",-0.0
Facility,"(640, 4480)",-0.0
Facility,"(640, 4500)",-0.0
Facility,"(640, 4520)",-0.0
Facility,"(640, 4540)",-0.0
Facility,"(640, 4560)",-0.0
Facility,"(640, 4580)",-0.0
Facility,"(640, 4600)",-0.0
Facility,"(640, 4620)",-0.0
Facility,"(640, 4640)",-0.0
Facility,"(640, 4660)",-0.0
Facility,"(640, 4680)",-0.0
Facility,"(640, 4700)",-0.0
Facility,"(640, 4720)",-0.0
Facility,"(640, 4740)",-0.0
Facility,"(640, 4760)",-0.0
Facility,"(640, 4780)",-0.0
Facility,"(640, 4800)",-0.0
Facility,"(640, 4820)",-0.0
Facility,"(640, 4840)",-0.0
Facility,"(640, 4860)",-0.0
Facility,"(640, 4880)",-0.0
Facility,"(640, 4900)",-0.0
Facility,"(640, 4920)",-0.0
Facility,"(640, 4940)",-0.0
Facility,"(640, 4960)",-0.0
Facility,"(640, 4980)",-0.0
Facility,"(660, 4440)",-0.0
Facility,"(660, 4460)",-0.0
Facility,"(660, 4480)",-0.0
Facility,"(660, 4500)",-0.0
Facility,"(660, 4520)",-0.0
Facility,"(660, 4540)",-0.0
Facility,"(660, 4560)",0.0
Facility,"(660, 4580)",-0.0
Facility,"(660, 4600)",-0.0
Facility,"(660, 4620)",-0.0
Facility,"(660, 4640)",-0.0
Facility,"(660, 4660)",-0.0
Facility,"(660, 4680)",-0.0
Facility,"(660, 4700)",-0.0
Facility,"(660, 4720)",-0.0
Facility,"(660, 4740)",-0.0
Facility,"(660, 4760)",-0.0
Facility,"(660, 4780)",-0.0
Facility,"(660, 4800)",-0.0
Facility,"(660, 4820)",-0.0
Facility,"(660, 4840)",-0.0
Facility,"(660, 4860)",-0.0
Facility,"(660, 4880)",-0.0
Facility,"(660, 4900)",-0.0
Facility,"(660, 4920)",-0.0
Facility,"(660, 4940)",-0.0
Facility,"(660, 4960)",-0.0
Facility,"(660, 4980)",-0.0
Facility,"(680, 4440)",-0.0
Facility,"(680, 4460)",-0.0
Facility,"(680, 4480)",-0.0
Facility,"(680, 4500)",-0.0
Facility,"(680, 4520)",-0.0
Facility,"(680, 4540)",-0.0
Facility,"(680, 4560)",-0.0
Facility,"(680, 4580)",-0.0
Facility,"(680, 4600)",-0.0
Facility,"(680, 4620)",-0.0
Facility,"(680, 4640)",-0.0
Facility,"(680, 4660)",-0.0
Facility,"(680, 4680)",-0.0
Facility,"(680, 4700)",-0.0
Facility,"(680, 4720)",-0.0
Facility,"(680, 4740)",-0.0
Facility,"(680, 4760)",-0.0
Facility,"(680, 4780)",-0.0
Facility,"(680, 4800)",-0.0
Facility,"(680, 4820)",-0.0
Facility,"(680, 4840)",-0.0
Facility,"(680, 4860)",-0.0
Facility,"(680, 4880)",-0.0
Facility,"(680, 4900)",-0.0
Facility,"(680, 4920)",-0.0
Facility,"(680, 4940)",-0.0
Facility,"(680, 4960)",-0.0
Facility,"(680, 4980)",-0.0
Variable,Facility_Cost
Facility_Cost,"(100, 4440)",0.0
Facility_Cost,"(100, 4460)",0.0
Facility_Cost,"(100, 4480)",0.0
Facility_Cost,"(100, 4500)",0.0
Facility_Cost,"(100, 4520)",0.0
Facility_Cost,"(100, 4540)",0.0
Facility_Cost,"(100, 4560)",0.0
Facility_Cost,"(100, 4580)",0.0
Facility_Cost,"(100, 4600)",0.0
Facility_Cost,"(100, 4620)",0.0
Facility_Cost,"(100, 4640)",0.0
Facility_Cost,"(100, 4660)",0.0
Facility_Cost,"(100, 4680)",0.0
Facility_Cost,"(100, 4700)",0.0
Facility_Cost,"(100, 4720)",0.0
Facility_Cost,"(100, 4740)",0.0
Facility_Cost,"(100, 4760)",0.0
Facility_Cost,"(100, 4780)",0.0
Facility_Cost,"(100, 4800)",0.0
Facility_Cost,"(100, 4820)",0.0
Facility_Cost,"(100, 4840)",0.0
Facility_Cost,"(100, 4860)",0.0
Facility_Cost,"(100, 4880)",0.0
Facility_Cost,"(100, 4900)",0.0
Facility_Cost,"(100, 4920)",0.0
Facility_Cost,"(100, 4940)",0.0
Facility_Cost,"(100, 4960)",0.0
Facility_Cost,"(100, 4980)",0.0
Facility_Cost,"(120, 4440)",0.0
Facility_Cost,"(120, 4460)",0.0
Facility_Cost,"(120, 4480)",0.0
Facility_Cost,"(120, 4500)",0.0
Facility_Cost,"(120, 4520)",0.0
Facility_Cost,"(120, 4540)",0.0
Facility_Cost,"(120, 4560)",0.0
Facility_Cost,"(120, 4580)",0.0
Facility_Cost,"(120, 4600)",0.0
Facility_Cost,"(120, 4620)",0.0
Facility_Cost,"(120, 4640)",0.0
Facility_Cost,"(120, 4660)",0.0
Facility_Cost,"(120, 4680)",0.0
Facility_Cost,"(120, 4700)",0.0
Facility_Cost,"(120, 4720)",0.0
Facility_Cost,"(120, 4740)",0.0
Facility_Cost,"(120, 4760)",0.0
Facility_Cost,"(120, 4780)",0.0
Facility_Cost,"(120, 4800)",0.0
Facility_Cost,"(120, 4820)",0.0
Facility_Cost,"(120, 4840)",0.0
Facility_Cost,"(120, 4860)",0.0
Facility_Cost,"(120, 4880)",0.0
Facility_Cost,"(120, 4900)",0.0
Facility_Cost,"(120, 4920)",0.0
Facility_Cost,"(120, 4940)",0.0
Facility_Cost,"(120, 4960)",0.0
Facility_Cost,"(120, 4980)",0.0
Facility_Cost,"(140, 4440)",0.0
Facility_Cost,"(140, 4460)",0.0
Facility_Cost,"(140, 4480)",0.0
Facility_Cost,"(140, 4500)",0.0
Facility_Cost,"(140, 4520)",0.0
Facility_Cost,"(140, 4540)",0.0
Facility_Cost,"(140, 4560)",0.0
Facility_Cost,"(140, 4580)",0.0
Facility_Cost,"(140, 4600)",0.0
Facility_Cost,"(140, 4620)",0.0
Facility_Cost,"(140, 4640)",0.0
Facility_Cost,"(140, 4660)",0.0
Facility_Cost,"(140, 4680)",0.0
Facility_Cost,"(140, 4700)",0.0
Facility_Cost,"(140, 4720)",0.0
Facility_Cost,"(140, 4740)",0.0
Facility_Cost,"(140, 4760)",0.0
Facility_Cost,"(140, 4780)",0.0
Facility_Cost,"(140, 4800)",0.0
Facility_Cost,"(140, 4820)",0.0
Facility_Cost,"(140, 4840)",0.0
Facility_Cost,"(140, 4860)",0.0
Facility_Cost,"(140, 4880)",0.0
Facility_Cost,"(140, 4900)",0.0
Facility_Cost,"(140, 4920)",0.0
Facility_Cost,"(140, 4940)",0.0
Facility_Cost,"(140, 4960)",0.0
Facility_Cost,"(140, 4980)",0.0
Facility_Cost,"(160, 4440)",0.0
Facility_Cost,"(160, 4460)",0.0
Facility_Cost,"(160, 4480)",0.0
Facility_Cost,"(160, 4500)",0.0
Facility_Cost,"(160, 4520)",0.0
Facility_Cost,"(160, 4540)",0.0
Facility_Cost,"(160, 4560)",0.0
Facility_Cost,"(160, 4580)",0.0
Facility_Cost,"(160, 4600)",0.0
Facility_Cost,"(160, 4620)",0.0
Facility_Cost,"(160, 4640)",0.0
Facility_Cost,"(160, 4660)",0.0
Facility_Cost,"(160, 4680)",0.0
Facility_Cost,"(160, 4700)",0.0
Facility_Cost,"(160, 4720)",0.0
Facility_Cost,"(160, 4740)",0.0
Facility_Cost,"(160, 4760)",0.0
Facility_Cost,"(160, 4780)",0.0
Facility_Cost,"(160, 4800)",0.0
Facility_Cost,"(160, 4820)",0.0
Facility_Cost,"(160, 4840)",0.0
Facility_Cost,"(160, 4860)",0.0
Facility_Cost,"(160, 4880)",0.0
Facility_Cost,"(160, 4900)",0.0
Facility_Cost,"(160, 4920)",0.0
Facility_Cost,"(160, 4940)",0.0
Facility_Cost,"(160, 4960)",0.0
Facility_Cost,"(160, 4980)",0.0
Facility_Cost,"(180, 4440)",0.0
Facility_Cost,"(180, 4460)",0.0
Facility_Cost,"(180, 4480)",0.0
Facility_Cost,"(180, 4500)",0.0
Facility_Cost,"(180, 4520)",0.0
Facility_Cost,"(180, 4540)",0.0
Facility_Cost,"(180, 4560)",0.0
Facility_Cost,"(180, 4580)",0.0
Facility_Cost,"(180, 4600)",0.0
Facility_Cost,"(180, 4620)",0.0
Facility_Cost,"(180, 4640)",0.0
Facility_Cost,"(180, 4660)",0.0
Facility_Cost,"(180, 4680)",0.0
Facility_Cost,"(180, 4700)",0.0
Facility_Cost,"(180, 4720)",0.0
Facility_Cost,"(180, 4740)",0.0
Facility_Cost,"(180, 4760)",0.0
Facility_Cost,"(180, 4780)",0.0
Facility_Cost,"(180, 4800)",0.0
Facility_Cost,"(180, 4820)",0.0
Facility_Cost,"(180, 4840)",0.0
Facility_Cost,"(180, 4860)",0.0
Facility_Cost,"(180, 4880)",0.0
Facility_Cost,"(180, 4900)",0.0
Facility_Cost,"(180, 4920)",0.0
Facility_Cost,"(180, 4940)",0.0
Facility_Cost,"(180, 4960)",0.0
Facility_Cost,"(180, 4980)",0.0
Facility_Cost,"(200, 4440)",0.0
Facility_Cost,"(200, 4460)",0.0
Facility_Cost,"(200, 4480)",0.0
Facility_Cost,"(200, 4500)",0.0
Facility_Cost,"(200, 4520)",0.0
Facility_Cost,"(200, 4540)",0.0
Facility_Cost,"(200, 4560)",0.0
Facility_Cost,"(200, 4580)",0.0
Facility_Cost,"(200, 4600)",0.0
Facility_Cost,"(200, 4620)",0.0
Facility_Cost,"(200, 4640)",0.0
Facility_Cost,"(200, 4660)",0.0
Facility_Cost,"(200, 4680)",0.0
Facility_Cost,"(200, 4700)",0.0
Facility_Cost,"(200, 4720)",0.0
Facility_Cost,"(200, 4740)",0.0
Facility_Cost,"(200, 4760)",0.0
Facility_Cost,"(200, 4780)",0.0
Facility_Cost,"(200, 4800)",0.0
Facility_Cost,"(200, 4820)",0.0
Facility_Cost,"(200, 4840)",0.0
Facility_Cost,"(200, 4860)",0.0
Facility_Cost,"(200, 4880)",0.0
Facility_Cost,"(200, 4900)",0.0
Facility_Cost,"(200, 4920)",0.0
Facility_Cost,"(200, 4940)",0.0
Facility_Cost,"(200, 4960)",0.0
Facility_Cost,"(200, 4980)",0.0
Facility_Cost,"(220, 4440)",0.0
Facility_Cost,"(220, 4460)",0.0
Facility_Cost,"(220, 4480)",0.0
Facility_Cost,"(220, 4500)",0.0
Facility_Cost,"(220, 4520)",0.0
Facility_Cost,"(220, 4540)",0.0
Facility_Cost,"(220, 4560)",0.0
Facility_Cost,"(220, 4580)",0.0
Facility_Cost,"(220, 4600)",0.0
Facility_Cost,"(220, 4620)",0.0
Facility_Cost,"(220, 4640)",0.0
Facility_Cost,"(220, 4660)",0.0
Facility_Cost,"(220, 4680)",0.0
Facility_Cost,"(220, 4700)",0.0
Facility_Cost,"(220, 4720)",0.0
Facility_Cost,"(220, 4740)",0.0
Facility_Cost,"(220, 4760)",0.0
Facility_Cost,"(220, 4780)",0.0
Facility_Cost,"(220, 4800)",0.0
Facility_Cost,"(220, 4820)",0.0
Facility_Cost,"(220, 4840)",0.0
Facility_Cost,"(220, 4860)",0.0
Facility_Cost,"(220, 4880)",0.0
Facility_Cost,"(220, 4900)",0.0
Facility_Cost,"(220, 4920)",0.0
Facility_Cost,"(220, 4940)",0.0
Facility_Cost,"(220, 4960)",0.0
Facility_Cost,"(220, 4980)",0.0
Facility_Cost,"(240, 4440)",0.0
Facility_Cost,"(240, 4460)",0.0
Facility_Cost,"(240, 4480)",0.0
Facility_Cost,"(240, 4500)",0.0
Facility_Cost,"(240, 4520)",0.0
Facility_Cost,"(240, 4540)",0.0
Facility_Cost,"(240, 4560)",0.0
Facility_Cost,"(240, 4580)",0.0
Facility_Cost,"(240, 4600)",0.0
Facility_Cost,"(240, 4620)",0.0
Facility_Cost,"(240, 4640)",0.0
Facility_Cost,"(240, 4660)",0.0
Facility_Cost,"(240, 4680)",0.0
Facility_Cost,"(240, 4700)",0.0
Facility_Cost,"(240, 4720)",0.0
Facility_Cost,"(240, 4740)",0.0
Facility_Cost,"(240, 4760)",0.0
Facility_Cost,"(240, 4780)",0.0
Facility_Cost,"(240, 4800)",0.0
Facility_Cost,"(240, 4820)",0.0
Facility_Cost,"(240, 4840)",0.0
Facility_Cost,"(240, 4860)",0.0
Facility_Cost,"(240, 4880)",0.0
Facility_Cost,"(240, 4900)",0.0
Facility_Cost,"(240, 4920)",0.0
Facility_Cost,"(240, 4940)",0.0
Facility_Cost,"(240, 4960)",0.0
Facility_Cost,"(240, 4980)",0.0
Facility_Cost,"(260, 4440)",0.0
Facility_Cost,"(260, 4460)",0.0
Facility_Cost,"(260, 4480)",0.0
Facility_Cost,"(260, 4500)",0.0
Facility_Cost,"(260, 4520)",0.0
Facility_Cost,"(260, 4540)",0.0
Facility_Cost,"(260, 4560)",0.0
Facility_Cost,"(260, 4580)",0.0
Facility_Cost,"(260, 4600)",0.0
Facility_Cost,"(260, 4620)",0.0
Facility_Cost,"(260, 4640)",0.0
Facility_Cost,"(260, 4660)",0.0
Facility_Cost,"(260, 4680)",0.0
Facility_Cost,"(260, 4700)",0.0
Facility_Cost,"(260, 4720)",0.0
Facility_Cost,"(260, 4740)",0.0
Facility_Cost,"(260, 4760)",0.0
Facility_Cost,"(260, 4780)",0.0
Facility_Cost,"(260, 4800)",0.0
Facility_Cost,"(260, 4820)",0.0
Facility_Cost,"(260, 4840)",0.0
Facility_Cost,"(260, 4860)",0.0
Facility_Cost,"(260, 4880)",0.0
Facility_Cost,"(260, 4900)",0.0
Facility_Cost,"(260, 4920)",0.0
Facility_Cost,"(260, 4940)",0.0
Facility_Cost,"(260, 4960)",0.0
Facility_Cost,"(260, 4980)",0.0
Facility_Cost,"(280, 4440)",0.0
Facility_Cost,"(280, 4460)",0.0
Facility_Cost,"(280, 4480)",0.0
Facility_Cost,"(280, 4500)",0.0
Facility_Cost,"(280, 4520)",0.0
Facility_Cost,"(280, 4540)",0.0
Facility_Cost,"(280, 4560)",0.0
Facility_Cost,"(280, 4580)",0.0
Facility_Cost,"(280, 4600)",0.0
Facility_Cost,"(280, 4620)",0.0
Facility_Cost,"(280, 4640)",0.0
Facility_Cost,"(280, 4660)",0.0
Facility_Cost,"(280, 4680)",0.0
Facility_Cost,"(280, 4700)",0.0
Facility_Cost,"(280, 4720)",0.0
Facility_Cost,"(280, 4740)",0.0
Facility_Cost,"(280, 4760)",0.0
Facility_Cost,"(280, 4780)",0.0
Facility_Cost,"(280, 4800)",0.0
Facility_Cost,"(280, 4820)",0.0
Facility_Cost,"(280, 4840)",0.0
Facility_Cost,"(280, 4860)",0.0
Facility_Cost,"(280, 4880)",0.0
Facility_Cost,"(280, 4900)",0.0
Facility_Cost,"(280, 4920)",0.0
Facility_Cost,"(280, 4940)",0.0
Facility_Cost,"(280, 4960)",0.0
Facility_Cost,"(280, 4980)",0.0
Facility_Cost,"(300, 4440)",0.0
Facility_Cost,"(300, 4460)",0.0
Facility_Cost,"(300, 4480)",0.0
Facility_Cost,"(300, 4500)",0.0
Facility_Cost,"(300, 4520)",0.0
Facility_Cost,"(300, 4540)",0.0
Facility_Cost,"(300, 4560)",0.0
Facility_Cost,"(300, 4580)",0.0
Facility_Cost,"(300, 4600)",0.0
Facility_Cost,"(300, 4620)",0.0
Facility_Cost,"(300, 4640)",0.0
Facility_Cost,"(300, 4660)",0.0
Facility_Cost,"(300, 4680)",0.0
Facility_Cost,"(300, 4700)",0.0
Facility_Cost,"(300, 4720)",0.0
Facility_Cost,"(300, 4740)",0.0
Facility_Cost,"(300, 4760)",0.0
Facility_Cost,"(300, 4780)",0.0
Facility_Cost,"(300, 4800)",0.0
Facility_Cost,"(300, 4820)",0.0
Facility_Cost,"(300, 4840)",0.0
Facility_Cost,"(300, 4860)",0.0
Facility_Cost,"(300, 4880)",0.0
Facility_Cost,"(300, 4900)",0.0
Facility_Cost,"(300, 4920)",0.0
Facility_Cost,"(300, 4940)",0.0
Facility_Cost,"(300, 4960)",0.0
Facility_Cost,"(300, 4980)",0.0
Facility_Cost,"(320, 4440)",0.0
Facility_Cost,"(320, 4460)",0.0
Facility_Cost,"(320, 4480)",0.0
Facility_Cost,"(320, 4500)",0.0
Facility_Cost,"(320, 4520)",0.0
Facility_Cost,"(320, 4540)",0.0
Facility_Cost,"(320, 4560)",0.0
Facility_Cost,"(320, 4580)",0.0
Facility_Cost,"(320, 4600)",0.0
Facility_Cost,"(320, 4620)",0.0
Facility_Cost,"(320, 4640)",0.0
Facility_Cost,"(320, 4660)",0.0
Facility_Cost,"(320, 4680)",0.0
Facility_Cost,"(320, 4700)",0.0
Facility_Cost,"(320, 4720)",0.0
Facility_Cost,"(320, 4740)",0.0
Facility_Cost,"(320, 4760)",0.0
Facility_Cost,"(320, 4780)",0.0
Facility_Cost,"(320, 4800)",0.0
Facility_Cost,"(320, 4820)",0.0
Facility_Cost,"(320, 4840)",0.0
Facility_Cost,"(320, 4860)",0.0
Facility_Cost,"(320, 4880)",0.0
Facility_Cost,"(320, 4900)",0.0
Facility_Cost,"(320, 4920)",0.0
Facility_Cost,"(320, 4940)",0.0
Facility_Cost,"(320, 4960)",0.0
Facility_Cost,"(320, 4980)",0.0
Facility_Cost,"(340, 4440)",0.0
Facility_Cost,"(340, 4460)",0.0
Facility_Cost,"(340, 4480)",0.0
Facility_Cost,"(340, 4500)",0.0
Facility_Cost,"(340, 4520)",0.0
Facility_Cost,"(340, 4540)",0.0
Facility_Cost,"(340, 4560)",0.0
Facility_Cost,"(340, 4580)",0.0
Facility_Cost,"(340, 4600)",0.0
Facility_Cost,"(340, 4620)",0.0
Facility_Cost,"(340, 4640)",0.0
Facility_Cost,"(340, 4660)",0.0
Facility_Cost,"(340, 4680)",0.0
Facility_Cost,"(340, 4700)",0.0
Facility_Cost,"(340, 4720)",0.0
Facility_Cost,"(340, 4740)",0.0
Facility_Cost,"(340, 4760)",0.0
Facility_Cost,"(340, 4780)",0.0
Facility_Cost,"(340, 4800)",0.0
Facility_Cost,"(340, 4820)",0.0
Facility_Cost,"(340, 4840)",0.0
Facility_Cost,"(340, 4860)",0.0
Facility_Cost,"(340, 4880)",0.0
Facility_Cost,"(340, 4900)",0.0
Facility_Cost,"(340, 4920)",0.0
Facility_Cost,"(340, 4940)",0.0
Facility_Cost,"(340, 4960)",0.0
Facility_Cost,"(340, 4980)",0.0
Facility_Cost,"(360, 4440)",0.0
Facility_Cost,"(360, 4460)",0.0
Facility_Cost,"(360, 4480)",0.0
Facility_Cost,"(360, 4500)",0.0
Facility_Cost,"(360, 4520)",0.0
Facility_Cost,"(360, 4540)",0.0
Facility_Cost,"(360, 4560)",0.0
Facility_Cost,"(360, 4580)",0.0
Facility_Cost,"(360, 4600)",0.0
Facility_Cost,"(360, 4620)",0.0
Facility_Cost,"(360, 4640)",0.0
Facility_Cost,"(360, 4660)",0.0
Facility_Cost,"(360, 4680)",0.0
Facility_Cost,"(360, 4700)",0.0
Facility_Cost,"(360, 4720)",0.0
Facility_Cost,"(360, 4740)",0.0
Facility_Cost,"(360, 4760)",11034320.699864697
Facility_Cost,"(360, 4780)",0.0
Facility_Cost,"(360, 4800)",0.0
Facility_Cost,"(360, 4820)",0.0
Facility_Cost,"(360, 4840)",0.0
Facility_Cost,"(360, 4860)",0.0
Facility_Cost,"(360, 4880)",0.0
Facility_Cost,"(360, 4900)",0.0
Facility_Cost,"(360, 4920)",0.0
Facility_Cost,"(360, 4940)",0.0
Facility_Cost,"(360, 4960)",0.0
Facility_Cost,"(360, 4980)",0.0
Facility_Cost,"(380, 4440)",0.0
Facility_Cost,"(380, 4460)",0.0
Facility_Cost,"(380, 4480)",0.0
Facility_Cost,"(380, 4500)",0.0
Facility_Cost,"(380, 4520)",0.0
Facility_Cost,"(380, 4540)",0.0
Facility_Cost,"(380, 4560)",0.0
Facility_Cost,"(380, 4580)",0.0
Facility_Cost,"(380, 4600)",0.0
Facility_Cost,"(380, 4620)",0.0
Facility_Cost,"(380, 4640)",0.0
Facility_Cost,"(380, 4660)",0.0
Facility_Cost,"(380, 4680)",0.0
Facility_Cost,"(380, 4700)",0.0
Facility_Cost,"(380, 4720)",0.0
Facility_Cost,"(380, 4740)",0.0
Facility_Cost,"(380, 4760)",0.0
Facility_Cost,"(380, 4780)",0.0
Facility_Cost,"(380, 4800)",0.0
Facility_Cost,"(380, 4820)",0.0
Facility_Cost,"(380, 4840)",0.0
Facility_Cost,"(380, 4860)",0.0
Facility_Cost,"(380, 4880)",0.0
Facility_Cost,"(380, 4900)",0.0
Facility_Cost,"(380, 4920)",0.0
Facility_Cost,"(380, 4940)",0.0
Facility_Cost,"(380, 4960)",0.0
Facility_Cost,"(380, 4980)",0.0
Facility_Cost,"(400, 4440)",0.0
Facility_Cost,"(400, 4460)",0.0
Facility_Cost,"(400, 4480)",0.0
Facility_Cost,"(400, 4500)",0.0
Facility_Cost,"(400, 4520)",0.0
Facility_Cost,"(400, 4540)",0.0
Facility_Cost,"(400, 4560)",0.0
Facility_Cost,"(400, 4580)",0.0
Facility_Cost,"(400, 4600)",0.0
Facility_Cost,"(400, 4620)",0.0
Facility_Cost,"(400, 4640)",0.0
Facility_Cost,"(400, 4660)",0.0
Facility_Cost,"(400, 4680)",0.0
Facility_Cost,"(400, 4700)",0.0
Facility_Cost,"(400, 4720)",0.0
Facility_Cost,"(400, 4740)",0.0
Facility_Cost,"(400, 4760)",0.0
Facility_Cost,"(400, 4780)",0.0
Facility_Cost,"(400, 4800)",0.0
Facility_Cost,"(400, 4820)",0.0
Facility_Cost,"(400, 4840)",0.0
Facility_Cost,"(400, 4860)",0.0
Facility_Cost,"(400, 4880)",0.0
Facility_Cost,"(400, 4900)",0.0
Facility_Cost,"(400, 4920)",0.0
Facility_Cost,"(400, 4940)",0.0
Facility_Cost,"(400, 4960)",0.0
Facility_Cost,"(400, 4980)",0.0
Facility_Cost,"(420, 4440)",0.0
Facility_Cost,"(420, 4460)",0.0
Facility_Cost,"(420, 4480)",0.0
Facility_Cost,"(420, 4500)",0.0
Facility_Cost,"(420, 4520)",0.0
Facility_Cost,"(420, 4540)",0.0
Facility_Cost,"(420, 4560)",0.0
Facility_Cost,"(420, 4580)",0.0
Facility_Cost,"(420, 4600)",0.0
Facility_Cost,"(420, 4620)",0.0
Facility_Cost,"(420, 4640)",0.0
Facility_Cost,"(420, 4660)",0.0
Facility_Cost,"(420, 4680)",0.0
Facility_Cost,"(420, 4700)",0.0
Facility_Cost,"(420, 4720)",0.0
Facility_Cost,"(420, 4740)",0.0
Facility_Cost,"(420, 4760)",0.0
Facility_Cost,"(420, 4780)",0.0
Facility_Cost,"(420, 4800)",0.0
Facility_Cost,"(420, 4820)",0.0
Facility_Cost,"(420, 4840)",0.0
Facility_Cost,"(420, 4860)",0.0
Facility_Cost,"(420, 4880)",0.0
Facility_Cost,"(420, 4900)",0.0
Facility_Cost,"(420, 4920)",0.0
Facility_Cost,"(420, 4940)",0.0
Facility_Cost,"(420, 4960)",0.0
Facility_Cost,"(420, 4980)",0.0
Facility_Cost,"(440, 4440)",0.0
Facility_Cost,"(440, 4460)",0.0
Facility_Cost,"(440, 4480)",0.0
Facility_Cost,"(440, 4500)",0.0
Facility_Cost,"(440, 4520)",0.0
Facility_Cost,"(440, 4540)",0.0
Facility_Cost,"(440, 4560)",0.0
Facility_Cost,"(440, 4580)",0.0
Facility_Cost,"(440, 4600)",0.0
Facility_Cost,"(440, 4620)",0.0
Facility_Cost,"(440, 4640)",0.0
Facility_Cost,"(440, 4660)",0.0
Facility_Cost,"(440, 4680)",0.0
Facility_Cost,"(440, 4700)",0.0
Facility_Cost,"(440, 4720)",0.0
Facility_Cost,"(440, 4740)",0.0
Facility_Cost,"(440, 4760)",0.0
Facility_Cost,"(440, 4780)",0.0
Facility_Cost,"(440, 4800)",0.0
Facility_Cost,"(440, 4820)",0.0
Facility_Cost,"(440, 4840)",0.0
Facility_Cost,"(440, 4860)",0.0
Facility_Cost,"(440, 4880)",0.0
Facility_Cost,"(440, 4900)",0.0
Facility_Cost,"(440, 4920)",0.0
Facility_Cost,"(440, 4940)",0.0
Facility_Cost,"(440, 4960)",0.0
Facility_Cost,"(440, 4980)",0.0
Facility_Cost,"(460, 4440)",0.0
Facility_Cost,"(460, 4460)",0.0
Facility_Cost,"(460, 4480)",0.0
Facility_Cost,"(460, 4500)",0.0
Facility_Cost,"(460, 4520)",0.0
Facility_Cost,"(460, 4540)",0.0
Facility_Cost,"(460, 4560)",0.0
Facility_Cost,"(460, 4580)",0.0
Facility_Cost,"(460, 4600)",0.0
Facility_Cost,"(460, 4620)",0.0
Facility_Cost,"(460, 4640)",0.0
Facility_Cost,"(460, 4660)",0.0
Facility_Cost,"(460, 4680)",0.0
Facility_Cost,"(460, 4700)",0.0
Facility_Cost,"(460, 4720)",0.0
Facility_Cost,"(460, 4740)",0.0
Facility_Cost,"(460, 4760)",0.0
Facility_Cost,"(460, 4780)",0.0
Facility_Cost,"(460, 4800)",0.0
Facility_Cost,"(460, 4820)",0.0
Facility_Cost,"(460, 4840)",0.0
Facility_Cost,"(460, 4860)",0.0
Facility_Cost,"(460, 4880)",0.0
Facility_Cost,"(460, 4900)",0.0
Facility_Cost,"(460, 4920)",0.0
Facility_Cost,"(460, 4940)",0.0
Facility_Cost,"(460, 4960)",0.0
Facility_Cost,"(460, 4980)",0.0
Facility_Cost,"(480, 4440)",0.0
Facility_Cost,"(480, 4460)",0.0
Facility_Cost,"(480, 4480)",0.0
Facility_Cost,"(480, 4500)",0.0
Facility_Cost,"(480, 4520)",0.0
Facility_Cost,"(480, 4540)",0.0
Facility_Cost,"(480, 4560)",0.0
Facility_Cost,"(480, 4580)",0.0
Facility_Cost,"(480, 4600)",0.0
Facility_Cost,"(480, 4620)",0.0
Facility_Cost,"(480, 4640)",0.0
Facility_Cost,"(480, 4660)",0.0
Facility_Cost,"(480, 4680)",0.0
Facility_Cost,"(480, 4700)",0.0
Facility_Cost,"(480, 4720)",0.0
Facility_Cost,"(480, 4740)",0.0
Facility_Cost,"(480, 4760)",0.0
Facility_Cost,"(480, 4780)",0.0
Facility_Cost,"(480, 4800)",0.0
Facility_Cost,"(480, 4820)",0.0
Facility_Cost,"(480, 4840)",0.0
Facility_Cost,"(480, 4860)",0.0
Facility_Cost,"(480, 4880)",0.0
Facility_Cost,"(480, 4900)",0.0
Facility_Cost,"(480, 4920)",0.0
Facility_Cost,"(480, 4940)",0.0
Facility_Cost,"(480, 4960)",0.0
Facility_Cost,"(480, 4980)",0.0
Facility_Cost,"(500, 4440)",0.0
Facility_Cost,"(500, 4460)",0.0
Facility_Cost,"(500, 4480)",0.0
Facility_Cost,"(500, 4500)",0.0
Facility_Cost,"(500, 4520)",0.0
Facility_Cost,"(500, 4540)",0.0
Facility_Cost,"(500, 4560)",0.0
Facility_Cost,"(500, 4580)",0.0
Facility_Cost,"(500, 4600)",0.0
Facility_Cost,"(500, 4620)",0.0
Facility_Cost,"(500, 4640)",0.0
Facility_Cost,"(500, 4660)",0.0
Facility_Cost,"(500, 4680)",0.0
Facility_Cost,"(500, 4700)",0.0
Facility_Cost,"(500, 4720)",0.0
Facility_Cost,"(500, 4740)",0.0
Facility_Cost,"(500, 4760)",0.0
Facility_Cost,"(500, 4780)",0.0
Facility_Cost,"(500, 4800)",0.0
Facility_Cost,"(500, 4820)",0.0
Facility_Cost,"(500, 4840)",0.0
Facility_Cost,"(500, 4860)",0.0
Facility_Cost,"(500, 4880)",0.0
Facility_Cost,"(500, 4900)",0.0
Facility_Cost,"(500, 4920)",0.0
Facility_Cost,"(500, 4940)",0.0
Facility_Cost,"(500, 4960)",0.0
Facility_Cost,"(500, 4980)",0.0
Facility_Cost,"(520, 4440)",0.0
Facility_Cost,"(520, 4460)",0.0
Facility_Cost,"(520, 4480)",0.0
Facility_Cost,"(520, 4500)",0.0
Facility_Cost,"(520, 4520)",0.0
Facility_Cost,"(520, 4540)",0.0
Facility_Cost,"(520, 4560)",0.0
Facility_Cost,"(520, 4580)",0.0
Facility_Cost,"(520, 4600)",0.0
Facility_Cost,"(520, 4620)",0.0
Facility_Cost,"(520, 4640)",0.0
Facility_Cost,"(520, 4660)",0.0
Facility_Cost,"(520, 4680)",0.0
Facility_Cost,"(520, 4700)",0.0
Facility_Cost,"(520, 4720)",0.0
Facility_Cost,"(520, 4740)",0.0
Facility_Cost,"(520, 4760)",0.0
Facility_Cost,"(520, 4780)",0.0
Facility_Cost,"(520, 4800)",0.0
Facility_Cost,"(520, 4820)",0.0
Facility_Cost,"(520, 4840)",0.0
Facility_Cost,"(520, 4860)",0.0
Facility_Cost,"(520, 4880)",0.0
Facility_Cost,"(520, 4900)",0.0
Facility_Cost,"(520, 4920)",0.0
Facility_Cost,"(520, 4940)",0.0
Facility_Cost,"(520, 4960)",0.0
Facility_Cost,"(520, 4980)",0.0
Facility_Cost,"(540, 4440)",0.0
Facility_Cost,"(540, 4460)",0.0
Facility_Cost,"(540, 4480)",0.0
Facility_Cost,"(540, 4500)",0.0
Facility_Cost,"(540, 4520)",0.0
Facility_Cost,"(540, 4540)",0.0
Facility_Cost,"(540, 4560)",0.0
Facility_Cost,"(540, 4580)",0.0
Facility_Cost,"(540, 4600)",0.0
Facility_Cost,"(540, 4620)",0.0
Facility_Cost,"(540, 4640)",0.0
Facility_Cost,"(540, 4660)",0.0
Facility_Cost,"(540, 4680)",0.0
Facility_Cost,"(540, 4700)",0.0
Facility_Cost,"(540, 4720)",0.0
Facility_Cost,"(540, 4740)",0.0
Facility_Cost,"(540, 4760)",0.0
Facility_Cost,"(540, 4780)",0.0
Facility_Cost,"(540, 4800)",0.0
Facility_Cost,"(540, 4820)",0.0
Facility_Cost,"(540, 4840)",0.0
Facility_Cost,"(540, 4860)",0.0
Facility_Cost,"(540, 4880)",0.0
Facility_Cost,"(540, 4900)",0.0
Facility_Cost,"(540, 4920)",0.0
Facility_Cost,"(540, 4940)",0.0
Facility_Cost,"(540, 4960)",0.0
Facility_Cost,"(540, 4980)",0.0
Facility_Cost,"(560, 4440)",0.0
Facility_Cost,"(560, 4460)",0.0
Facility_Cost,"(560, 4480)",0.0
Facility_Cost,"(560, 4500)",0.0
Facility_Cost,"(560, 4520)",0.0
Facility_Cost,"(560, 4540)",0.0
Facility_Cost,"(560, 4560)",0.0
Facility_Cost,"(560, 4580)",0.0
Facility_Cost,"(560, 4600)",1647840.8149591764
Facility_Cost,"(560, 4620)",0.0
Facility_Cost,"(560, 4640)",0.0
Facility_Cost,"(560, 4660)",0.0
Facility_Cost,"(560, 4680)",0.0
Facility_Cost,"(560, 4700)",0.0
Facility_Cost,"(560, 4720)",0.0
Facility_Cost,"(560, 4740)",0.0
Facility_Cost,"(560, 4760)",0.0
Facility_Cost,"(560, 4780)",0.0
Facility_Cost,"(560, 4800)",0.0
Facility_Cost,"(560, 4820)",0.0
Facility_Cost,"(560, 4840)",0.0
Facility_Cost,"(560, 4860)",0.0
Facility_Cost,"(560, 4880)",0.0
Facility_Cost,"(560, 4900)",0.0
Facility_Cost,"(560, 4920)",0.0
Facility_Cost,"(560, 4940)",0.0
Facility_Cost,"(560, 4960)",0.0
Facility_Cost,"(560, 4980)",0.0
Facility_Cost,"(580, 4440)",0.0
Facility_Cost,"(580, 4460)",0.0
Facility_Cost,"(580, 4480)",0.0
Facility_Cost,"(580, 4500)",0.0
Facility_Cost,"(580, 4520)",0.0
Facility_Cost,"(580, 4540)",0.0
Facility_Cost,"(580, 4560)",0.0
Facility_Cost,"(580, 4580)",0.0
Facility_Cost,"(580, 4600)",0.0
Facility_Cost,"(580, 4620)",0.0
Facility_Cost,"(580, 4640)",0.0
Facility_Cost,"(580, 4660)",0.0
Facility_Cost,"(580, 4680)",0.0
Facility_Cost,"(580, 4700)",0.0
Facility_Cost,"(580, 4720)",0.0
Facility_Cost,"(580, 4740)",0.0
Facility_Cost,"(580, 4760)",0.0
Facility_Cost,"(580, 4780)",0.0
Facility_Cost,"(580, 4800)",0.0
Facility_Cost,"(580, 4820)",0.0
Facility_Cost,"(580, 4840)",0.0
Facility_Cost,"(580, 4860)",0.0
Facility_Cost,"(580, 4880)",0.0
Facility_Cost,"(580, 4900)",0.0
Facility_Cost,"(580, 4920)",0.0
Facility_Cost,"(580, 4940)",0.0
Facility_Cost,"(580, 4960)",0.0
Facility_Cost,"(580, 4980)",0.0
Facility_Cost,"(600, 4440)",0.0
Facility_Cost,"(600, 4460)",0.0
Facility_Cost,"(600, 4480)",0.0
Facility_Cost,"(600, 4500)",0.0
Facility_Cost,"(600, 4520)",0.0
Facility_Cost,"(600, 4540)",0.0
Facility_Cost,"(600, 4560)",0.0
Facility_Cost,"(600, 4580)",0.0
Facility_Cost,"(600, 4600)",0.0
Facility_Cost,"(600, 4620)",0.0
Facility_Cost,"(600, 4640)",0.0
Facility_Cost,"(600, 4660)",0.0
Facility_Cost,"(600, 4680)",0.0
Facility_Cost,"(600, 4700)",0.0
Facility_Cost,"(600, 4720)",0.0
Facility_Cost,"(600, 4740)",0.0
Facility_Cost,"(600, 4760)",0.0
Facility_Cost,"(600, 4780)",0.0
Facility_Cost,"(600, 4800)",0.0
Facility_Cost,"(600, 4820)",0.0
Facility_Cost,"(600, 4840)",0.0
Facility_Cost,"(600, 4860)",0.0
Facility_Cost,"(600, 4880)",0.0
Facility_Cost,"(600, 4900)",0.0
Facility_Cost,"(600, 4920)",0.0
Facility_Cost,"(600, 4940)",0.0
Facility_Cost,"(600, 4960)",3889411.8427345688
Facility_Cost,"(600, 4980)",0.0
Facility_Cost,"(620, 4440)",0.0
Facility_Cost,"(620, 4460)",0.0
Facility_Cost,"(620, 4480)",0.0
Facility_Cost,"(620, 4500)",0.0
Facility_Cost,"(620, 4520)",0.0
Facility_Cost,"(620, 4540)",0.0
Facility_Cost,"(620, 4560)",0.0
Facility_Cost,"(620, 4580)",0.0
Facility_Cost,"(620, 4600)",0.0
Facility_Cost,"(620, 4620)",0.0
Facility_Cost,"(620, 4640)",0.0
Facility_Cost,"(620, 4660)",0.0
Facility_Cost,"(620, 4680)",0.0
Facility_Cost,"(620, 4700)",0.0
Facility_Cost,"(620, 4720)",0.0
Facility_Cost,"(620, 4740)",0.0
Facility_Cost,"(620, 4760)",0.0
Facility_Cost,"(620, 4780)",0.0
Facility_Cost,"(620, 4800)",0.0
Facility_Cost,"(620, 4820)",0.0
Facility_Cost,"(620, 4840)",0.0
Facility_Cost,"(620, 4860)",0.0
Facility_Cost,"(620, 4880)",0.0
Facility_Cost,"(620, 4900)",0.0
Facility_Cost,"(620, 4920)",0.0
Facility_Cost,"(620, 4940)",0.0
Facility_Cost,"(620, 4960)",0.0
Facility_Cost,"(620, 4980)",0.0
Facility_Cost,"(640, 4440)",0.0
Facility_Cost,"(640, 4460)",0.0
Facility_Cost,"(640, 4480)",0.0
Facility_Cost,"(640, 4500)",0.0
Facility_Cost,"(640, 4520)",0.0
Facility_Cost,"(640, 4540)",0.0
Facility_Cost,"(640, 4560)",0.0
Facility_Cost,"(640, 4580)",0.0
Facility_Cost,"(640, 4600)",0.0
Facility_Cost,"(640, 4620)",0.0
Facility_Cost,"(640, 4640)",0.0
Facility_Cost,"(640, 4660)",0.0
Facility_Cost,"(640, 4680)",0.0
Facility_Cost,"(640, 4700)",0.0
Facility_Cost,"(640, 4720)",0.0
Facility_Cost,"(640, 4740)",0.0
Facility_Cost,"(640, 4760)",0.0
Facility_Cost,"(640, 4780)",0.0
Facility_Cost,"(640, 4800)",0.0
Facility_Cost,"(640, 4820)",0.0
Facility_Cost,"(640, 4840)",0.0
Facility_Cost,"(640, 4860)",0.0
Facility_Cost,"(640, 4880)",0.0
Facility_Cost,"(640, 4900)",0.0
Facility_Cost,"(640, 4920)",0.0
Facility_Cost,"(640, 4940)",0.0
Facility_Cost,"(640, 4960)",0.0
Facility_Cost,"(640, 4980)",0.0
Facility_Cost,"(660, 4440)",0.0
Facility_Cost,"(660, 4460)",0.0
Facility_Cost,"(660, 4480)",0.0
Facility_Cost,"(660, 4500)",0.0
Facility_Cost,"(660, 4520)",0.0
Facility_Cost,"(660, 4540)",0.0
Facility_Cost,"(660, 4560)",0.0
Facility_Cost,"(660, 4580)",0.0
Facility_Cost,"(660, 4600)",0.0
Facility_Cost,"(660, 4620)",0.0
Facility_Cost,"(660, 4640)",0.0
Facility_Cost,"(660, 4660)",0.0
Facility_Cost,"(660, 4680)",0.0
Facility_Cost,"(660, 4700)",0.0
Facility_Cost,"(660, 4720)",0.0
Facility_Cost,"(660, 4740)",0.0
Facility_Cost,"(660, 4760)",0.0
Facility_Cost,"(660, 4780)",0.0
Facility_Cost,"(660, 4800)",0.0
Facility_Cost,"(660, 4820)",0.0
Facility_Cost,"(660, 4840)",0.0
Facility_Cost,"(660, 4860)",0.0
Facility_Cost,"(660, 4880)",0.0
Facility_Cost,"(660, 4900)",0.0
Facility_Cost,"(660, 4920)",0.0
Facility_Cost,"(660, 4940)",0.0
Facility_Cost,"(660, 4960)",0.0
Facility_Cost,"(660, 4980)",0.0
Facility_Cost,"(680, 4440)",0.0
Facility_Cost,"(680, 4460)",0.0
Facility_Cost,"(680, 4480)",0.0
Facility_Cost,"(680, 4500)",0.0
Facility_Cost,"(680, 4520)",0.0
Facility_Cost,"(680, 4540)",0.0
Facility_Cost,"(680, 4560)",0.0
Facility_Cost,"(680, 4580)",0.0
Facility_Cost,"(680, 4600)",0.0
Facility_Cost,"(680, 4620)",0.0
Facility_Cost,"(680, 4640)",0.0
Facility_Cost,"(680, 4660)",0.0
Facility_Cost,"(680, 4680)",0.0
Facility_Cost,"(680, 4700)",0.0
Facility_Cost,"(680, 4720)",0.0
Facility_Cost,"(680, 4740)",0.0
Facility_Cost,"(680, 4760)",0.0
Facility_Cost,"(680, 4780)",0.0
Facility_Cost,"(680, 4800)",0.0
Facility_Cost,"(680, 4820)",0.0
Facility_Cost,"(680, 4840)",0.0
Facility_Cost,"(680, 4860)",0.0
Facility_Cost,"(680, 4880)",0.0
Facility_Cost,"(680, 4900)",0.0
Facility_Cost,"(680, 4920)",0.0
Facility_Cost,"(680, 4940)",0.0
Facility_Cost,"(680, 4960)",0.0
Facility_Cost,"(680, 4980)",0.0
Variable,Facility_Capacity
Facility_Capacity,"(100, 4440)",0.0
Facility_Capacity,"(100, 4460)",0.0
Facility_Capacity,"(100, 4480)",0.0
Facility_Capacity,"(100, 4500)",0.0
Facility_Capacity,"(100, 4520)",0.0
Facility_Capacity,"(100, 4540)",0.0
Facility_Capacity,"(100, 4560)",0.0
Facility_Capacity,"(100, 4580)",0.0
Facility_Capacity,"(100, 4600)",0.0
Facility_Capacity,"(100, 4620)",0.0
Facility_Capacity,"(100, 4640)",0.0
Facility_Capacity,"(100, 4660)",0.0
Facility_Capacity,"(100, 4680)",0.0
Facility_Capacity,"(100, 4700)",0.0
Facility_Capacity,"(100, 4720)",0.0
Facility_Capacity,"(100, 4740)",0.0
Facility_Capacity,"(100, 4760)",0.0
Facility_Capacity,"(100, 4780)",0.0
Facility_Capacity,"(100, 4800)",0.0
Facility_Capacity,"(100, 4820)",0.0
Facility_Capacity,"(100, 4840)",0.0
Facility_Capacity,"(100, 4860)",0.0
Facility_Capacity,"(100, 4880)",0.0
Facility_Capacity,"(100, 4900)",0.0
Facility_Capacity,"(100, 4920)",0.0
Facility_Capacity,"(100, 4940)",0.0
Facility_Capacity,"(100, 4960)",0.0
Facility_Capacity,"(100, 4980)",0.0
Facility_Capacity,"(120, 4440)",0.0
Facility_Capacity,"(120, 4460)",0.0
Facility_Capacity,"(120, 4480)",0.0
Facility_Capacity,"(120, 4500)",0.0
Facility_Capacity,"(120, 4520)",0.0
Facility_Capacity,"(120, 4540)",0.0
Facility_Capacity,"(120, 4560)",0.0
Facility_Capacity,"(120, 4580)",0.0
Facility_Capacity,"(120, 4600)",0.0
Facility_Capacity,"(120, 4620)",0.0
Facility_Capacity,"(120, 4640)",0.0
Facility_Capacity,"(120, 4660)",0.0
Facility_Capacity,"(120, 4680)",0.0
Facility_Capacity,"(120, 4700)",0.0
Facility_Capacity,"(120, 4720)",0.0
Facility_Capacity,"(120, 4740)",0.0
Facility_Capacity,"(120, 4760)",0.0
Facility_Capacity,"(120, 4780)",0.0
Facility_Capacity,"(120, 4800)",0.0
Facility_Capacity,"(120, 4820)",0.0
Facility_Capacity,"(120, 4840)",0.0
Facility_Capacity,"(120, 4860)",0.0
Facility_Capacity,"(120, 4880)",0.0
Facility_Capacity,"(120, 4900)",0.0
Facility_Capacity,"(120, 4920)",0.0
Facility_Capacity,"(120, 4940)",0.0
Facility_Capacity,"(120, 4960)",0.0
Facility_Capacity,"(120, 4980)",0.0
Facility_Capacity,"(140, 4440)",0.0
Facility_Capacity,"(140, 4460)",0.0
Facility_Capacity,"(140, 4480)",0.0
Facility_Capacity,"(140, 4500)",0.0
Facility_Capacity,"(140, 4520)",0.0
Facility_Capacity,"(140, 4540)",0.0
Facility_Capacity,"(140, 4560)",0.0
Facility_Capacity,"(140, 4580)",0.0
Facility_Capacity,"(140, 4600)",0.0
Facility_Capacity,"(140, 4620)",0.0
Facility_Capacity,"(140, 4640)",0.0
Facility_Capacity,"(140, 4660)",0.0
Facility_Capacity,"(140, 4680)",0.0
Facility_Capacity,"(140, 4700)",0.0
Facility_Capacity,"(140, 4720)",0.0
Facility_Capacity,"(140, 4740)",0.0
Facility_Capacity,"(140, 4760)",0.0
Facility_Capacity,"(140, 4780)",0.0
Facility_Capacity,"(140, 4800)",0.0
Facility_Capacity,"(140, 4820)",0.0
Facility_Capacity,"(140, 4840)",0.0
Facility_Capacity,"(140, 4860)",0.0
Facility_Capacity,"(140, 4880)",0.0
Facility_Capacity,"(140, 4900)",0.0
Facility_Capacity,"(140, 4920)",0.0
Facility_Capacity,"(140, 4940)",0.0
Facility_Capacity,"(140, 4960)",0.0
Facility_Capacity,"(140, 4980)",0.0
Facility_Capacity,"(160, 4440)",0.0
Facility_Capacity,"(160, 4460)",0.0
Facility_Capacity,"(160, 4480)",0.0
Facility_Capacity,"(160, 4500)",0.0
Facility_Capacity,"(160, 4520)",0.0
Facility_Capacity,"(160, 4540)",0.0
Facility_Capacity,"(160, 4560)",0.0
Facility_Capacity,"(160, 4580)",0.0
Facility_Capacity,"(160, 4600)",0.0
Facility_Capacity,"(160, 4620)",0.0
Facility_Capacity,"(160, 4640)",0.0
Facility_Capacity,"(160, 4660)",0.0
Facility_Capacity,"(160, 4680)",0.0
Facility_Capacity,"(160, 4700)",0.0
Facility_Capacity,"(160, 4720)",0.0
Facility_Capacity,"(160, 4740)",0.0
Facility_Capacity,"(160, 4760)",0.0
Facility_Capacity,"(160, 4780)",0.0
Facility_Capacity,"(160, 4800)",0.0
Facility_Capacity,"(160, 4820)",0.0
Facility_Capacity,"(160, 4840)",0.0
Facility_Capacity,"(160, 4860)",0.0
Facility_Capacity,"(160, 4880)",0.0
Facility_Capacity,"(160, 4900)",0.0
Facility_Capacity,"(160, 4920)",0.0
Facility_Capacity,"(160, 4940)",0.0
Facility_Capacity,"(160, 4960)",0.0
Facility_Capacity,"(160, 4980)",0.0
Facility_Capacity,"(180, 4440)",0.0
Facility_Capacity,"(180, 4460)",0.0
Facility_Capacity,"(180, 4480)",0.0
Facility_Capacity,"(180, 4500)",0.0
Facility_Capacity,"(180, 4520)",0.0
Facility_Capacity,"(180, 4540)",0.0
Facility_Capacity,"(180, 4560)",0.0
Facility_Capacity,"(180, 4580)",0.0
Facility_Capacity,"(180, 4600)",0.0
Facility_Capacity,"(180, 4620)",0.0
Facility_Capacity,"(180, 4640)",0.0
Facility_Capacity,"(180, 4660)",0.0
Facility_Capacity,"(180, 4680)",0.0
Facility_Capacity,"(180, 4700)",0.0
Facility_Capacity,"(180, 4720)",0.0
Facility_Capacity,"(180, 4740)",0.0
Facility_Capacity,"(180, 4760)",0.0
Facility_Capacity,"(180, 4780)",0.0
Facility_Capacity,"(180, 4800)",0.0
Facility_Capacity,"(180, 4820)",0.0
Facility_Capacity,"(180, 4840)",0.0
Facility_Capacity,"(180, 4860)",0.0
Facility_Capacity,"(180, 4880)",0.0
Facility_Capacity,"(180, 4900)",0.0
Facility_Capacity,"(180, 4920)",0.0
Facility_Capacity,"(180, 4940)",0.0
Facility_Capacity,"(180, 4960)",0.0
Facility_Capacity,"(180, 4980)",0.0
Facility_Capacity,"(200, 4440)",0.0
Facility_Capacity,"(200, 4460)",0.0
Facility_Capacity,"(200, 4480)",0.0
Facility_Capacity,"(200, 4500)",0.0
Facility_Capacity,"(200, 4520)",0.0
Facility_Capacity,"(200, 4540)",0.0
Facility_Capacity,"(200, 4560)",0.0
Facility_Capacity,"(200, 4580)",0.0
Facility_Capacity,"(200, 4600)",0.0
Facility_Capacity,"(200, 4620)",0.0
Facility_Capacity,"(200, 4640)",0.0
Facility_Capacity,"(200, 4660)",0.0
Facility_Capacity,"(200, 4680)",0.0
Facility_Capacity,"(200, 4700)",0.0
Facility_Capacity,"(200, 4720)",0.0
Facility_Capacity,"(200, 4740)",0.0
Facility_Capacity,"(200, 4760)",0.0
Facility_Capacity,"(200, 4780)",0.0
Facility_Capacity,"(200, 4800)",0.0
Facility_Capacity,"(200, 4820)",0.0
Facility_Capacity,"(200, 4840)",0.0
Facility_Capacity,"(200, 4860)",0.0
Facility_Capacity,"(200, 4880)",0.0
Facility_Capacity,"(200, 4900)",0.0
Facility_Capacity,"(200, 4920)",0.0
Facility_Capacity,"(200, 4940)",0.0
Facility_Capacity,"(200, 4960)",0.0
Facility_Capacity,"(200, 4980)",0.0
Facility_Capacity,"(220, 4440)",0.0
Facility_Capacity,"(220, 4460)",0.0
Facility_Capacity,"(220, 4480)",0.0
Facility_Capacity,"(220, 4500)",0.0
Facility_Capacity,"(220, 4520)",0.0
Facility_Capacity,"(220, 4540)",0.0
Facility_Capacity,"(220, 4560)",0.0
Facility_Capacity,"(220, 4580)",0.0
Facility_Capacity,"(220, 4600)",0.0
Facility_Capacity,"(220, 4620)",0.0
Facility_Capacity,"(220, 4640)",0.0
Facility_Capacity,"(220, 4660)",0.0
Facility_Capacity,"(220, 4680)",0.0
Facility_Capacity,"(220, 4700)",0.0
Facility_Capacity,"(220, 4720)",0.0
Facility_Capacity,"(220, 4740)",0.0
Facility_Capacity,"(220, 4760)",0.0
Facility_Capacity,"(220, 4780)",0.0
Facility_Capacity,"(220, 4800)",0.0
Facility_Capacity,"(220, 4820)",0.0
Facility_Capacity,"(220, 4840)",0.0
Facility_Capacity,"(220, 4860)",0.0
Facility_Capacity,"(220, 4880)",0.0
Facility_Capacity,"(220, 4900)",0.0
Facility_Capacity,"(220, 4920)",0.0
Facility_Capacity,"(220, 4940)",0.0
Facility_Capacity,"(220, 4960)",0.0
Facility_Capacity,"(220, 4980)",0.0
Facility_Capacity,"(240, 4440)",0.0
Facility_Capacity,"(240, 4460)",0.0
Facility_Capacity,"(240, 4480)",0.0
Facility_Capacity,"(240, 4500)",0.0
Facility_Capacity,"(240, 4520)",0.0
Facility_Capacity,"(240, 4540)",0.0
Facility_Capacity,"(240, 4560)",0.0
Facility_Capacity,"(240, 4580)",0.0
Facility_Capacity,"(240, 4600)",0.0
Facility_Capacity,"(240, 4620)",0.0
Facility_Capacity,"(240, 4640)",0.0
Facility_Capacity,"(240, 4660)",0.0
Facility_Capacity,"(240, 4680)",0.0
Facility_Capacity,"(240, 4700)",0.0
Facility_Capacity,"(240, 4720)",0.0
Facility_Capacity,"(240, 4740)",0.0
Facility_Capacity,"(240, 4760)",0.0
Facility_Capacity,"(240, 4780)",0.0
Facility_Capacity,"(240, 4800)",0.0
Facility_Capacity,"(240, 4820)",0.0
Facility_Capacity,"(240, 4840)",0.0
Facility_Capacity,"(240, 4860)",0.0
Facility_Capacity,"(240, 4880)",0.0
Facility_Capacity,"(240, 4900)",0.0
Facility_Capacity,"(240, 4920)",0.0
Facility_Capacity,"(240, 4940)",0.0
Facility_Capacity,"(240, 4960)",0.0
Facility_Capacity,"(240, 4980)",0.0
Facility_Capacity,"(260, 4440)",0.0
Facility_Capacity,"(260, 4460)",0.0
Facility_Capacity,"(260, 4480)",0.0
Facility_Capacity,"(260, 4500)",0.0
Facility_Capacity,"(260, 4520)",0.0
Facility_Capacity,"(260, 4540)",0.0
Facility_Capacity,"(260, 4560)",0.0
Facility_Capacity,"(260, 4580)",0.0
Facility_Capacity,"(260, 4600)",0.0
Facility_Capacity,"(260, 4620)",0.0
Facility_Capacity,"(260, 4640)",0.0
Facility_Capacity,"(260, 4660)",0.0
Facility_Capacity,"(260, 4680)",0.0
Facility_Capacity,"(260, 4700)",0.0
Facility_Capacity,"(260, 4720)",0.0
Facility_Capacity,"(260, 4740)",0.0
Facility_Capacity,"(260, 4760)",0.0
Facility_Capacity,"(260, 4780)",0.0
Facility_Capacity,"(260, 4800)",0.0
Facility_Capacity,"(260, 4820)",0.0
Facility_Capacity,"(260, 4840)",0.0
Facility_Capacity,"(260, 4860)",0.0
Facility_Capacity,"(260, 4880)",0.0
Facility_Capacity,"(260, 4900)",0.0
Facility_Capacity,"(260, 4920)",0.0
Facility_Capacity,"(260, 4940)",0.0
Facility_Capacity,"(260, 4960)",0.0
Facility_Capacity,"(260, 4980)",0.0
Facility_Capacity,"(280, 4440)",0.0
Facility_Capacity,"(280, 4460)",0.0
Facility_Capacity,"(280, 4480)",0.0
Facility_Capacity,"(280, 4500)",0.0
Facility_Capacity,"(280, 4520)",0.0
Facility_Capacity,"(280, 4540)",0.0
Facility_Capacity,"(280, 4560)",0.0
Facility_Capacity,"(280, 4580)",0.0
Facility_Capacity,"(280, 4600)",0.0
Facility_Capacity,"(280, 4620)",0.0
Facility_Capacity,"(280, 4640)",0.0
Facility_Capacity,"(280, 4660)",0.0
Facility_Capacity,"(280, 4680)",0.0
Facility_Capacity,"(280, 4700)",0.0
Facility_Capacity,"(280, 4720)",0.0
Facility_Capacity,"(280, 4740)",0.0
Facility_Capacity,"(280, 4760)",0.0
Facility_Capacity,"(280, 4780)",0.0
Facility_Capacity,"(280, 4800)",0.0
Facility_Capacity,"(280, 4820)",0.0
Facility_Capacity,"(280, 4840)",0.0
Facility_Capacity,"(280, 4860)",0.0
Facility_Capacity,"(280, 4880)",0.0
Facility_Capacity,"(280, 4900)",0.0
Facility_Capacity,"(280, 4920)",0.0
Facility_Capacity,"(280, 4940)",0.0
Facility_Capacity,"(280, 4960)",0.0
Facility_Capacity,"(280, 4980)",0.0
Facility_Capacity,"(300, 4440)",0.0
Facility_Capacity,"(300, 4460)",0.0
Facility_Capacity,"(300, 4480)",0.0
Facility_Capacity,"(300, 4500)",0.0
Facility_Capacity,"(300, 4520)",0.0
Facility_Capacity,"(300, 4540)",0.0
Facility_Capacity,"(300, 4560)",0.0
Facility_Capacity,"(300, 4580)",0.0
Facility_Capacity,"(300, 4600)",0.0
Facility_Capacity,"(300, 4620)",0.0
Facility_Capacity,"(300, 4640)",0.0
Facility_Capacity,"(300, 4660)",0.0
Facility_Capacity,"(300, 4680)",0.0
Facility_Capacity,"(300, 4700)",0.0
Facility_Capacity,"(300, 4720)",0.0
Facility_Capacity,"(300, 4740)",0.0
Facility_Capacity,"(300, 4760)",0.0
Facility_Capacity,"(300, 4780)",0.0
Facility_Capacity,"(300, 4800)",0.0
Facility_Capacity,"(300, 4820)",0.0
Facility_Capacity,"(300, 4840)",0.0
Facility_Capacity,"(300, 4860)",0.0
Facility_Capacity,"(300, 4880)",0.0
Facility_Capacity,"(300, 4900)",0.0
Facility_Capacity,"(300, 4920)",0.0
Facility_Capacity,"(300, 4940)",0.0
Facility_Capacity,"(300, 4960)",0.0
Facility_Capacity,"(300, 4980)",0.0
Facility_Capacity,"(320, 4440)",0.0
Facility_Capacity,"(320, 4460)",0.0
Facility_Capacity,"(320, 4480)",0.0
Facility_Capacity,"(320, 4500)",0.0
Facility_Capacity,"(320, 4520)",0.0
Facility_Capacity,"(320, 4540)",0.0
Facility_Capacity,"(320, 4560)",0.0
Facility_Capacity,"(320, 4580)",0.0
Facility_Capacity,"(320, 4600)",0.0
Facility_Capacity,"(320, 4620)",0.0
Facility_Capacity,"(320, 4640)",0.0
Facility_Capacity,"(320, 4660)",0.0
Facility_Capacity,"(320, 4680)",0.0
Facility_Capacity,"(320, 4700)",0.0
Facility_Capacity,"(320, 4720)",0.0
Facility_Capacity,"(320, 4740)",0.0
Facility_Capacity,"(320, 4760)",0.0
Facility_Capacity,"(320, 4780)",0.0
Facility_Capacity,"(320, 4800)",0.0
Facility_Capacity,"(320, 4820)",0.0
Facility_Capacity,"(320, 4840)",0.0
Facility_Capacity,"(320, 4860)",0.0
Facility_Capacity,"(320, 4880)",0.0
Facility_Capacity,"(320, 4900)",0.0
Facility_Capacity,"(320, 4920)",0.0
Facility_Capacity,"(320, 4940)",0.0
Facility_Capacity,"(320, 4960)",0.0
Facility_Capacity,"(320, 4980)",0.0
Facility_Capacity,"(340, 4440)",0.0
Facility_Capacity,"(340, 4460)",0.0
Facility_Capacity,"(340, 4480)",0.0
Facility_Capacity,"(340, 4500)",0.0
Facility_Capacity,"(340, 4520)",0.0
Facility_Capacity,"(340, 4540)",0.0
Facility_Capacity,"(340, 4560)",0.0
Facility_Capacity,"(340, 4580)",0.0
Facility_Capacity,"(340, 4600)",0.0
Facility_Capacity,"(340, 4620)",0.0
Facility_Capacity,"(340, 4640)",0.0
Facility_Capacity,"(340, 4660)",0.0
Facility_Capacity,"(340, 4680)",0.0
Facility_Capacity,"(340, 4700)",0.0
Facility_Capacity,"(340, 4720)",0.0
Facility_Capacity,"(340, 4740)",0.0
Facility_Capacity,"(340, 4760)",0.0
Facility_Capacity,"(340, 4780)",0.0
Facility_Capacity,"(340, 4800)",0.0
Facility_Capacity,"(340, 4820)",0.0
Facility_Capacity,"(340, 4840)",0.0
Facility_Capacity,"(340, 4860)",0.0
Facility_Capacity,"(340, 4880)",0.0
Facility_Capacity,"(340, 4900)",0.0
Facility_Capacity,"(340, 4920)",0.0
Facility_Capacity,"(340, 4940)",0.0
Facility_Capacity,"(340, 4960)",0.0
Facility_Capacity,"(340, 4980)",0.0
Facility_Capacity,"(360, 4440)",0.0
Facility_Capacity,"(360, 4460)",0.0
Facility_Capacity,"(360, 4480)",0.0
Facility_Capacity,"(360, 4500)",0.0
Facility_Capacity,"(360, 4520)",0.0
Facility_Capacity,"(360, 4540)",0.0
Facility_Capacity,"(360, 4560)",0.0
Facility_Capacity,"(360, 4580)",0.0
Facility_Capacity,"(360, 4600)",0.0
Facility_Capacity,"(360, 4620)",0.0
Facility_Capacity,"(360, 4640)",0.0
Facility_Capacity,"(360, 4660)",0.0
Facility_Capacity,"(360, 4680)",0.0
Facility_Capacity,"(360, 4700)",0.0
Facility_Capacity,"(360, 4720)",0.0
Facility_Capacity,"(360, 4740)",0.0
Facility_Capacity,"(360, 4760)",5947.360000000001
Facility_Capacity,"(360, 4780)",0.0
Facility_Capacity,"(360, 4800)",0.0
Facility_Capacity,"(360, 4820)",0.0
Facility_Capacity,"(360, 4840)",0.0
Facility_Capacity,"(360, 4860)",0.0
Facility_Capacity,"(360, 4880)",0.0
Facility_Capacity,"(360, 4900)",0.0
Facility_Capacity,"(360, 4920)",0.0
Facility_Capacity,"(360, 4940)",0.0
Facility_Capacity,"(360, 4960)",0.0
Facility_Capacity,"(360, 4980)",0.0
Facility_Capacity,"(380, 4440)",0.0
Facility_Capacity,"(380, 4460)",0.0
Facility_Capacity,"(380, 4480)",0.0
Facility_Capacity,"(380, 4500)",0.0
Facility_Capacity,"(380, 4520)",0.0
Facility_Capacity,"(380, 4540)",0.0
Facility_Capacity,"(380, 4560)",0.0
Facility_Capacity,"(380, 4580)",0.0
Facility_Capacity,"(380, 4600)",0.0
Facility_Capacity,"(380, 4620)",0.0
Facility_Capacity,"(380, 4640)",0.0
Facility_Capacity,"(380, 4660)",0.0
Facility_Capacity,"(380, 4680)",0.0
Facility_Capacity,"(380, 4700)",0.0
Facility_Capacity,"(380, 4720)",0.0
Facility_Capacity,"(380, 4740)",0.0
Facility_Capacity,"(380, 4760)",0.0
Facility_Capacity,"(380, 4780)",0.0
Facility_Capacity,"(380, 4800)",0.0
Facility_Capacity,"(380, 4820)",0.0
Facility_Capacity,"(380, 4840)",0.0
Facility_Capacity,"(380, 4860)",0.0
Facility_Capacity,"(380, 4880)",0.0
Facility_Capacity,"(380, 4900)",0.0
Facility_Capacity,"(380, 4920)",0.0
Facility_Capacity,"(380, 4940)",0.0
Facility_Capacity,"(380, 4960)",0.0
Facility_Capacity,"(380, 4980)",0.0
Facility_Capacity,"(400, 4440)",0.0
Facility_Capacity,"(400, 4460)",0.0
Facility_Capacity,"(400, 4480)",0.0
Facility_Capacity,"(400, 4500)",0.0
Facility_Capacity,"(400, 4520)",0.0
Facility_Capacity,"(400, 4540)",0.0
Facility_Capacity,"(400, 4560)",0.0
Facility_Capacity,"(400, 4580)",0.0
Facility_Capacity,"(400, 4600)",0.0
Facility_Capacity,"(400, 4620)",0.0
Facility_Capacity,"(400, 4640)",0.0
Facility_Capacity,"(400, 4660)",0.0
Facility_Capacity,"(400, 4680)",0.0
Facility_Capacity,"(400, 4700)",0.0
Facility_Capacity,"(400, 4720)",0.0
Facility_Capacity,"(400, 4740)",0.0
Facility_Capacity,"(400, 4760)",0.0
Facility_Capacity,"(400, 4780)",0.0
Facility_Capacity,"(400, 4800)",0.0
Facility_Capacity,"(400, 4820)",0.0
Facility_Capacity,"(400, 4840)",0.0
Facility_Capacity,"(400, 4860)",0.0
Facility_Capacity,"(400, 4880)",0.0
Facility_Capacity,"(400, 4900)",0.0
Facility_Capacity,"(400, 4920)",0.0
Facility_Capacity,"(400, 4940)",0.0
Facility_Capacity,"(400, 4960)",0.0
Facility_Capacity,"(400, 4980)",0.0
Facility_Capacity,"(420, 4440)",0.0
Facility_Capacity,"(420, 4460)",0.0
Facility_Capacity,"(420, 4480)",0.0
Facility_Capacity,"(420, 4500)",0.0
Facility_Capacity,"(420, 4520)",0.0
Facility_Capacity,"(420, 4540)",0.0
Facility_Capacity,"(420, 4560)",0.0
Facility_Capacity,"(420, 4580)",0.0
Facility_Capacity,"(420, 4600)",0.0
Facility_Capacity,"(420, 4620)",0.0
Facility_Capacity,"(420, 4640)",0.0
Facility_Capacity,"(420, 4660)",0.0
Facility_Capacity,"(420, 4680)",0.0
Facility_Capacity,"(420, 4700)",0.0
Facility_Capacity,"(420, 4720)",0.0
Facility_Capacity,"(420, 4740)",0.0
Facility_Capacity,"(420, 4760)",0.0
Facility_Capacity,"(420, 4780)",0.0
Facility_Capacity,"(420, 4800)",0.0
Facility_Capacity,"(420, 4820)",0.0
Facility_Capacity,"(420, 4840)",0.0
Facility_Capacity,"(420, 4860)",0.0
Facility_Capacity,"(420, 4880)",0.0
Facility_Capacity,"(420, 4900)",0.0
Facility_Capacity,"(420, 4920)",0.0
Facility_Capacity,"(420, 4940)",0.0
Facility_Capacity,"(420, 4960)",0.0
Facility_Capacity,"(420, 4980)",0.0
Facility_Capacity,"(440, 4440)",0.0
Facility_Capacity,"(440, 4460)",0.0
Facility_Capacity,"(440, 4480)",0.0
Facility_Capacity,"(440, 4500)",0.0
Facility_Capacity,"(440, 4520)",0.0
Facility_Capacity,"(440, 4540)",0.0
Facility_Capacity,"(440, 4560)",0.0
Facility_Capacity,"(440, 4580)",0.0
Facility_Capacity,"(440, 4600)",0.0
Facility_Capacity,"(440, 4620)",0.0
Facility_Capacity,"(440, 4640)",0.0
Facility_Capacity,"(440, 4660)",0.0
Facility_Capacity,"(440, 4680)",0.0
Facility_Capacity,"(440, 4700)",0.0
Facility_Capacity,"(440, 4720)",0.0
Facility_Capacity,"(440, 4740)",0.0
Facility_Capacity,"(440, 4760)",0.0
Facility_Capacity,"(440, 4780)",0.0
Facility_Capacity,"(440, 4800)",0.0
Facility_Capacity,"(440, 4820)",0.0
Facility_Capacity,"(440, 4840)",0.0
Facility_Capacity,"(440, 4860)",0.0
Facility_Capacity,"(440, 4880)",0.0
Facility_Capacity,"(440, 4900)",0.0
Facility_Capacity,"(440, 4920)",0.0
Facility_Capacity,"(440, 4940)",0.0
Facility_Capacity,"(440, 4960)",0.0
Facility_Capacity,"(440, 4980)",0.0
Facility_Capacity,"(460, 4440)",0.0
Facility_Capacity,"(460, 4460)",0.0
Facility_Capacity,"(460, 4480)",0.0
Facility_Capacity,"(460, 4500)",0.0
Facility_Capacity,"(460, 4520)",0.0
Facility_Capacity,"(460, 4540)",0.0
Facility_Capacity,"(460, 4560)",0.0
Facility_Capacity,"(460, 4580)",0.0
Facility_Capacity,"(460, 4600)",0.0
Facility_Capacity,"(460, 4620)",0.0
Facility_Capacity,"(460, 4640)",0.0
Facility_Capacity,"(460, 4660)",0.0
Facility_Capacity,"(460, 4680)",0.0
Facility_Capacity,"(460, 4700)",0.0
Facility_Capacity,"(460, 4720)",0.0
Facility_Capacity,"(460, 4740)",0.0
Facility_Capacity,"(460, 4760)",0.0
Facility_Capacity,"(460, 4780)",0.0
Facility_Capacity,"(460, 4800)",0.0
Facility_Capacity,"(460, 4820)",0.0
Facility_Capacity,"(460, 4840)",0.0
Facility_Capacity,"(460, 4860)",0.0
Facility_Capacity,"(460, 4880)",0.0
Facility_Capacity,"(460, 4900)",0.0
Facility_Capacity,"(460, 4920)",0.0
Facility_Capacity,"(460, 4940)",0.0
Facility_Capacity,"(460, 4960)",0.0
Facility_Capacity,"(460, 4980)",0.0
Facility_Capacity,"(480, 4440)",0.0
Facility_Capacity,"(480, 4460)",0.0
Facility_Capacity,"(480, 4480)",0.0
Facility_Capacity,"(480, 4500)",0.0
Facility_Capacity,"(480, 4520)",0.0
Facility_Capacity,"(480, 4540)",0.0
Facility_Capacity,"(480, 4560)",0.0
Facility_Capacity,"(480, 4580)",0.0
Facility_Capacity,"(480, 4600)",0.0
Facility_Capacity,"(480, 4620)",0.0
Facility_Capacity,"(480, 4640)",0.0
Facility_Capacity,"(480, 4660)",0.0
Facility_Capacity,"(480, 4680)",0.0
Facility_Capacity,"(480, 4700)",0.0
Facility_Capacity,"(480, 4720)",0.0
Facility_Capacity,"(480, 4740)",0.0
Facility_Capacity,"(480, 4760)",0.0
Facility_Capacity,"(480, 4780)",0.0
Facility_Capacity,"(480, 4800)",0.0
Facility_Capacity,"(480, 4820)",0.0
Facility_Capacity,"(480, 4840)",0.0
Facility_Capacity,"(480, 4860)",0.0
Facility_Capacity,"(480, 4880)",0.0
Facility_Capacity,"(480, 4900)",0.0
Facility_Capacity,"(480, 4920)",0.0
Facility_Capacity,"(480, 4940)",0.0
Facility_Capacity,"(480, 4960)",0.0
Facility_Capacity,"(480, 4980)",0.0
Facility_Capacity,"(500, 4440)",0.0
Facility_Capacity,"(500, 4460)",0.0
Facility_Capacity,"(500, 4480)",0.0
Facility_Capacity,"(500, 4500)",0.0
Facility_Capacity,"(500, 4520)",0.0
Facility_Capacity,"(500, 4540)",0.0
Facility_Capacity,"(500, 4560)",0.0
Facility_Capacity,"(500, 4580)",0.0
Facility_Capacity,"(500, 4600)",0.0
Facility_Capacity,"(500, 4620)",0.0
Facility_Capacity,"(500, 4640)",0.0
Facility_Capacity,"(500, 4660)",0.0
Facility_Capacity,"(500, 4680)",0.0
Facility_Capacity,"(500, 4700)",0.0
Facility_Capacity,"(500, 4720)",0.0
Facility_Capacity,"(500, 4740)",0.0
Facility_Capacity,"(500, 4760)",0.0
Facility_Capacity,"(500, 4780)",0.0
Facility_Capacity,"(500, 4800)",0.0
Facility_Capacity,"(500, 4820)",0.0
Facility_Capacity,"(500, 4840)",0.0
Facility_Capacity,"(500, 4860)",0.0
Facility_Capacity,"(500, 4880)",0.0
Facility_Capacity,"(500, 4900)",0.0
Facility_Capacity,"(500, 4920)",0.0
Facility_Capacity,"(500, 4940)",0.0
Facility_Capacity,"(500, 4960)",0.0
Facility_Capacity,"(500, 4980)",0.0
Facility_Capacity,"(520, 4440)",0.0
Facility_Capacity,"(520, 4460)",0.0
Facility_Capacity,"(520, 4480)",0.0
Facility_Capacity,"(520, 4500)",0.0
Facility_Capacity,"(520, 4520)",0.0
Facility_Capacity,"(520, 4540)",0.0
Facility_Capacity,"(520, 4560)",0.0
Facility_Capacity,"(520, 4580)",0.0
Facility_Capacity,"(520, 4600)",0.0
Facility_Capacity,"(520, 4620)",0.0
Facility_Capacity,"(520, 4640)",0.0
Facility_Capacity,"(520, 4660)",0.0
Facility_Capacity,"(520, 4680)",0.0
Facility_Capacity,"(520, 4700)",0.0
Facility_Capacity,"(520, 4720)",0.0
Facility_Capacity,"(520, 4740)",0.0
Facility_Capacity,"(520, 4760)",0.0
Facility_Capacity,"(520, 4780)",0.0
Facility_Capacity,"(520, 4800)",0.0
Facility_Capacity,"(520, 4820)",0.0
Facility_Capacity,"(520, 4840)",0.0
Facility_Capacity,"(520, 4860)",0.0
Facility_Capacity,"(520, 4880)",0.0
Facility_Capacity,"(520, 4900)",0.0
Facility_Capacity,"(520, 4920)",0.0
Facility_Capacity,"(520, 4940)",0.0
Facility_Capacity,"(520, 4960)",0.0
Facility_Capacity,"(520, 4980)",0.0
Facility_Capacity,"(540, 4440)",0.0
Facility_Capacity,"(540, 4460)",0.0
Facility_Capacity,"(540, 4480)",0.0
Facility_Capacity,"(540, 4500)",0.0
Facility_Capacity,"(540, 4520)",0.0
Facility_Capacity,"(540, 4540)",0.0
Facility_Capacity,"(540, 4560)",0.0
Facility_Capacity,"(540, 4580)",0.0
Facility_Capacity,"(540, 4600)",0.0
Facility_Capacity,"(540, 4620)",0.0
Facility_Capacity,"(540, 4640)",0.0
Facility_Capacity,"(540, 4660)",0.0
Facility_Capacity,"(540, 4680)",0.0
Facility_Capacity,"(540, 4700)",0.0
Facility_Capacity,"(540, 4720)",0.0
Facility_Capacity,"(540, 4740)",0.0
Facility_Capacity,"(540, 4760)",0.0
Facility_Capacity,"(540, 4780)",0.0
Facility_Capacity,"(540, 4800)",0.0
Facility_Capacity,"(540, 4820)",0.0
Facility_Capacity,"(540, 4840)",0.0
Facility_Capacity,"(540, 4860)",0.0
Facility_Capacity,"(540, 4880)",0.0
Facility_Capacity,"(540, 4900)",0.0
Facility_Capacity,"(540, 4920)",0.0
Facility_Capacity,"(540, 4940)",0.0
Facility_Capacity,"(540, 4960)",0.0
Facility_Capacity,"(540, 4980)",0.0
Facility_Capacity,"(560, 4440)",0.0
Facility_Capacity,"(560, 4460)",0.0
Facility_Capacity,"(560, 4480)",0.0
Facility_Capacity,"(560, 4500)",0.0
Facility_Capacity,"(560, 4520)",0.0
Facility_Capacity,"(560, 4540)",0.0
Facility_Capacity,"(560, 4560)",0.0
Facility_Capacity,"(560, 4580)",0.0
Facility_Capacity,"(560, 4600)",250.0
Facility_Capacity,"(560, 4620)",0.0
Facility_Capacity,"(560, 4640)",0.0
Facility_Capacity,"(560, 4660)",0.0
Facility_Capacity,"(560, 4680)",0.0
Facility_Capacity,"(560, 4700)",0.0
Facility_Capacity,"(560, 4720)",0.0
Facility_Capacity,"(560, 4740)",0.0
Facility_Capacity,"(560, 4760)",0.0
Facility_Capacity,"(560, 4780)",0.0
Facility_Capacity,"(560, 4800)",0.0
Facility_Capacity,"(560, 4820)",0.0
Facility_Capacity,"(560, 4840)",0.0
Facility_Capacity,"(560, 4860)",0.0
Facility_Capacity,"(560, 4880)",0.0
Facility_Capacity,"(560, 4900)",0.0
Facility_Capacity,"(560, 4920)",0.0
Facility_Capacity,"(560, 4940)",0.0
Facility_Capacity,"(560, 4960)",0.0
Facility_Capacity,"(560, 4980)",0.0
Facility_Capacity,"(580, 4440)",0.0
Facility_Capacity,"(580, 4460)",0.0
Facility_Capacity,"(580, 4480)",0.0
Facility_Capacity,"(580, 4500)",0.0
Facility_Capacity,"(580, 4520)",0.0
Facility_Capacity,"(580, 4540)",0.0
Facility_Capacity,"(580, 4560)",0.0
Facility_Capacity,"(580, 4580)",0.0
Facility_Capacity,"(580, 4600)",0.0
Facility_Capacity,"(580, 4620)",0.0
Facility_Capacity,"(580, 4640)",0.0
Facility_Capacity,"(580, 4660)",0.0
Facility_Capacity,"(580, 4680)",0.0
Facility_Capacity,"(580, 4700)",0.0
Facility_Capacity,"(580, 4720)",0.0
Facility_Capacity,"(580, 4740)",0.0
Facility_Capacity,"(580, 4760)",0.0
Facility_Capacity,"(580, 4780)",0.0
Facility_Capacity,"(580, 4800)",0.0
Facility_Capacity,"(580, 4820)",0.0
Facility_Capacity,"(580, 4840)",0.0
Facility_Capacity,"(580, 4860)",0.0
Facility_Capacity,"(580, 4880)",0.0
Facility_Capacity,"(580, 4900)",0.0
Facility_Capacity,"(580, 4920)",0.0
Facility_Capacity,"(580, 4940)",0.0
Facility_Capacity,"(580, 4960)",0.0
Facility_Capacity,"(580, 4980)",0.0
Facility_Capacity,"(600, 4440)",0.0
Facility_Capacity,"(600, 4460)",0.0
Facility_Capacity,"(600, 4480)",0.0
Facility_Capacity,"(600, 4500)",0.0
Facility_Capacity,"(600, 4520)",0.0
Facility_Capacity,"(600, 4540)",0.0
Facility_Capacity,"(600, 4560)",0.0
Facility_Capacity,"(600, 4580)",0.0
Facility_Capacity,"(600, 4600)",0.0
Facility_Capacity,"(600, 4620)",0.0
Facility_Capacity,"(600, 4640)",0.0
Facility_Capacity,"(600, 4660)",0.0
Facility_Capacity,"(600, 4680)",0.0
Facility_Capacity,"(600, 4700)",0.0
Facility_Capacity,"(600, 4720)",0.0
Facility_Capacity,"(600, 4740)",0.0
Facility_Capacity,"(600, 4760)",0.0
Facility_Capacity,"(600, 4780)",0.0
Facility_Capacity,"(600, 4800)",0.0
Facility_Capacity,"(600, 4820)",0.0
Facility_Capacity,"(600, 4840)",0.0
Facility_Capacity,"(600, 4860)",0.0
Facility_Capacity,"(600, 4880)",0.0
Facility_Capacity,"(600, 4900)",0.0
Facility_Capacity,"(600, 4920)",0.0
Facility_Capacity,"(600, 4940)",0.0
Facility_Capacity,"(600, 4960)",1046.0900000000001
Facility_Capacity,"(600, 4980)",0.0
Facility_Capacity,"(620, 4440)",0.0
Facility_Capacity,"(620, 4460)",0.0
Facility_Capacity,"(620, 4480)",0.0
Facility_Capacity,"(620, 4500)",0.0
Facility_Capacity,"(620, 4520)",0.0
Facility_Capacity,"(620, 4540)",0.0
Facility_Capacity,"(620, 4560)",0.0
Facility_Capacity,"(620, 4580)",0.0
Facility_Capacity,"(620, 4600)",0.0
Facility_Capacity,"(620, 4620)",0.0
Facility_Capacity,"(620, 4640)",0.0
Facility_Capacity,"(620, 4660)",0.0
Facility_Capacity,"(620, 4680)",0.0
Facility_Capacity,"(620, 4700)",0.0
Facility_Capacity,"(620, 4720)",0.0
Facility_Capacity,"(620, 4740)",0.0
Facility_Capacity,"(620, 4760)",0.0
Facility_Capacity,"(620, 4780)",0.0
Facility_Capacity,"(620, 4800)",0.0
Facility_Capacity,"(620, 4820)",0.0
Facility_Capacity,"(620, 4840)",0.0
Facility_Capacity,"(620, 4860)",0.0
Facility_Capacity,"(620, 4880)",0.0
Facility_Capacity,"(620, 4900)",0.0
Facility_Capacity,"(620, 4920)",0.0
Facility_Capacity,"(620, 4940)",0.0
Facility_Capacity,"(620, 4960)",0.0
Facility_Capacity,"(620, 4980)",0.0
Facility_Capacity,"(640, 4440)",0.0
Facility_Capacity,"(640, 4460)",0.0
Facility_Capacity,"(640, 4480)",0.0
Facility_Capacity,"(640, 4500)",0.0
Facility_Capacity,"(640, 4520)",0.0
Facility_Capacity,"(640, 4540)",0.0
Facility_Capacity,"(640, 4560)",0.0
Facility_Capacity,"(640, 4580)",0.0
Facility_Capacity,"(640, 4600)",0.0
Facility_Capacity,"(640, 4620)",0.0
Facility_Capacity,"(640, 4640)",0.0
Facility_Capacity,"(640, 4660)",0.0
Facility_Capacity,"(640, 4680)",0.0
Facility_Capacity,"(640, 4700)",0.0
Facility_Capacity,"(640, 4720)",0.0
Facility_Capacity,"(640, 4740)",0.0
Facility_Capacity,"(640, 4760)",0.0
Facility_Capacity,"(640, 4780)",0.0
Facility_Capacity,"(640, 4800)",0.0
Facility_Capacity,"(640, 4820)",0.0
Facility_Capacity,"(640, 4840)",0.0
Facility_Capacity,"(640, 4860)",0.0
Facility_Capacity,"(640, 4880)",0.0
Facility_Capacity,"(640, 4900)",0.0
Facility_Capacity,"(640, 4920)",0.0
Facility_Capacity,"(640, 4940)",0.0
Facility_Capacity,"(640, 4960)",0.0
Facility_Capacity,"(640, 4980)",0.0
Facility_Capacity,"(660, 4440)",0.0
Facility_Capacity,"(660, 4460)",0.0
Facility_Capacity,"(660, 4480)",0.0
Facility_Capacity,"(660, 4500)",0.0
Facility_Capacity,"(660, 4520)",0.0
Facility_Capacity,"(660, 4540)",0.0
Facility_Capacity,"(660, 4560)",0.0
Facility_Capacity,"(660, 4580)",0.0
Facility_Capacity,"(660, 4600)",0.0
Facility_Capacity,"(660, 4620)",0.0
Facility_Capacity,"(660, 4640)",0.0
Facility_Capacity,"(660, 4660)",0.0
Facility_Capacity,"(660, 4680)",0.0
Facility_Capacity,"(660, 4700)",0.0
Facility_Capacity,"(660, 4720)",0.0
Facility_Capacity,"(660, 4740)",0.0
Facility_Capacity,"(660, 4760)",0.0
Facility_Capacity,"(660, 4780)",0.0
Facility_Capacity,"(660, 4800)",0.0
Facility_Capacity,"(660, 4820)",0.0
Facility_Capacity,"(660, 4840)",0.0
Facility_Capacity,"(660, 4860)",0.0
Facility_Capacity,"(660, 4880)",0.0
Facility_Capacity,"(660, 4900)",0.0
Facility_Capacity,"(660, 4920)",0.0
Facility_Capacity,"(660, 4940)",0.0
Facility_Capacity,"(660, 4960)",0.0
Facility_Capacity,"(660, 4980)",0.0
Facility_Capacity,"(680, 4440)",0.0
Facility_Capacity,"(680, 4460)",0.0
Facility_Capacity,"(680, 4480)",0.0
Facility_Capacity,"(680, 4500)",0.0
Facility_Capacity,"(680, 4520)",0.0
Facility_Capacity,"(680, 4540)",0.0
Facility_Capacity,"(680, 4560)",0.0
Facility_Capacity,"(680, 4580)",0.0
Facility_Capacity,"(680, 4600)",0.0
Facility_Capacity,"(680, 4620)",0.0
Facility_Capacity,"(680, 4640)",0.0
Facility_Capacity,"(680, 4660)",0.0
Facility_Capacity,"(680, 4680)",0.0
Facility_Capacity,"(680, 4700)",0.0
Facility_Capacity,"(680, 4720)",0.0
Facility_Capacity,"(680, 4740)",0.0
Facility_Capacity,"(680, 4760)",0.0
Facility_Capacity,"(680, 4780)",0.0
Facility_Capacity,"(680, 4800)",0.0
Facility_Capacity,"(680, 4820)",0.0
Facility_Capacity,"(680, 4840)",0.0
Facility_Capacity,"(680, 4860)",0.0
Facility_Capacity,"(680, 4880)",0.0
Facility_Capacity,"(680, 4900)",0.0
Facility_Capacity,"(680, 4920)",0.0
Facility_Capacity,"(680, 4940)",0.0
Facility_Capacity,"(680, 4960)",0.0
Facility_Capacity,"(680, 4980)",0.0
Variable,Amount_shipped
Amount_shipped,"(100, 4440, 604, 4556, 10.77)",0.0
Amount_shipped,"(100, 4440, 545, 4715, 11.01)",0.0
Amount_shipped,"(100, 4440, 598, 4885, 11.15)",0.0
Amount_shipped,"(100, 4440, 622, 4729, 11.5)",0.0
Amount_shipped,"(100, 4440, 136, 4692, 11.61)",0.0
Amount_shipped,"(100, 4440, 494, 4926, 11.95)",0.0
Amount_shipped,"(100, 4440, 627, 4796, 12.52)",0.0
Amount_shipped,"(100, 4440, 604, 4624, 12.57)",0.0
Amount_shipped,"(100, 4440, 497, 4720, 12.7)",0.0
Amount_shipped,"(100, 4440, 503, 4807, 16.06)",0.0
Amount_shipped,"(100, 4440, 612, 4678, 16.32)",0.0
Amount_shipped,"(100, 4440, 345, 4695, 23.25)",0.0
Amount_shipped,"(100, 4440, 696, 4535, 23.59)",0.0
Amount_shipped,"(100, 4440, 250, 4682, 28.56)",0.0
Amount_shipped,"(100, 4440, 572, 4680, 30.45)",0.0
Amount_shipped,"(100, 4440, 371, 4764, 52.72)",0.0
Amount_shipped,"(100, 4440, 312, 4747, 62.13)",0.0
Amount_shipped,"(100, 4440, 417, 4874, 76.13)",0.0
Amount_shipped,"(100, 4440, 350, 4738, 111.96)",0.0
Amount_shipped,"(100, 4440, 327, 4722, 125.89)",0.0
Amount_shipped,"(100, 4440, 555, 4937, 127.49)",0.0
Amount_shipped,"(100, 4440, 239, 4765, 151.68)",0.0
Amount_shipped,"(100, 4440, 558, 4583, 208.94)",0.0
Amount_shipped,"(100, 4440, 592, 4773, 272.69)",0.0
Amount_shipped,"(100, 4440, 303, 4682, 594.76)",0.0
Amount_shipped,"(100, 4440, 519, 4618, 758.82)",0.0
Amount_shipped,"(100, 4440, 190, 4740, 907.18)",0.0
Amount_shipped,"(100, 4440, 604, 4955, 907.45)",0.0
Amount_shipped,"(100, 4440, 334, 4799, 1285.48)",0.0
Amount_shipped,"(100, 4440, 402, 4762, 1356.12)",0.0
Amount_shipped,"(100, 4460, 604, 4556, 10.77)",0.0
Amount_shipped,"(100, 4460, 545, 4715, 11.01)",0.0
Amount_shipped,"(100, 4460, 598, 4885, 11.15)",0.0
Amount_shipped,"(100, 4460, 622, 4729, 11.5)",0.0
Amount_shipped,"(100, 4460, 136, 4692, 11.61)",0.0
Amount_shipped,"(100, 4460, 494, 4926, 11.95)",0.0
Amount_shipped,"(100, 4460, 627, 4796, 12.52)",0.0
Amount_shipped,"(100, 4460, 604, 4624, 12.57)",0.0
Amount_shipped,"(100, 4460, 497, 4720, 12.7)",0.0
Amount_shipped,"(100, 4460, 503, 4807, 16.06)",0.0
Amount_shipped,"(100, 4460, 612, 4678, 16.32)",0.0
Amount_shipped,"(100, 4460, 345, 4695, 23.25)",0.0
Amount_shipped,"(100, 4460, 696, 4535, 23.59)",0.0
Amount_shipped,"(100, 4460, 250, 4682, 28.56)",0.0
Amount_shipped,"(100, 4460, 572, 4680, 30.45)",0.0
Amount_shipped,"(100, 4460, 371, 4764, 52.72)",0.0
Amount_shipped,"(100, 4460, 312, 4747, 62.13)",0.0
Amount_shipped,"(100, 4460, 417, 4874, 76.13)",0.0
Amount_shipped,"(100, 4460, 350, 4738, 111.96)",0.0
Amount_shipped,"(100, 4460, 327, 4722, 125.89)",0.0
Amount_shipped,"(100, 4460, 555, 4937, 127.49)",0.0
Amount_shipped,"(100, 4460, 239, 4765, 151.68)",0.0
Amount_shipped,"(100, 4460, 558, 4583, 208.94)",0.0
Amount_shipped,"(100, 4460, 592, 4773, 272.69)",0.0
Amount_shipped,"(100, 4460, 303, 4682, 594.76)",0.0
Amount_shipped,"(100, 4460, 519, 4618, 758.82)",0.0
Amount_shipped,"(100, 4460, 190, 4740, 907.18)",0.0
Amount_shipped,"(100, 4460, 604, 4955, 907.45)",0.0
Amount_shipped,"(100, 4460, 334, 4799, 1285.48)",0.0
Amount_shipped,"(100, 4460, 402, 4762, 1356.12)",0.0
Amount_shipped,"(100, 4480, 604, 4556, 10.77)",0.0
Amount_shipped,"(100, 4480, 545, 4715, 11.01)",0.0
Amount_shipped,"(100, 4480, 598, 4885, 11.15)",0.0
Amount_shipped,"(100, 4480, 622, 4729, 11.5)",0.0
Amount_shipped,"(100, 4480, 136, 4692, 11.61)",0.0
Amount_shipped,"(100, 4480, 494, 4926, 11.95)",0.0
Amount_shipped,"(100, 4480, 627, 4796, 12.52)",0.0
Amount_shipped,"(100, 4480, 604, 4624, 12.57)",0.0
Amount_shipped,"(100, 4480, 497, 4720, 12.7)",0.0
Amount_shipped,"(100, 4480, 503, 4807, 16.06)",0.0
Amount_shipped,"(100, 4480, 612, 4678, 16.32)",0.0
Amount_shipped,"(100, 4480, 345, 4695, 23.25)",0.0
Amount_shipped,"(100, 4480, 696, 4535, 23.59)",0.0
Amount_shipped,"(100, 4480, 250, 4682, 28.56)",0.0
Amount_shipped,"(100, 4480, 572, 4680, 30.45)",0.0
Amount_shipped,"(100, 4480, 371, 4764, 52.72)",0.0
Amount_shipped,"(100, 4480, 312, 4747, 62.13)",0.0
Amount_shipped,"(100, 4480, 417, 4874, 76.13)",0.0
Amount_shipped,"(100, 4480, 350, 4738, 111.96)",0.0
Amount_shipped,"(100, 4480, 327, 4722, 125.89)",0.0
Amount_shipped,"(100, 4480, 555, 4937, 127.49)",0.0
Amount_shipped,"(100, 4480, 239, 4765, 151.68)",0.0
Amount_shipped,"(100, 4480, 558, 4583, 208.94)",0.0
Amount_shipped,"(100, 4480, 592, 4773, 272.69)",0.0
Amount_shipped,"(100, 4480, 303, 4682, 594.76)",0.0
Amount_shipped,"(100, 4480, 519, 4618, 758.82)",0.0
Amount_shipped,"(100, 4480, 190, 4740, 907.18)",0.0
Amount_shipped,"(100, 4480, 604, 4955, 907.45)",0.0
Amount_shipped,"(100, 4480, 334, 4799, 1285.48)",0.0
Amount_shipped,"(100, 4480, 402, 4762, 1356.12)",0.0
Amount_shipped,"(100, 4500, 604, 4556, 10.77)",0.0
Amount_shipped,"(100, 4500, 545, 4715, 11.01)",0.0
Amount_shipped,"(100, 4500, 598, 4885, 11.15)",0.0
Amount_shipped,"(100, 4500, 622, 4729, 11.5)",0.0
Amount_shipped,"(100, 4500, 136, 4692, 11.61)",0.0
Amount_shipped,"(100, 4500, 494, 4926, 11.95)",0.0
Amount_shipped,"(100, 4500, 627, 4796, 12.52)",0.0
Amount_shipped,"(100, 4500, 604, 4624, 12.57)",0.0
Amount_shipped,"(100, 4500, 497, 4720, 12.7)",0.0
Amount_shipped,"(100, 4500, 503, 4807, 16.06)",0.0
Amount_shipped,"(100, 4500, 612, 4678, 16.32)",0.0
Amount_shipped,"(100, 4500, 345, 4695, 23.25)",0.0
Amount_shipped,"(100, 4500, 696, 4535, 23.59)",0.0
Amount_shipped,"(100, 4500, 250, 4682, 28.56)",0.0
Amount_shipped,"(100, 4500, 572, 4680, 30.45)",0.0
Amount_shipped,"(100, 4500, 371, 4764, 52.72)",0.0
Amount_shipped,"(100, 4500, 312, 4747, 62.13)",0.0
Amount_shipped,"(100, 4500, 417, 4874, 76.13)",0.0
Amount_shipped,"(100, 4500, 350, 4738, 111.96)",0.0
Amount_shipped,"(100, 4500, 327, 4722, 125.89)",0.0
Amount_shipped,"(100, 4500, 555, 4937, 127.49)",0.0
Amount_shipped,"(100, 4500, 239, 4765, 151.68)",0.0
Amount_shipped,"(100, 4500, 558, 4583, 208.94)",0.0
Amount_shipped,"(100, 4500, 592, 4773, 272.69)",0.0
Amount_shipped,"(100, 4500, 303, 4682, 594.76)",0.0
Amount_shipped,"(100, 4500, 519, 4618, 758.82)",0.0
Amount_shipped,"(100, 4500, 190, 4740, 907.18)",0.0
Amount_shipped,"(100, 4500, 604, 4955, 907.45)",0.0
Amount_shipped,"(100, 4500, 334, 4799, 1285.48)",0.0
Amount_shipped,"(100, 4500, 402, 4762, 1356.12)",0.0
Amount_shipped,"(100, 4520, 604, 4556, 10.77)",0.0
Amount_shipped,"(100, 4520, 545, 4715, 11.01)",0.0
Amount_shipped,"(100, 4520, 598, 4885, 11.15)",0.0
Amount_shipped,"(100, 4520, 622, 4729, 11.5)",0.0
Amount_shipped,"(100, 4520, 136, 4692, 11.61)",0.0
Amount_shipped,"(100, 4520, 494, 4926, 11.95)",0.0
Amount_shipped,"(100, 4520, 627, 4796, 12.52)",0.0
Amount_shipped,"(100, 4520, 604, 4624, 12.57)",0.0
Amount_shipped,"(100, 4520, 497, 4720, 12.7)",0.0
Amount_shipped,"(100, 4520, 503, 4807, 16.06)",0.0
Amount_shipped,"(100, 4520, 612, 4678, 16.32)",0.0
Amount_shipped,"(100, 4520, 345, 4695, 23.25)",0.0
Amount_shipped,"(100, 4520, 696, 4535, 23.59)",0.0
Amount_shipped,"(100, 4520, 250, 4682, 28.56)",0.0
Amount_shipped,"(100, 4520, 572, 4680, 30.45)",0.0
Amount_shipped,"(100, 4520, 371, 4764, 52.72)",0.0
Amount_shipped,"(100, 4520, 312, 4747, 62.13)",0.0
Amount_shipped,"(100, 4520, 417, 4874, 76.13)",0.0
Amount_shipped,"(100, 4520, 350, 4738, 111.96)",0.0
Amount_shipped,"(100, 4520, 327, 4722, 125.89)",0.0
Amount_shipped,"(100, 4520, 555, 4937, 127.49)",0.0
Amount_shipped,"(100, 4520, 239, 4765, 151.68)",0.0
Amount_shipped,"(100, 4520, 558, 4583, 208.94)",0.0
Amount_shipped,"(100, 4520, 592, 4773, 272.69)",0.0
Amount_shipped,"(100, 4520, 303, 4682, 594.76)",0.0
Amount_shipped,"(100, 4520, 519, 4618, 758.82)",0.0
Amount_shipped,"(100, 4520, 190, 4740, 907.18)",0.0
Amount_shipped,"(100, 4520, 604, 4955, 907.45)",0.0
Amount_shipped,"(100, 4520, 334, 4799, 1285.48)",0.0
Amount_shipped,"(100, 4520, 402, 4762, 1356.12)",0.0
Amount_shipped,"(100, 4540, 604, 4556, 10.77)",0.0
Amount_shipped,"(100, 4540, 545, 4715, 11.01)",0.0
Amount_shipped,"(100, 4540, 598, 4885, 11.15)",0.0
Amount_shipped,"(100, 4540, 622, 4729, 11.5)",0.0
Amount_shipped,"(100, 4540, 136, 4692, 11.61)",0.0
Amount_shipped,"(100, 4540, 494, 4926, 11.95)",0.0
Amount_shipped,"(100, 4540, 627, 4796, 12.52)",0.0
Amount_shipped,"(100, 4540, 604, 4624, 12.57)",0.0
Amount_shipped,"(100, 4540, 497, 4720, 12.7)",0.0
Amount_shipped,"(100, 4540, 503, 4807, 16.06)",0.0
Amount_shipped,"(100, 4540, 612, 4678, 16.32)",0.0
Amount_shipped,"(100, 4540, 345, 4695, 23.25)",0.0
Amount_shipped,"(100, 4540, 696, 4535, 23.59)",0.0
Amount_shipped,"(100, 4540, 250, 4682, 28.56)",0.0
Amount_shipped,"(100, 4540, 572, 4680, 30.45)",0.0
Amount_shipped,"(100, 4540, 371, 4764, 52.72)",0.0
Amount_shipped,"(100, 4540, 312, 4747, 62.13)",0.0
Amount_shipped,"(100, 4540, 417, 4874, 76.13)",0.0
Amount_shipped,"(100, 4540, 350, 4738, 111.96)",0.0
Amount_shipped,"(100, 4540, 327, 4722, 125.89)",0.0
Amount_shipped,"(100, 4540, 555, 4937, 127.49)",0.0
Amount_shipped,"(100, 4540, 239, 4765, 151.68)",0.0
Amount_shipped,"(100, 4540, 558, 4583, 208.94)",0.0
Amount_shipped,"(100, 4540, 592, 4773, 272.69)",0.0
Amount_shipped,"(100, 4540, 303, 4682, 594.76)",0.0
Amount_shipped,"(100, 4540, 519, 4618, 758.82)",0.0
Amount_shipped,"(100, 4540, 190, 4740, 907.18)",0.0
Amount_shipped,"(100, 4540, 604, 4955, 907.45)",0.0
Amount_shipped,"(100, 4540, 334, 4799, 1285.48)",0.0
Amount_shipped,"(100, 4540, 402, 4762, 1356.12)",0.0
Amount_shipped,"(100, 4560, 604, 4556, 10.77)",0.0
Amount_shipped,"(100, 4560, 545, 4715, 11.01)",0.0
Amount_shipped,"(100, 4560, 598, 4885, 11.15)",0.0
Amount_shipped,"(100, 4560, 622, 4729, 11.5)",0.0
Amount_shipped,"(100, 4560, 136, 4692, 11.61)",0.0
Amount_shipped,"(100, 4560, 494, 4926, 11.95)",0.0
Amount_shipped,"(100, 4560, 627, 4796, 12.52)",0.0
Amount_shipped,"(100, 4560, 604, 4624, 12.57)",0.0
Amount_shipped,"(100, 4560, 497, 4720, 12.7)",0.0
Amount_shipped,"(100, 4560, 503, 4807, 16.06)",0.0
Amount_shipped,"(100, 4560, 612, 4678, 16.32)",0.0
Amount_shipped,"(100, 4560, 345, 4695, 23.25)",0.0
Amount_shipped,"(100, 4560, 696, 4535, 23.59)",0.0
Amount_shipped,"(100, 4560, 250, 4682, 28.56)",0.0
Amount_shipped,"(100, 4560, 572, 4680, 30.45)",0.0
Amount_shipped,"(100, 4560, 371, 4764, 52.72)",0.0
Amount_shipped,"(100, 4560, 312, 4747, 62.13)",0.0
Amount_shipped,"(100, 4560, 417, 4874, 76.13)",0.0
Amount_shipped,"(100, 4560, 350, 4738, 111.96)",0.0
Amount_shipped,"(100, 4560, 327, 4722, 125.89)",0.0
Amount_shipped,"(100, 4560, 555, 4937, 127.49)",0.0
Amount_shipped,"(100, 4560, 239, 4765, 151.68)",0.0
Amount_shipped,"(100, 4560, 558, 4583, 208.94)",0.0
Amount_shipped,"(100, 4560, 592, 4773, 272.69)",0.0
Amount_shipped,"(100, 4560, 303, 4682, 594.76)",0.0
Amount_shipped,"(100, 4560, 519, 4618, 758.82)",0.0
Amount_shipped,"(100, 4560, 190, 4740, 907.18)",0.0
Amount_shipped,"(100, 4560, 604, 4955, 907.45)",0.0
Amount_shipped,"(100, 4560, 334, 4799, 1285.48)",0.0
Amount_shipped,"(100, 4560, 402, 4762, 1356.12)",0.0
Amount_shipped,"(100, 4580, 604, 4556, 10.77)",0.0
Amount_shipped,"(100, 4580, 545, 4715, 11.01)",0.0
Amount_shipped,"(100, 4580, 598, 4885, 11.15)",0.0
Amount_shipped,"(100, 4580, 622, 4729, 11.5)",0.0
Amount_shipped,"(100, 4580, 136, 4692, 11.61)",0.0
Amount_shipped,"(100, 4580, 494, 4926, 11.95)",0.0
Amount_shipped,"(100, 4580, 627, 4796, 12.52)",0.0
Amount_shipped,"(100, 4580, 604, 4624, 12.57)",0.0
Amount_shipped,"(100, 4580, 497, 4720, 12.7)",0.0
Amount_shipped,"(100, 4580, 503, 4807, 16.06)",0.0
Amount_shipped,"(100, 4580, 612, 4678, 16.32)",0.0
Amount_shipped,"(100, 4580, 345, 4695, 23.25)",0.0
Amount_shipped,"(100, 4580, 696, 4535, 23.59)",0.0
Amount_shipped,"(100, 4580, 250, 4682, 28.56)",0.0
Amount_shipped,"(100, 4580, 572, 4680, 30.45)",0.0
Amount_shipped,"(100, 4580, 371, 4764, 52.72)",0.0
Amount_shipped,"(100, 4580, 312, 4747, 62.13)",0.0
Amount_shipped,"(100, 4580, 417, 4874, 76.13)",0.0
Amount_shipped,"(100, 4580, 350, 4738, 111.96)",0.0
Amount_shipped,"(100, 4580, 327, 4722, 125.89)",0.0
Amount_shipped,"(100, 4580, 555, 4937, 127.49)",0.0
Amount_shipped,"(100, 4580, 239, 4765, 151.68)",0.0
Amount_shipped,"(100, 4580, 558, 4583, 208.94)",0.0
Amount_shipped,"(100, 4580, 592, 4773, 272.69)",0.0
Amount_shipped,"(100, 4580, 303, 4682, 594.76)",0.0
Amount_shipped,"(100, 4580, 519, 4618, 758.82)",0.0
Amount_shipped,"(100, 4580, 190, 4740, 907.18)",0.0
Amount_shipped,"(100, 4580, 604, 4955, 907.45)",0.0
Amount_shipped,"(100, 4580, 334, 4799, 1285.48)",0.0
Amount_shipped,"(100, 4580, 402, 4762, 1356.12)",0.0
Amount_shipped,"(100, 4600, 604, 4556, 10.77)",0.0
Amount_shipped,"(100, 4600, 545, 4715, 11.01)",0.0
Amount_shipped,"(100, 4600, 598, 4885, 11.15)",0.0
Amount_shipped,"(100, 4600, 622, 4729, 11.5)",0.0
Amount_shipped,"(100, 4600, 136, 4692, 11.61)",0.0
Amount_shipped,"(100, 4600, 494, 4926, 11.95)",0.0
Amount_shipped,"(100, 4600, 627, 4796, 12.52)",0.0
Amount_shipped,"(100, 4600, 604, 4624, 12.57)",0.0
Amount_shipped,"(100, 4600, 497, 4720, 12.7)",0.0
Amount_shipped,"(100, 4600, 503, 4807, 16.06)",0.0
Amount_shipped,"(100, 4600, 612, 4678, 16.32)",0.0
Amount_shipped,"(100, 4600, 345, 4695, 23.25)",0.0
Amount_shipped,"(100, 4600, 696, 4535, 23.59)",0.0
Amount_shipped,"(100, 4600, 250, 4682, 28.56)",0.0
Amount_shipped,"(100, 4600, 572, 4680, 30.45)",0.0
Amount_shipped,"(100, 4600, 371, 4764, 52.72)",0.0
Amount_shipped,"(100, 4600, 312, 4747, 62.13)",0.0
Amount_shipped,"(100, 4600, 417, 4874, 76.13)",0.0
Amount_shipped,"(100, 4600, 350, 4738, 111.96)",0.0
Amount_shipped,"(100, 4600, 327, 4722, 125.89)",0.0
Amount_shipped,"(100, 4600, 555, 4937, 127.49)",0.0
Amount_shipped,"(100, 4600, 239, 4765, 151.68)",0.0
Amount_shipped,"(100, 4600, 558, 4583, 208.94)",0.0
Amount_shipped,"(100, 4600, 592, 4773, 272.69)",0.0
Amount_shipped,"(100, 4600, 303, 4682, 594.76)",0.0
Amount_shipped,"(100, 4600, 519, 4618, 758.82)",0.0
Amount_shipped,"(100, 4600, 190, 4740, 907.18)",0.0
Amount_shipped,"(100, 4600, 604, 4955, 907.45)",0.0
Amount_shipped,"(100, 4600, 334, 4799, 1285.48)",0.0
Amount_shipped,"(100, 4600, 402, 4762, 1356.12)",0.0
Amount_shipped,"(100, 4620, 604, 4556, 10.77)",0.0
Amount_shipped,"(100, 4620, 545, 4715, 11.01)",0.0
Amount_shipped,"(100, 4620, 598, 4885, 11.15)",0.0
Amount_shipped,"(100, 4620, 622, 4729, 11.5)",0.0
Amount_shipped,"(100, 4620, 136, 4692, 11.61)",0.0
Amount_shipped,"(100, 4620, 494, 4926, 11.95)",0.0
Amount_shipped,"(100, 4620, 627, 4796, 12.52)",0.0
Amount_shipped,"(100, 4620, 604, 4624, 12.57)",0.0
Amount_shipped,"(100, 4620, 497, 4720, 12.7)",0.0
Amount_shipped,"(100, 4620, 503, 4807, 16.06)",0.0
Amount_shipped,"(100, 4620, 612, 4678, 16.32)",0.0
Amount_shipped,"(100, 4620, 345, 4695, 23.25)",0.0
Amount_shipped,"(100, 4620, 696, 4535, 23.59)",0.0
Amount_shipped,"(100, 4620, 250, 4682, 28.56)",0.0
Amount_shipped,"(100, 4620, 572, 4680, 30.45)",0.0
Amount_shipped,"(100, 4620, 371, 4764, 52.72)",0.0
Amount_shipped,"(100, 4620, 312, 4747, 62.13)",0.0
Amount_shipped,"(100, 4620, 417, 4874, 76.13)",0.0
Amount_shipped,"(100, 4620, 350, 4738, 111.96)",0.0
Amount_shipped,"(100, 4620, 327, 4722, 125.89)",0.0
Amount_shipped,"(100, 4620, 555, 4937, 127.49)",0.0
Amount_shipped,"(100, 4620, 239, 4765, 151.68)",0.0
Amount_shipped,"(100, 4620, 558, 4583, 208.94)",0.0
Amount_shipped,"(100, 4620, 592, 4773, 272.69)",0.0
Amount_shipped,"(100, 4620, 303, 4682, 594.76)",0.0
Amount_shipped,"(100, 4620, 519, 4618, 758.82)",0.0
Amount_shipped,"(100, 4620, 190, 4740, 907.18)",0.0
Amount_shipped,"(100, 4620, 604, 4955, 907.45)",0.0
Amount_shipped,"(100, 4620, 334, 4799, 1285.48)",0.0
Amount_shipped,"(100, 4620, 402, 4762, 1356.12)",0.0
Amount_shipped,"(100, 4640, 604, 4556, 10.77)",0.0
Amount_shipped,"(100, 4640, 545, 4715, 11.01)",0.0
Amount_shipped,"(100, 4640, 598, 4885, 11.15)",0.0
Amount_shipped,"(100, 4640, 622, 4729, 11.5)",0.0
Amount_shipped,"(100, 4640, 136, 4692, 11.61)",0.0
Amount_shipped,"(100, 4640, 494, 4926, 11.95)",0.0
Amount_shipped,"(100, 4640, 627, 4796, 12.52)",0.0
Amount_shipped,"(100, 4640, 604, 4624, 12.57)",0.0
Amount_shipped,"(100, 4640, 497, 4720, 12.7)",0.0
Amount_shipped,"(100, 4640, 503, 4807, 16.06)",0.0
Amount_shipped,"(100, 4640, 612, 4678, 16.32)",0.0
Amount_shipped,"(100, 4640, 345, 4695, 23.25)",0.0
Amount_shipped,"(100, 4640, 696, 4535, 23.59)",0.0
Amount_shipped,"(100, 4640, 250, 4682, 28.56)",0.0
Amount_shipped,"(100, 4640, 572, 4680, 30.45)",0.0
Amount_shipped,"(100, 4640, 371, 4764, 52.72)",0.0
Amount_shipped,"(100, 4640, 312, 4747, 62.13)",0.0
Amount_shipped,"(100, 4640, 417, 4874, 76.13)",0.0
Amount_shipped,"(100, 4640, 350, 4738, 111.96)",0.0
Amount_shipped,"(100, 4640, 327, 4722, 125.89)",0.0
Amount_shipped,"(100, 4640, 555, 4937, 127.49)",0.0
Amount_shipped,"(100, 4640, 239, 4765, 151.68)",0.0
Amount_shipped,"(100, 4640, 558, 4583, 208.94)",0.0
Amount_shipped,"(100, 4640, 592, 4773, 272.69)",0.0
Amount_shipped,"(100, 4640, 303, 4682, 594.76)",0.0
Amount_shipped,"(100, 4640, 519, 4618, 758.82)",0.0
Amount_shipped,"(100, 4640, 190, 4740, 907.18)",0.0
Amount_shipped,"(100, 4640, 604, 4955, 907.45)",0.0
Amount_shipped,"(100, 4640, 334, 4799, 1285.48)",0.0
Amount_shipped,"(100, 4640, 402, 4762, 1356.12)",0.0
Amount_shipped,"(100, 4660, 604, 4556, 10.77)",0.0
Amount_shipped,"(100, 4660, 545, 4715, 11.01)",0.0
Amount_shipped,"(100, 4660, 598, 4885, 11.15)",0.0
Amount_shipped,"(100, 4660, 622, 4729, 11.5)",0.0
Amount_shipped,"(100, 4660, 136, 4692, 11.61)",0.0
Amount_shipped,"(100, 4660, 494, 4926, 11.95)",0.0
Amount_shipped,"(100, 4660, 627, 4796, 12.52)",0.0
Amount_shipped,"(100, 4660, 604, 4624, 12.57)",0.0
Amount_shipped,"(100, 4660, 497, 4720, 12.7)",0.0
Amount_shipped,"(100, 4660, 503, 4807, 16.06)",0.0
Amount_shipped,"(100, 4660, 612, 4678, 16.32)",0.0
Amount_shipped,"(100, 4660, 345, 4695, 23.25)",0.0
Amount_shipped,"(100, 4660, 696, 4535, 23.59)",0.0
Amount_shipped,"(100, 4660, 250, 4682, 28.56)",0.0
Amount_shipped,"(100, 4660, 572, 4680, 30.45)",0.0
Amount_shipped,"(100, 4660, 371, 4764, 52.72)",0.0
Amount_shipped,"(100, 4660, 312, 4747, 62.13)",0.0
Amount_shipped,"(100, 4660, 417, 4874, 76.13)",0.0
Amount_shipped,"(100, 4660, 350, 4738, 111.96)",0.0
Amount_shipped,"(100, 4660, 327, 4722, 125.89)",0.0
Amount_shipped,"(100, 4660, 555, 4937, 127.49)",0.0
Amount_shipped,"(100, 4660, 239, 4765, 151.68)",0.0
Amount_shipped,"(100, 4660, 558, 4583, 208.94)",0.0
Amount_shipped,"(100, 4660, 592, 4773, 272.69)",0.0
Amount_shipped,"(100, 4660, 303, 4682, 594.76)",0.0
Amount_shipped,"(100, 4660, 519, 4618, 758.82)",0.0
Amount_shipped,"(100, 4660, 190, 4740, 907.18)",0.0
Amount_shipped,"(100, 4660, 604, 4955, 907.45)",0.0
Amount_shipped,"(100, 4660, 334, 4799, 1285.48)",0.0
Amount_shipped,"(100, 4660, 402, 4762, 1356.12)",0.0
Amount_shipped,"(100, 4680, 604, 4556, 10.77)",0.0
Amount_shipped,"(100, 4680, 545, 4715, 11.01)",0.0
Amount_shipped,"(100, 4680, 598, 4885, 11.15)",0.0
Amount_shipped,"(100, 4680, 622, 4729, 11.5)",0.0
Amount_shipped,"(100, 4680, 136, 4692, 11.61)",0.0
Amount_shipped,"(100, 4680, 494, 4926, 11.95)",0.0
Amount_shipped,"(100, 4680, 627, 4796, 12.52)",0.0
Amount_shipped,"(100, 4680, 604, 4624, 12.57)",0.0
Amount_shipped,"(100, 4680, 497, 4720, 12.7)",0.0
Amount_shipped,"(100, 4680, 503, 4807, 16.06)",0.0
Amount_shipped,"(100, 4680, 612, 4678, 16.32)",0.0
Amount_shipped,"(100, 4680, 345, 4695, 23.25)",0.0
Amount_shipped,"(100, 4680, 696, 4535, 23.59)",0.0
Amount_shipped,"(100, 4680, 250, 4682, 28.56)",0.0
Amount_shipped,"(100, 4680, 572, 4680, 30.45)",0.0
Amount_shipped,"(100, 4680, 371, 4764, 52.72)",0.0
Amount_shipped,"(100, 4680, 312, 4747, 62.13)",0.0
Amount_shipped,"(100, 4680, 417, 4874, 76.13)",0.0
Amount_shipped,"(100, 4680, 350, 4738, 111.96)",0.0
Amount_shipped,"(100, 4680, 327, 4722, 125.89)",0.0
Amount_shipped,"(100, 4680, 555, 4937, 127.49)",0.0
Amount_shipped,"(100, 4680, 239, 4765, 151.68)",0.0
Amount_shipped,"(100, 4680, 558, 4583, 208.94)",0.0
Amount_shipped,"(100, 4680, 592, 4773, 272.69)",0.0
Amount_shipped,"(100, 4680, 303, 4682, 594.76)",0.0
Amount_shipped,"(100, 4680, 519, 4618, 758.82)",0.0
Amount_shipped,"(100, 4680, 190, 4740, 907.18)",0.0
Amount_shipped,"(100, 4680, 604, 4955, 907.45)",0.0
Amount_shipped,"(100, 4680, 334, 4799, 1285.48)",0.0
Amount_shipped,"(100, 4680, 402, 4762, 1356.12)",0.0
Amount_shipped,"(100, 4700, 604, 4556, 10.77)",0.0
Amount_shipped,"(100, 4700, 545, 4715, 11.01)",0.0
Amount_shipped,"(100, 4700, 598, 4885, 11.15)",0.0
Amount_shipped,"(100, 4700, 622, 4729, 11.5)",0.0
Amount_shipped,"(100, 4700, 136, 4692, 11.61)",0.0
Amount_shipped,"(100, 4700, 494, 4926, 11.95)",0.0
Amount_shipped,"(100, 4700, 627, 4796, 12.52)",0.0
Amount_shipped,"(100, 4700, 604, 4624, 12.57)",0.0
Amount_shipped,"(100, 4700, 497, 4720, 12.7)",0.0
Amount_shipped,"(100, 4700, 503, 4807, 16.06)",0.0
Amount_shipped,"(100, 4700, 612, 4678, 16.32)",0.0
Amount_shipped,"(100, 4700, 345, 4695, 23.25)",0.0
Amount_shipped,"(100, 4700, 696, 4535, 23.59)",0.0
Amount_shipped,"(100, 4700, 250, 4682, 28.56)",0.0
Amount_shipped,"(100, 4700, 572, 4680, 30.45)",0.0
Amount_shipped,"(100, 4700, 371, 4764, 52.72)",0.0
Amount_shipped,"(100, 4700, 312, 4747, 62.13)",0.0
Amount_shipped,"(100, 4700, 417, 4874, 76.13)",0.0
Amount_shipped,"(100, 4700, 350, 4738, 111.96)",0.0
Amount_shipped,"(100, 4700, 327, 4722, 125.89)",0.0
Amount_shipped,"(100, 4700, 555, 4937, 127.49)",0.0
Amount_shipped,"(100, 4700, 239, 4765, 151.68)",0.0
Amount_shipped,"(100, 4700, 558, 4583, 208.94)",0.0
Amount_shipped,"(100, 4700, 592, 4773, 272.69)",0.0
Amount_shipped,"(100, 4700, 303, 4682, 594.76)",0.0
Amount_shipped,"(100, 4700, 519, 4618, 758.82)",0.0
Amount_shipped,"(100, 4700, 190, 4740, 907.18)",0.0
Amount_shipped,"(100, 4700, 604, 4955, 907.45)",0.0
Amount_shipped,"(100, 4700, 334, 4799, 1285.48)",0.0
Amount_shipped,"(100, 4700, 402, 4762, 1356.12)",0.0
Amount_shipped,"(100, 4720, 604, 4556, 10.77)",0.0
Amount_shipped,"(100, 4720, 545, 4715, 11.01)",0.0
Amount_shipped,"(100, 4720, 598, 4885, 11.15)",0.0
Amount_shipped,"(100, 4720, 622, 4729, 11.5)",0.0
Amount_shipped,"(100, 4720, 136, 4692, 11.61)",0.0
Amount_shipped,"(100, 4720, 494, 4926, 11.95)",0.0
Amount_shipped,"(100, 4720, 627, 4796, 12.52)",0.0
Amount_shipped,"(100, 4720, 604, 4624, 12.57)",0.0
Amount_shipped,"(100, 4720, 497, 4720, 12.7)",0.0
Amount_shipped,"(100, 4720, 503, 4807, 16.06)",0.0
Amount_shipped,"(100, 4720, 612, 4678, 16.32)",0.0
Amount_shipped,"(100, 4720, 345, 4695, 23.25)",0.0
Amount_shipped,"(100, 4720, 696, 4535, 23.59)",0.0
Amount_shipped,"(100, 4720, 250, 4682, 28.56)",0.0
Amount_shipped,"(100, 4720, 572, 4680, 30.45)",0.0
Amount_shipped,"(100, 4720, 371, 4764, 52.72)",0.0
Amount_shipped,"(100, 4720, 312, 4747, 62.13)",0.0
Amount_shipped,"(100, 4720, 417, 4874, 76.13)",0.0
Amount_shipped,"(100, 4720, 350, 4738, 111.96)",0.0
Amount_shipped,"(100, 4720, 327, 4722, 125.89)",0.0
Amount_shipped,"(100, 4720, 555, 4937, 127.49)",0.0
Amount_shipped,"(100, 4720, 239, 4765, 151.68)",0.0
Amount_shipped,"(100, 4720, 558, 4583, 208.94)",0.0
Amount_shipped,"(100, 4720, 592, 4773, 272.69)",0.0
Amount_shipped,"(100, 4720, 303, 4682, 594.76)",0.0
Amount_shipped,"(100, 4720, 519, 4618, 758.82)",0.0
Amount_shipped,"(100, 4720, 190, 4740, 907.18)",0.0
Amount_shipped,"(100, 4720, 604, 4955, 907.45)",0.0
Amount_shipped,"(100, 4720, 334, 4799, 1285.48)",0.0
Amount_shipped,"(100, 4720, 402, 4762, 1356.12)",0.0
Amount_shipped,"(100, 4740, 604, 4556, 10.77)",0.0
Amount_shipped,"(100, 4740, 545, 4715, 11.01)",0.0
Amount_shipped,"(100, 4740, 598, 4885, 11.15)",0.0
Amount_shipped,"(100, 4740, 622, 4729, 11.5)",0.0
Amount_shipped,"(100, 4740, 136, 4692, 11.61)",0.0
Amount_shipped,"(100, 4740, 494, 4926, 11.95)",0.0
Amount_shipped,"(100, 4740, 627, 4796, 12.52)",0.0
Amount_shipped,"(100, 4740, 604, 4624, 12.57)",0.0
Amount_shipped,"(100, 4740, 497, 4720, 12.7)",0.0
Amount_shipped,"(100, 4740, 503, 4807, 16.06)",0.0
Amount_shipped,"(100, 4740, 612, 4678, 16.32)",0.0
Amount_shipped,"(100, 4740, 345, 4695, 23.25)",0.0
Amount_shipped,"(100, 4740, 696, 4535, 23.59)",0.0
Amount_shipped,"(100, 4740, 250, 4682, 28.56)",0.0
Amount_shipped,"(100, 4740, 572, 4680, 30.45)",0.0
Amount_shipped,"(100, 4740, 371, 4764, 52.72)",0.0
Amount_shipped,"(100, 4740, 312, 4747, 62.13)",0.0
Amount_shipped,"(100, 4740, 417, 4874, 76.13)",0.0
Amount_shipped,"(100, 4740, 350, 4738, 111.96)",0.0
Amount_shipped,"(100, 4740, 327, 4722, 125.89)",0.0
Amount_shipped,"(100, 4740, 555, 4937, 127.49)",0.0
Amount_shipped,"(100, 4740, 239, 4765, 151.68)",0.0
Amount_shipped,"(100, 4740, 558, 4583, 208.94)",0.0
Amount_shipped,"(100, 4740, 592, 4773, 272.69)",0.0
Amount_shipped,"(100, 4740, 303, 4682, 594.76)",0.0
Amount_shipped,"(100, 4740, 519, 4618, 758.82)",0.0
Amount_shipped,"(100, 4740, 190, 4740, 907.18)",0.0
Amount_shipped,"(100, 4740, 604, 4955, 907.45)",0.0
Amount_shipped,"(100, 4740, 334, 4799, 1285.48)",0.0
Amount_shipped,"(100, 4740, 402, 4762, 1356.12)",0.0
Amount_shipped,"(100, 4760, 604, 4556, 10.77)",0.0
Amount_shipped,"(100, 4760, 545, 4715, 11.01)",0.0
Amount_shipped,"(100, 4760, 598, 4885, 11.15)",0.0
Amount_shipped,"(100, 4760, 622, 4729, 11.5)",0.0
Amount_shipped,"(100, 4760, 136, 4692, 11.61)",0.0
Amount_shipped,"(100, 4760, 494, 4926, 11.95)",0.0
Amount_shipped,"(100, 4760, 627, 4796, 12.52)",0.0
Amount_shipped,"(100, 4760, 604, 4624, 12.57)",0.0
Amount_shipped,"(100, 4760, 497, 4720, 12.7)",0.0
Amount_shipped,"(100, 4760, 503, 4807, 16.06)",0.0
Amount_shipped,"(100, 4760, 612, 4678, 16.32)",0.0
Amount_shipped,"(100, 4760, 345, 4695, 23.25)",0.0
Amount_shipped,"(100, 4760, 696, 4535, 23.59)",0.0
Amount_shipped,"(100, 4760, 250, 4682, 28.56)",0.0
Amount_shipped,"(100, 4760, 572, 4680, 30.45)",0.0
Amount_shipped,"(100, 4760, 371, 4764, 52.72)",0.0
Amount_shipped,"(100, 4760, 312, 4747, 62.13)",0.0
Amount_shipped,"(100, 4760, 417, 4874, 76.13)",0.0
Amount_shipped,"(100, 4760, 350, 4738, 111.96)",0.0
Amount_shipped,"(100, 4760, 327, 4722, 125.89)",0.0
Amount_shipped,"(100, 4760, 555, 4937, 127.49)",0.0
Amount_shipped,"(100, 4760, 239, 4765, 151.68)",0.0
Amount_shipped,"(100, 4760, 558, 4583, 208.94)",0.0
Amount_shipped,"(100, 4760, 592, 4773, 272.69)",0.0
Amount_shipped,"(100, 4760, 303, 4682, 594.76)",0.0
Amount_shipped,"(100, 4760, 519, 4618, 758.82)",0.0
Amount_shipped,"(100, 4760, 190, 4740, 907.18)",0.0
Amount_shipped,"(100, 4760, 604, 4955, 907.45)",0.0
Amount_shipped,"(100, 4760, 334, 4799, 1285.48)",0.0
Amount_shipped,"(100, 4760, 402, 4762, 1356.12)",0.0
Amount_shipped,"(100, 4780, 604, 4556, 10.77)",0.0
Amount_shipped,"(100, 4780, 545, 4715, 11.01)",0.0
Amount_shipped,"(100, 4780, 598, 4885, 11.15)",0.0
Amount_shipped,"(100, 4780, 622, 4729, 11.5)",0.0
Amount_shipped,"(100, 4780, 136, 4692, 11.61)",0.0
Amount_shipped,"(100, 4780, 494, 4926, 11.95)",0.0
Amount_shipped,"(100, 4780, 627, 4796, 12.52)",0.0
Amount_shipped,"(100, 4780, 604, 4624, 12.57)",0.0
Amount_shipped,"(100, 4780, 497, 4720, 12.7)",0.0
Amount_shipped,"(100, 4780, 503, 4807, 16.06)",0.0
Amount_shipped,"(100, 4780, 612, 4678, 16.32)",0.0
Amount_shipped,"(100, 4780, 345, 4695, 23.25)",0.0
Amount_shipped,"(100, 4780, 696, 4535, 23.59)",0.0
Amount_shipped,"(100, 4780, 250, 4682, 28.56)",0.0
Amount_shipped,"(100, 4780, 572, 4680, 30.45)",0.0
Amount_shipped,"(100, 4780, 371, 4764, 52.72)",0.0
Amount_shipped,"(100, 4780, 312, 4747, 62.13)",0.0
Amount_shipped,"(100, 4780, 417, 4874, 76.13)",0.0
Amount_shipped,"(100, 4780, 350, 4738, 111.96)",0.0
Amount_shipped,"(100, 4780, 327, 4722, 125.89)",0.0
Amount_shipped,"(100, 4780, 555, 4937, 127.49)",0.0
Amount_shipped,"(100, 4780, 239, 4765, 151.68)",0.0
Amount_shipped,"(100, 4780, 558, 4583, 208.94)",0.0
Amount_shipped,"(100, 4780, 592, 4773, 272.69)",0.0
Amount_shipped,"(100, 4780, 303, 4682, 594.76)",0.0
Amount_shipped,"(100, 4780, 519, 4618, 758.82)",0.0
Amount_shipped,"(100, 4780, 190, 4740, 907.18)",0.0
Amount_shipped,"(100, 4780, 604, 4955, 907.45)",0.0
Amount_shipped,"(100, 4780, 334, 4799, 1285.48)",0.0
Amount_shipped,"(100, 4780, 402, 4762, 1356.12)",0.0
Amount_shipped,"(100, 4800, 604, 4556, 10.77)",0.0
Amount_shipped,"(100, 4800, 545, 4715, 11.01)",0.0
Amount_shipped,"(100, 4800, 598, 4885, 11.15)",0.0
Amount_shipped,"(100, 4800, 622, 4729, 11.5)",0.0
Amount_shipped,"(100, 4800, 136, 4692, 11.61)",0.0
Amount_shipped,"(100, 4800, 494, 4926, 11.95)",0.0
Amount_shipped,"(100, 4800, 627, 4796, 12.52)",0.0
Amount_shipped,"(100, 4800, 604, 4624, 12.57)",0.0
Amount_shipped,"(100, 4800, 497, 4720, 12.7)",0.0
Amount_shipped,"(100, 4800, 503, 4807, 16.06)",0.0
Amount_shipped,"(100, 4800, 612, 4678, 16.32)",0.0
Amount_shipped,"(100, 4800, 345, 4695, 23.25)",0.0
Amount_shipped,"(100, 4800, 696, 4535, 23.59)",0.0
Amount_shipped,"(100, 4800, 250, 4682, 28.56)",0.0
Amount_shipped,"(100, 4800, 572, 4680, 30.45)",0.0
Amount_shipped,"(100, 4800, 371, 4764, 52.72)",0.0
Amount_shipped,"(100, 4800, 312, 4747, 62.13)",0.0
Amount_shipped,"(100, 4800, 417, 4874, 76.13)",0.0
Amount_shipped,"(100, 4800, 350, 4738, 111.96)",0.0
Amount_shipped,"(100, 4800, 327, 4722, 125.89)",0.0
Amount_shipped,"(100, 4800, 555, 4937, 127.49)",0.0
Amount_shipped,"(100, 4800, 239, 4765, 151.68)",0.0
Amount_shipped,"(100, 4800, 558, 4583, 208.94)",0.0
Amount_shipped,"(100, 4800, 592, 4773, 272.69)",0.0
Amount_shipped,"(100, 4800, 303, 4682, 594.76)",0.0
Amount_shipped,"(100, 4800, 519, 4618, 758.82)",0.0
Amount_shipped,"(100, 4800, 190, 4740, 907.18)",0.0
Amount_shipped,"(100, 4800, 604, 4955, 907.45)",0.0
Amount_shipped,"(100, 4800, 334, 4799, 1285.48)",0.0
Amount_shipped,"(100, 4800, 402, 4762, 1356.12)",0.0
Amount_shipped,"(100, 4820, 604, 4556, 10.77)",0.0
Amount_shipped,"(100, 4820, 545, 4715, 11.01)",0.0
Amount_shipped,"(100, 4820, 598, 4885, 11.15)",0.0
Amount_shipped,"(100, 4820, 622, 4729, 11.5)",0.0
Amount_shipped,"(100, 4820, 136, 4692, 11.61)",0.0
Amount_shipped,"(100, 4820, 494, 4926, 11.95)",0.0
Amount_shipped,"(100, 4820, 627, 4796, 12.52)",0.0
Amount_shipped,"(100, 4820, 604, 4624, 12.57)",0.0
Amount_shipped,"(100, 4820, 497, 4720, 12.7)",0.0
Amount_shipped,"(100, 4820, 503, 4807, 16.06)",0.0
Amount_shipped,"(100, 4820, 612, 4678, 16.32)",0.0
Amount_shipped,"(100, 4820, 345, 4695, 23.25)",0.0
Amount_shipped,"(100, 4820, 696, 4535, 23.59)",0.0
Amount_shipped,"(100, 4820, 250, 4682, 28.56)",0.0
Amount_shipped,"(100, 4820, 572, 4680, 30.45)",0.0
Amount_shipped,"(100, 4820, 371, 4764, 52.72)",0.0
Amount_shipped,"(100, 4820, 312, 4747, 62.13)",0.0
Amount_shipped,"(100, 4820, 417, 4874, 76.13)",0.0
Amount_shipped,"(100, 4820, 350, 4738, 111.96)",0.0
Amount_shipped,"(100, 4820, 327, 4722, 125.89)",0.0
Amount_shipped,"(100, 4820, 555, 4937, 127.49)",0.0
Amount_shipped,"(100, 4820, 239, 4765, 151.68)",0.0
Amount_shipped,"(100, 4820, 558, 4583, 208.94)",0.0
Amount_shipped,"(100, 4820, 592, 4773, 272.69)",0.0
Amount_shipped,"(100, 4820, 303, 4682, 594.76)",0.0
Amount_shipped,"(100, 4820, 519, 4618, 758.82)",0.0
Amount_shipped,"(100, 4820, 190, 4740, 907.18)",0.0
Amount_shipped,"(100, 4820, 604, 4955, 907.45)",0.0
Amount_shipped,"(100, 4820, 334, 4799, 1285.48)",0.0
Amount_shipped,"(100, 4820, 402, 4762, 1356.12)",0.0
Amount_shipped,"(100, 4840, 604, 4556, 10.77)",0.0
Amount_shipped,"(100, 4840, 545, 4715, 11.01)",0.0
Amount_shipped,"(100, 4840, 598, 4885, 11.15)",0.0
Amount_shipped,"(100, 4840, 622, 4729, 11.5)",0.0
Amount_shipped,"(100, 4840, 136, 4692, 11.61)",0.0
Amount_shipped,"(100, 4840, 494, 4926, 11.95)",0.0
Amount_shipped,"(100, 4840, 627, 4796, 12.52)",0.0
Amount_shipped,"(100, 4840, 604, 4624, 12.57)",0.0
Amount_shipped,"(100, 4840, 497, 4720, 12.7)",0.0
Amount_shipped,"(100, 4840, 503, 4807, 16.06)",0.0
Amount_shipped,"(100, 4840, 612, 4678, 16.32)",0.0
Amount_shipped,"(100, 4840, 345, 4695, 23.25)",0.0
Amount_shipped,"(100, 4840, 696, 4535, 23.59)",0.0
Amount_shipped,"(100, 4840, 250, 4682, 28.56)",0.0
Amount_shipped,"(100, 4840, 572, 4680, 30.45)",0.0
Amount_shipped,"(100, 4840, 371, 4764, 52.72)",0.0
Amount_shipped,"(100, 4840, 312, 4747, 62.13)",0.0
Amount_shipped,"(100, 4840, 417, 4874, 76.13)",0.0
Amount_shipped,"(100, 4840, 350, 4738, 111.96)",0.0
Amount_shipped,"(100, 4840, 327, 4722, 125.89)",0.0
Amount_shipped,"(100, 4840, 555, 4937, 127.49)",0.0
Amount_shipped,"(100, 4840, 239, 4765, 151.68)",0.0
Amount_shipped,"(100, 4840, 558, 4583, 208.94)",0.0
Amount_shipped,"(100, 4840, 592, 4773, 272.69)",0.0
Amount_shipped,"(100, 4840, 303, 4682, 594.76)",0.0
Amount_shipped,"(100, 4840, 519, 4618, 758.82)",0.0
Amount_shipped,"(100, 4840, 190, 4740, 907.18)",0.0
Amount_shipped,"(100, 4840, 604, 4955, 907.45)",0.0
Amount_shipped,"(100, 4840, 334, 4799, 1285.48)",0.0
Amount_shipped,"(100, 4840, 402, 4762, 1356.12)",0.0
Amount_shipped,"(100, 4860, 604, 4556, 10.77)",0.0
Amount_shipped,"(100, 4860, 545, 4715, 11.01)",0.0
Amount_shipped,"(100, 4860, 598, 4885, 11.15)",0.0
Amount_shipped,"(100, 4860, 622, 4729, 11.5)",0.0
Amount_shipped,"(100, 4860, 136, 4692, 11.61)",0.0
Amount_shipped,"(100, 4860, 494, 4926, 11.95)",0.0
Amount_shipped,"(100, 4860, 627, 4796, 12.52)",0.0
Amount_shipped,"(100, 4860, 604, 4624, 12.57)",0.0
Amount_shipped,"(100, 4860, 497, 4720, 12.7)",0.0
Amount_shipped,"(100, 4860, 503, 4807, 16.06)",0.0
Amount_shipped,"(100, 4860, 612, 4678, 16.32)",0.0
Amount_shipped,"(100, 4860, 345, 4695, 23.25)",0.0
Amount_shipped,"(100, 4860, 696, 4535, 23.59)",0.0
Amount_shipped,"(100, 4860, 250, 4682, 28.56)",0.0
Amount_shipped,"(100, 4860, 572, 4680, 30.45)",0.0
Amount_shipped,"(100, 4860, 371, 4764, 52.72)",0.0
Amount_shipped,"(100, 4860, 312, 4747, 62.13)",0.0
Amount_shipped,"(100, 4860, 417, 4874, 76.13)",0.0
Amount_shipped,"(100, 4860, 350, 4738, 111.96)",0.0
Amount_shipped,"(100, 4860, 327, 4722, 125.89)",0.0
Amount_shipped,"(100, 4860, 555, 4937, 127.49)",0.0
Amount_shipped,"(100, 4860, 239, 4765, 151.68)",0.0
Amount_shipped,"(100, 4860, 558, 4583, 208.94)",0.0
Amount_shipped,"(100, 4860, 592, 4773, 272.69)",0.0
Amount_shipped,"(100, 4860, 303, 4682, 594.76)",0.0
Amount_shipped,"(100, 4860, 519, 4618, 758.82)",0.0
Amount_shipped,"(100, 4860, 190, 4740, 907.18)",0.0
Amount_shipped,"(100, 4860, 604, 4955, 907.45)",0.0
Amount_shipped,"(100, 4860, 334, 4799, 1285.48)",0.0
Amount_shipped,"(100, 4860, 402, 4762, 1356.12)",0.0
Amount_shipped,"(100, 4880, 604, 4556, 10.77)",0.0
Amount_shipped,"(100, 4880, 545, 4715, 11.01)",0.0
Amount_shipped,"(100, 4880, 598, 4885, 11.15)",0.0
Amount_shipped,"(100, 4880, 622, 4729, 11.5)",0.0
Amount_shipped,"(100, 4880, 136, 4692, 11.61)",0.0
Amount_shipped,"(100, 4880, 494, 4926, 11.95)",0.0
Amount_shipped,"(100, 4880, 627, 4796, 12.52)",0.0
Amount_shipped,"(100, 4880, 604, 4624, 12.57)",0.0
Amount_shipped,"(100, 4880, 497, 4720, 12.7)",0.0
Amount_shipped,"(100, 4880, 503, 4807, 16.06)",0.0
Amount_shipped,"(100, 4880, 612, 4678, 16.32)",0.0
Amount_shipped,"(100, 4880, 345, 4695, 23.25)",0.0
Amount_shipped,"(100, 4880, 696, 4535, 23.59)",0.0
Amount_shipped,"(100, 4880, 250, 4682, 28.56)",0.0
Amount_shipped,"(100, 4880, 572, 4680, 30.45)",0.0
Amount_shipped,"(100, 4880, 371, 4764, 52.72)",0.0
Amount_shipped,"(100, 4880, 312, 4747, 62.13)",0.0
Amount_shipped,"(100, 4880, 417, 4874, 76.13)",0.0
Amount_shipped,"(100, 4880, 350, 4738, 111.96)",0.0
Amount_shipped,"(100, 4880, 327, 4722, 125.89)",0.0
Amount_shipped,"(100, 4880, 555, 4937, 127.49)",0.0
Amount_shipped,"(100, 4880, 239, 4765, 151.68)",0.0
Amount_shipped,"(100, 4880, 558, 4583, 208.94)",0.0
Amount_shipped,"(100, 4880, 592, 4773, 272.69)",0.0
Amount_shipped,"(100, 4880, 303, 4682, 594.76)",0.0
Amount_shipped,"(100, 4880, 519, 4618, 758.82)",0.0
Amount_shipped,"(100, 4880, 190, 4740, 907.18)",0.0
Amount_shipped,"(100, 4880, 604, 4955, 907.45)",0.0
Amount_shipped,"(100, 4880, 334, 4799, 1285.48)",0.0
Amount_shipped,"(100, 4880, 402, 4762, 1356.12)",0.0
Amount_shipped,"(100, 4900, 604, 4556, 10.77)",0.0
Amount_shipped,"(100, 4900, 545, 4715, 11.01)",0.0
Amount_shipped,"(100, 4900, 598, 4885, 11.15)",0.0
Amount_shipped,"(100, 4900, 622, 4729, 11.5)",0.0
Amount_shipped,"(100, 4900, 136, 4692, 11.61)",0.0
Amount_shipped,"(100, 4900, 494, 4926, 11.95)",0.0
Amount_shipped,"(100, 4900, 627, 4796, 12.52)",0.0
Amount_shipped,"(100, 4900, 604, 4624, 12.57)",0.0
Amount_shipped,"(100, 4900, 497, 4720, 12.7)",0.0
Amount_shipped,"(100, 4900, 503, 4807, 16.06)",0.0
Amount_shipped,"(100, 4900, 612, 4678, 16.32)",0.0
Amount_shipped,"(100, 4900, 345, 4695, 23.25)",0.0
Amount_shipped,"(100, 4900, 696, 4535, 23.59)",0.0
Amount_shipped,"(100, 4900, 250, 4682, 28.56)",0.0
Amount_shipped,"(100, 4900, 572, 4680, 30.45)",0.0
Amount_shipped,"(100, 4900, 371, 4764, 52.72)",0.0
Amount_shipped,"(100, 4900, 312, 4747, 62.13)",0.0
Amount_shipped,"(100, 4900, 417, 4874, 76.13)",0.0
Amount_shipped,"(100, 4900, 350, 4738, 111.96)",0.0
Amount_shipped,"(100, 4900, 327, 4722, 125.89)",0.0
Amount_shipped,"(100, 4900, 555, 4937, 127.49)",0.0
Amount_shipped,"(100, 4900, 239, 4765, 151.68)",0.0
Amount_shipped,"(100, 4900, 558, 4583, 208.94)",0.0
Amount_shipped,"(100, 4900, 592, 4773, 272.69)",0.0
Amount_shipped,"(100, 4900, 303, 4682, 594.76)",0.0
Amount_shipped,"(100, 4900, 519, 4618, 758.82)",0.0
Amount_shipped,"(100, 4900, 190, 4740, 907.18)",0.0
Amount_shipped,"(100, 4900, 604, 4955, 907.45)",0.0
Amount_shipped,"(100, 4900, 334, 4799, 1285.48)",0.0
Amount_shipped,"(100, 4900, 402, 4762, 1356.12)",0.0
Amount_shipped,"(100, 4920, 604, 4556, 10.77)",0.0
Amount_shipped,"(100, 4920, 545, 4715, 11.01)",0.0
Amount_shipped,"(100, 4920, 598, 4885, 11.15)",0.0
Amount_shipped,"(100, 4920, 622, 4729, 11.5)",0.0
Amount_shipped,"(100, 4920, 136, 4692, 11.61)",0.0
Amount_shipped,"(100, 4920, 494, 4926, 11.95)",0.0
Amount_shipped,"(100, 4920, 627, 4796, 12.52)",0.0
Amount_shipped,"(100, 4920, 604, 4624, 12.57)",0.0
Amount_shipped,"(100, 4920, 497, 4720, 12.7)",0.0
Amount_shipped,"(100, 4920, 503, 4807, 16.06)",0.0
Amount_shipped,"(100, 4920, 612, 4678, 16.32)",0.0
Amount_shipped,"(100, 4920, 345, 4695, 23.25)",0.0
Amount_shipped,"(100, 4920, 696, 4535, 23.59)",0.0
Amount_shipped,"(100, 4920, 250, 4682, 28.56)",0.0
Amount_shipped,"(100, 4920, 572, 4680, 30.45)",0.0
Amount_shipped,"(100, 4920, 371, 4764, 52.72)",0.0
Amount_shipped,"(100, 4920, 312, 4747, 62.13)",0.0
Amount_shipped,"(100, 4920, 417, 4874, 76.13)",0.0
Amount_shipped,"(100, 4920, 350, 4738, 111.96)",0.0
Amount_shipped,"(100, 4920, 327, 4722, 125.89)",0.0
Amount_shipped,"(100, 4920, 555, 4937, 127.49)",0.0
Amount_shipped,"(100, 4920, 239, 4765, 151.68)",0.0
Amount_shipped,"(100, 4920, 558, 4583, 208.94)",0.0
Amount_shipped,"(100, 4920, 592, 4773, 272.69)",0.0
Amount_shipped,"(100, 4920, 303, 4682, 594.76)",0.0
Amount_shipped,"(100, 4920, 519, 4618, 758.82)",0.0
Amount_shipped,"(100, 4920, 190, 4740, 907.18)",0.0
Amount_shipped,"(100, 4920, 604, 4955, 907.45)",0.0
Amount_shipped,"(100, 4920, 334, 4799, 1285.48)",0.0
Amount_shipped,"(100, 4920, 402, 4762, 1356.12)",0.0
Amount_shipped,"(100, 4940, 604, 4556, 10.77)",0.0
Amount_shipped,"(100, 4940, 545, 4715, 11.01)",0.0
Amount_shipped,"(100, 4940, 598, 4885, 11.15)",0.0
Amount_shipped,"(100, 4940, 622, 4729, 11.5)",0.0
Amount_shipped,"(100, 4940, 136, 4692, 11.61)",0.0
Amount_shipped,"(100, 4940, 494, 4926, 11.95)",0.0
Amount_shipped,"(100, 4940, 627, 4796, 12.52)",0.0
Amount_shipped,"(100, 4940, 604, 4624, 12.57)",0.0
Amount_shipped,"(100, 4940, 497, 4720, 12.7)",0.0
Amount_shipped,"(100, 4940, 503, 4807, 16.06)",0.0
Amount_shipped,"(100, 4940, 612, 4678, 16.32)",0.0
Amount_shipped,"(100, 4940, 345, 4695, 23.25)",0.0
Amount_shipped,"(100, 4940, 696, 4535, 23.59)",0.0
Amount_shipped,"(100, 4940, 250, 4682, 28.56)",0.0
Amount_shipped,"(100, 4940, 572, 4680, 30.45)",0.0
Amount_shipped,"(100, 4940, 371, 4764, 52.72)",0.0
Amount_shipped,"(100, 4940, 312, 4747, 62.13)",0.0
Amount_shipped,"(100, 4940, 417, 4874, 76.13)",0.0
Amount_shipped,"(100, 4940, 350, 4738, 111.96)",0.0
Amount_shipped,"(100, 4940, 327, 4722, 125.89)",0.0
Amount_shipped,"(100, 4940, 555, 4937, 127.49)",0.0
Amount_shipped,"(100, 4940, 239, 4765, 151.68)",0.0
Amount_shipped,"(100, 4940, 558, 4583, 208.94)",0.0
Amount_shipped,"(100, 4940, 592, 4773, 272.69)",0.0
Amount_shipped,"(100, 4940, 303, 4682, 594.76)",0.0
Amount_shipped,"(100, 4940, 519, 4618, 758.82)",0.0
Amount_shipped,"(100, 4940, 190, 4740, 907.18)",0.0
Amount_shipped,"(100, 4940, 604, 4955, 907.45)",0.0
Amount_shipped,"(100, 4940, 334, 4799, 1285.48)",0.0
Amount_shipped,"(100, 4940, 402, 4762, 1356.12)",0.0
Amount_shipped,"(100, 4960, 604, 4556, 10.77)",0.0
Amount_shipped,"(100, 4960, 545, 4715, 11.01)",0.0
Amount_shipped,"(100, 4960, 598, 4885, 11.15)",0.0
Amount_shipped,"(100, 4960, 622, 4729, 11.5)",0.0
Amount_shipped,"(100, 4960, 136, 4692, 11.61)",0.0
Amount_shipped,"(100, 4960, 494, 4926, 11.95)",0.0
Amount_shipped,"(100, 4960, 627, 4796, 12.52)",0.0
Amount_shipped,"(100, 4960, 604, 4624, 12.57)",0.0
Amount_shipped,"(100, 4960, 497, 4720, 12.7)",0.0
Amount_shipped,"(100, 4960, 503, 4807, 16.06)",0.0
Amount_shipped,"(100, 4960, 612, 4678, 16.32)",0.0
Amount_shipped,"(100, 4960, 345, 4695, 23.25)",0.0
Amount_shipped,"(100, 4960, 696, 4535, 23.59)",0.0
Amount_shipped,"(100, 4960, 250, 4682, 28.56)",0.0
Amount_shipped,"(100, 4960, 572, 4680, 30.45)",0.0
Amount_shipped,"(100, 4960, 371, 4764, 52.72)",0.0
Amount_shipped,"(100, 4960, 312, 4747, 62.13)",0.0
Amount_shipped,"(100, 4960, 417, 4874, 76.13)",0.0
Amount_shipped,"(100, 4960, 350, 4738, 111.96)",0.0
Amount_shipped,"(100, 4960, 327, 4722, 125.89)",0.0
Amount_shipped,"(100, 4960, 555, 4937, 127.49)",0.0
Amount_shipped,"(100, 4960, 239, 4765, 151.68)",0.0
Amount_shipped,"(100, 4960, 558, 4583, 208.94)",0.0
Amount_shipped,"(100, 4960, 592, 4773, 272.69)",0.0
Amount_shipped,"(100, 4960, 303, 4682, 594.76)",0.0
Amount_shipped,"(100, 4960, 519, 4618, 758.82)",0.0
Amount_shipped,"(100, 4960, 190, 4740, 907.18)",0.0
Amount_shipped,"(100, 4960, 604, 4955, 907.45)",0.0
Amount_shipped,"(100, 4960, 334, 4799, 1285.48)",0.0
Amount_shipped,"(100, 4960, 402, 4762, 1356.12)",0.0
Amount_shipped,"(100, 4980, 604, 4556, 10.77)",0.0
Amount_shipped,"(100, 4980, 545, 4715, 11.01)",0.0
Amount_shipped,"(100, 4980, 598, 4885, 11.15)",0.0
Amount_shipped,"(100, 4980, 622, 4729, 11.5)",0.0
Amount_shipped,"(100, 4980, 136, 4692, 11.61)",0.0
Amount_shipped,"(100, 4980, 494, 4926, 11.95)",0.0
Amount_shipped,"(100, 4980, 627, 4796, 12.52)",0.0
Amount_shipped,"(100, 4980, 604, 4624, 12.57)",0.0
Amount_shipped,"(100, 4980, 497, 4720, 12.7)",0.0
Amount_shipped,"(100, 4980, 503, 4807, 16.06)",0.0
Amount_shipped,"(100, 4980, 612, 4678, 16.32)",0.0
Amount_shipped,"(100, 4980, 345, 4695, 23.25)",0.0
Amount_shipped,"(100, 4980, 696, 4535, 23.59)",0.0
Amount_shipped,"(100, 4980, 250, 4682, 28.56)",0.0
Amount_shipped,"(100, 4980, 572, 4680, 30.45)",0.0
Amount_shipped,"(100, 4980, 371, 4764, 52.72)",0.0
Amount_shipped,"(100, 4980, 312, 4747, 62.13)",0.0
Amount_shipped,"(100, 4980, 417, 4874, 76.13)",0.0
Amount_shipped,"(100, 4980, 350, 4738, 111.96)",0.0
Amount_shipped,"(100, 4980, 327, 4722, 125.89)",0.0
Amount_shipped,"(100, 4980, 555, 4937, 127.49)",0.0
Amount_shipped,"(100, 4980, 239, 4765, 151.68)",0.0
Amount_shipped,"(100, 4980, 558, 4583, 208.94)",0.0
Amount_shipped,"(100, 4980, 592, 4773, 272.69)",0.0
Amount_shipped,"(100, 4980, 303, 4682, 594.76)",0.0
Amount_shipped,"(100, 4980, 519, 4618, 758.82)",0.0
Amount_shipped,"(100, 4980, 190, 4740, 907.18)",0.0
Amount_shipped,"(100, 4980, 604, 4955, 907.45)",0.0
Amount_shipped,"(100, 4980, 334, 4799, 1285.48)",0.0
Amount_shipped,"(100, 4980, 402, 4762, 1356.12)",0.0
Amount_shipped,"(120, 4440, 604, 4556, 10.77)",0.0
Amount_shipped,"(120, 4440, 545, 4715, 11.01)",0.0
Amount_shipped,"(120, 4440, 598, 4885, 11.15)",0.0
Amount_shipped,"(120, 4440, 622, 4729, 11.5)",0.0
Amount_shipped,"(120, 4440, 136, 4692, 11.61)",0.0
Amount_shipped,"(120, 4440, 494, 4926, 11.95)",0.0
Amount_shipped,"(120, 4440, 627, 4796, 12.52)",0.0
Amount_shipped,"(120, 4440, 604, 4624, 12.57)",0.0
Amount_shipped,"(120, 4440, 497, 4720, 12.7)",0.0
Amount_shipped,"(120, 4440, 503, 4807, 16.06)",0.0
Amount_shipped,"(120, 4440, 612, 4678, 16.32)",0.0
Amount_shipped,"(120, 4440, 345, 4695, 23.25)",0.0
Amount_shipped,"(120, 4440, 696, 4535, 23.59)",0.0
Amount_shipped,"(120, 4440, 250, 4682, 28.56)",0.0
Amount_shipped,"(120, 4440, 572, 4680, 30.45)",0.0
Amount_shipped,"(120, 4440, 371, 4764, 52.72)",0.0
Amount_shipped,"(120, 4440, 312, 4747, 62.13)",0.0
Amount_shipped,"(120, 4440, 417, 4874, 76.13)",0.0
Amount_shipped,"(120, 4440, 350, 4738, 111.96)",0.0
Amount_shipped,"(120, 4440, 327, 4722, 125.89)",0.0
Amount_shipped,"(120, 4440, 555, 4937, 127.49)",0.0
Amount_shipped,"(120, 4440, 239, 4765, 151.68)",0.0
Amount_shipped,"(120, 4440, 558, 4583, 208.94)",0.0
Amount_shipped,"(120, 4440, 592, 4773, 272.69)",0.0
Amount_shipped,"(120, 4440, 303, 4682, 594.76)",0.0
Amount_shipped,"(120, 4440, 519, 4618, 758.82)",0.0
Amount_shipped,"(120, 4440, 190, 4740, 907.18)",0.0
Amount_shipped,"(120, 4440, 604, 4955, 907.45)",0.0
Amount_shipped,"(120, 4440, 334, 4799, 1285.48)",0.0
Amount_shipped,"(120, 4440, 402, 4762, 1356.12)",0.0
Amount_shipped,"(120, 4460, 604, 4556, 10.77)",0.0
Amount_shipped,"(120, 4460, 545, 4715, 11.01)",0.0
Amount_shipped,"(120, 4460, 598, 4885, 11.15)",0.0
Amount_shipped,"(120, 4460, 622, 4729, 11.5)",0.0
Amount_shipped,"(120, 4460, 136, 4692, 11.61)",0.0
Amount_shipped,"(120, 4460, 494, 4926, 11.95)",0.0
Amount_shipped,"(120, 4460, 627, 4796, 12.52)",0.0
Amount_shipped,"(120, 4460, 604, 4624, 12.57)",0.0
Amount_shipped,"(120, 4460, 497, 4720, 12.7)",0.0
Amount_shipped,"(120, 4460, 503, 4807, 16.06)",0.0
Amount_shipped,"(120, 4460, 612, 4678, 16.32)",0.0
Amount_shipped,"(120, 4460, 345, 4695, 23.25)",0.0
Amount_shipped,"(120, 4460, 696, 4535, 23.59)",0.0
Amount_shipped,"(120, 4460, 250, 4682, 28.56)",0.0
Amount_shipped,"(120, 4460, 572, 4680, 30.45)",0.0
Amount_shipped,"(120, 4460, 371, 4764, 52.72)",0.0
Amount_shipped,"(120, 4460, 312, 4747, 62.13)",0.0
Amount_shipped,"(120, 4460, 417, 4874, 76.13)",0.0
Amount_shipped,"(120, 4460, 350, 4738, 111.96)",0.0
Amount_shipped,"(120, 4460, 327, 4722, 125.89)",0.0
Amount_shipped,"(120, 4460, 555, 4937, 127.49)",0.0
Amount_shipped,"(120, 4460, 239, 4765, 151.68)",0.0
Amount_shipped,"(120, 4460, 558, 4583, 208.94)",0.0
Amount_shipped,"(120, 4460, 592, 4773, 272.69)",0.0
Amount_shipped,"(120, 4460, 303, 4682, 594.76)",0.0
Amount_shipped,"(120, 4460, 519, 4618, 758.82)",0.0
Amount_shipped,"(120, 4460, 190, 4740, 907.18)",0.0
Amount_shipped,"(120, 4460, 604, 4955, 907.45)",0.0
Amount_shipped,"(120, 4460, 334, 4799, 1285.48)",0.0
Amount_shipped,"(120, 4460, 402, 4762, 1356.12)",0.0
Amount_shipped,"(120, 4480, 604, 4556, 10.77)",0.0
Amount_shipped,"(120, 4480, 545, 4715, 11.01)",0.0
Amount_shipped,"(120, 4480, 598, 4885, 11.15)",0.0
Amount_shipped,"(120, 4480, 622, 4729, 11.5)",0.0
Amount_shipped,"(120, 4480, 136, 4692, 11.61)",0.0
Amount_shipped,"(120, 4480, 494, 4926, 11.95)",0.0
Amount_shipped,"(120, 4480, 627, 4796, 12.52)",0.0
Amount_shipped,"(120, 4480, 604, 4624, 12.57)",0.0
Amount_shipped,"(120, 4480, 497, 4720, 12.7)",0.0
Amount_shipped,"(120, 4480, 503, 4807, 16.06)",0.0
Amount_shipped,"(120, 4480, 612, 4678, 16.32)",0.0
Amount_shipped,"(120, 4480, 345, 4695, 23.25)",0.0
Amount_shipped,"(120, 4480, 696, 4535, 23.59)",0.0
Amount_shipped,"(120, 4480, 250, 4682, 28.56)",0.0
Amount_shipped,"(120, 4480, 572, 4680, 30.45)",0.0
Amount_shipped,"(120, 4480, 371, 4764, 52.72)",0.0
Amount_shipped,"(120, 4480, 312, 4747, 62.13)",0.0
Amount_shipped,"(120, 4480, 417, 4874, 76.13)",0.0
Amount_shipped,"(120, 4480, 350, 4738, 111.96)",0.0
Amount_shipped,"(120, 4480, 327, 4722, 125.89)",0.0
Amount_shipped,"(120, 4480, 555, 4937, 127.49)",0.0
Amount_shipped,"(120, 4480, 239, 4765, 151.68)",0.0
Amount_shipped,"(120, 4480, 558, 4583, 208.94)",0.0
Amount_shipped,"(120, 4480, 592, 4773, 272.69)",0.0
Amount_shipped,"(120, 4480, 303, 4682, 594.76)",0.0
Amount_shipped,"(120, 4480, 519, 4618, 758.82)",0.0
Amount_shipped,"(120, 4480, 190, 4740, 907.18)",0.0
Amount_shipped,"(120, 4480, 604, 4955, 907.45)",0.0
Amount_shipped,"(120, 4480, 334, 4799, 1285.48)",0.0
Amount_shipped,"(120, 4480, 402, 4762, 1356.12)",0.0
Amount_shipped,"(120, 4500, 604, 4556, 10.77)",0.0
Amount_shipped,"(120, 4500, 545, 4715, 11.01)",0.0
Amount_shipped,"(120, 4500, 598, 4885, 11.15)",0.0
Amount_shipped,"(120, 4500, 622, 4729, 11.5)",0.0
Amount_shipped,"(120, 4500, 136, 4692, 11.61)",0.0
Amount_shipped,"(120, 4500, 494, 4926, 11.95)",0.0
Amount_shipped,"(120, 4500, 627, 4796, 12.52)",0.0
Amount_shipped,"(120, 4500, 604, 4624, 12.57)",0.0
Amount_shipped,"(120, 4500, 497, 4720, 12.7)",0.0
Amount_shipped,"(120, 4500, 503, 4807, 16.06)",0.0
Amount_shipped,"(120, 4500, 612, 4678, 16.32)",0.0
Amount_shipped,"(120, 4500, 345, 4695, 23.25)",0.0
Amount_shipped,"(120, 4500, 696, 4535, 23.59)",0.0
Amount_shipped,"(120, 4500, 250, 4682, 28.56)",0.0
Amount_shipped,"(120, 4500, 572, 4680, 30.45)",0.0
Amount_shipped,"(120, 4500, 371, 4764, 52.72)",0.0
Amount_shipped,"(120, 4500, 312, 4747, 62.13)",0.0
Amount_shipped,"(120, 4500, 417, 4874, 76.13)",0.0
Amount_shipped,"(120, 4500, 350, 4738, 111.96)",0.0
Amount_shipped,"(120, 4500, 327, 4722, 125.89)",0.0
Amount_shipped,"(120, 4500, 555, 4937, 127.49)",0.0
Amount_shipped,"(120, 4500, 239, 4765, 151.68)",0.0
Amount_shipped,"(120, 4500, 558, 4583, 208.94)",0.0
Amount_shipped,"(120, 4500, 592, 4773, 272.69)",0.0
Amount_shipped,"(120, 4500, 303, 4682, 594.76)",0.0
Amount_shipped,"(120, 4500, 519, 4618, 758.82)",0.0
Amount_shipped,"(120, 4500, 190, 4740, 907.18)",0.0
Amount_shipped,"(120, 4500, 604, 4955, 907.45)",0.0
Amount_shipped,"(120, 4500, 334, 4799, 1285.48)",0.0
Amount_shipped,"(120, 4500, 402, 4762, 1356.12)",0.0
Amount_shipped,"(120, 4520, 604, 4556, 10.77)",0.0
Amount_shipped,"(120, 4520, 545, 4715, 11.01)",0.0
Amount_shipped,"(120, 4520, 598, 4885, 11.15)",0.0
Amount_shipped,"(120, 4520, 622, 4729, 11.5)",0.0
Amount_shipped,"(120, 4520, 136, 4692, 11.61)",0.0
Amount_shipped,"(120, 4520, 494, 4926, 11.95)",0.0
Amount_shipped,"(120, 4520, 627, 4796, 12.52)",0.0
Amount_shipped,"(120, 4520, 604, 4624, 12.57)",0.0
Amount_shipped,"(120, 4520, 497, 4720, 12.7)",0.0
Amount_shipped,"(120, 4520, 503, 4807, 16.06)",0.0
Amount_shipped,"(120, 4520, 612, 4678, 16.32)",0.0
Amount_shipped,"(120, 4520, 345, 4695, 23.25)",0.0
Amount_shipped,"(120, 4520, 696, 4535, 23.59)",0.0
Amount_shipped,"(120, 4520, 250, 4682, 28.56)",0.0
Amount_shipped,"(120, 4520, 572, 4680, 30.45)",0.0
Amount_shipped,"(120, 4520, 371, 4764, 52.72)",0.0
Amount_shipped,"(120, 4520, 312, 4747, 62.13)",0.0
Amount_shipped,"(120, 4520, 417, 4874, 76.13)",0.0
Amount_shipped,"(120, 4520, 350, 4738, 111.96)",0.0
Amount_shipped,"(120, 4520, 327, 4722, 125.89)",0.0
Amount_shipped,"(120, 4520, 555, 4937, 127.49)",0.0
Amount_shipped,"(120, 4520, 239, 4765, 151.68)",0.0
Amount_shipped,"(120, 4520, 558, 4583, 208.94)",0.0
Amount_shipped,"(120, 4520, 592, 4773, 272.69)",0.0
Amount_shipped,"(120, 4520, 303, 4682, 594.76)",0.0
Amount_shipped,"(120, 4520, 519, 4618, 758.82)",0.0
Amount_shipped,"(120, 4520, 190, 4740, 907.18)",0.0
Amount_shipped,"(120, 4520, 604, 4955, 907.45)",0.0
Amount_shipped,"(120, 4520, 334, 4799, 1285.48)",0.0
Amount_shipped,"(120, 4520, 402, 4762, 1356.12)",0.0
Amount_shipped,"(120, 4540, 604, 4556, 10.77)",0.0
Amount_shipped,"(120, 4540, 545, 4715, 11.01)",0.0
Amount_shipped,"(120, 4540, 598, 4885, 11.15)",0.0
Amount_shipped,"(120, 4540, 622, 4729, 11.5)",0.0
Amount_shipped,"(120, 4540, 136, 4692, 11.61)",0.0
Amount_shipped,"(120, 4540, 494, 4926, 11.95)",0.0
Amount_shipped,"(120, 4540, 627, 4796, 12.52)",0.0
Amount_shipped,"(120, 4540, 604, 4624, 12.57)",0.0
Amount_shipped,"(120, 4540, 497, 4720, 12.7)",0.0
Amount_shipped,"(120, 4540, 503, 4807, 16.06)",0.0
Amount_shipped,"(120, 4540, 612, 4678, 16.32)",0.0
Amount_shipped,"(120, 4540, 345, 4695, 23.25)",0.0
Amount_shipped,"(120, 4540, 696, 4535, 23.59)",0.0
Amount_shipped,"(120, 4540, 250, 4682, 28.56)",0.0
Amount_shipped,"(120, 4540, 572, 4680, 30.45)",0.0
Amount_shipped,"(120, 4540, 371, 4764, 52.72)",0.0
Amount_shipped,"(120, 4540, 312, 4747, 62.13)",0.0
Amount_shipped,"(120, 4540, 417, 4874, 76.13)",0.0
Amount_shipped,"(120, 4540, 350, 4738, 111.96)",0.0
Amount_shipped,"(120, 4540, 327, 4722, 125.89)",0.0
Amount_shipped,"(120, 4540, 555, 4937, 127.49)",0.0
Amount_shipped,"(120, 4540, 239, 4765, 151.68)",0.0
Amount_shipped,"(120, 4540, 558, 4583, 208.94)",0.0
Amount_shipped,"(120, 4540, 592, 4773, 272.69)",0.0
Amount_shipped,"(120, 4540, 303, 4682, 594.76)",0.0
Amount_shipped,"(120, 4540, 519, 4618, 758.82)",0.0
Amount_shipped,"(120, 4540, 190, 4740, 907.18)",0.0
Amount_shipped,"(120, 4540, 604, 4955, 907.45)",0.0
Amount_shipped,"(120, 4540, 334, 4799, 1285.48)",0.0
Amount_shipped,"(120, 4540, 402, 4762, 1356.12)",0.0
Amount_shipped,"(120, 4560, 604, 4556, 10.77)",0.0
Amount_shipped,"(120, 4560, 545, 4715, 11.01)",0.0
Amount_shipped,"(120, 4560, 598, 4885, 11.15)",0.0
Amount_shipped,"(120, 4560, 622, 4729, 11.5)",0.0
Amount_shipped,"(120, 4560, 136, 4692, 11.61)",0.0
Amount_shipped,"(120, 4560, 494, 4926, 11.95)",0.0
Amount_shipped,"(120, 4560, 627, 4796, 12.52)",0.0
Amount_shipped,"(120, 4560, 604, 4624, 12.57)",0.0
Amount_shipped,"(120, 4560, 497, 4720, 12.7)",0.0
Amount_shipped,"(120, 4560, 503, 4807, 16.06)",0.0
Amount_shipped,"(120, 4560, 612, 4678, 16.32)",0.0
Amount_shipped,"(120, 4560, 345, 4695, 23.25)",0.0
Amount_shipped,"(120, 4560, 696, 4535, 23.59)",0.0
Amount_shipped,"(120, 4560, 250, 4682, 28.56)",0.0
Amount_shipped,"(120, 4560, 572, 4680, 30.45)",0.0
Amount_shipped,"(120, 4560, 371, 4764, 52.72)",0.0
Amount_shipped,"(120, 4560, 312, 4747, 62.13)",0.0
Amount_shipped,"(120, 4560, 417, 4874, 76.13)",0.0
Amount_shipped,"(120, 4560, 350, 4738, 111.96)",0.0
Amount_shipped,"(120, 4560, 327, 4722, 125.89)",0.0
Amount_shipped,"(120, 4560, 555, 4937, 127.49)",0.0
Amount_shipped,"(120, 4560, 239, 4765, 151.68)",0.0
Amount_shipped,"(120, 4560, 558, 4583, 208.94)",0.0
Amount_shipped,"(120, 4560, 592, 4773, 272.69)",0.0
Amount_shipped,"(120, 4560, 303, 4682, 594.76)",0.0
Amount_shipped,"(120, 4560, 519, 4618, 758.82)",0.0
Amount_shipped,"(120, 4560, 190, 4740, 907.18)",0.0
Amount_shipped,"(120, 4560, 604, 4955, 907.45)",0.0
Amount_shipped,"(120, 4560, 334, 4799, 1285.48)",0.0
Amount_shipped,"(120, 4560, 402, 4762, 1356.12)",0.0
Amount_shipped,"(120, 4580, 604, 4556, 10.77)",0.0
Amount_shipped,"(120, 4580, 545, 4715, 11.01)",0.0
Amount_shipped,"(120, 4580, 598, 4885, 11.15)",0.0
Amount_shipped,"(120, 4580, 622, 4729, 11.5)",0.0
Amount_shipped,"(120, 4580, 136, 4692, 11.61)",0.0
Amount_shipped,"(120, 4580, 494, 4926, 11.95)",0.0
Amount_shipped,"(120, 4580, 627, 4796, 12.52)",0.0
Amount_shipped,"(120, 4580, 604, 4624, 12.57)",0.0
Amount_shipped,"(120, 4580, 497, 4720, 12.7)",0.0
Amount_shipped,"(120, 4580, 503, 4807, 16.06)",0.0
Amount_shipped,"(120, 4580, 612, 4678, 16.32)",0.0
Amount_shipped,"(120, 4580, 345, 4695, 23.25)",0.0
Amount_shipped,"(120, 4580, 696, 4535, 23.59)",0.0
Amount_shipped,"(120, 4580, 250, 4682, 28.56)",0.0
Amount_shipped,"(120, 4580, 572, 4680, 30.45)",0.0
Amount_shipped,"(120, 4580, 371, 4764, 52.72)",0.0
Amount_shipped,"(120, 4580, 312, 4747, 62.13)",0.0
Amount_shipped,"(120, 4580, 417, 4874, 76.13)",0.0
Amount_shipped,"(120, 4580, 350, 4738, 111.96)",0.0
Amount_shipped,"(120, 4580, 327, 4722, 125.89)",0.0
Amount_shipped,"(120, 4580, 555, 4937, 127.49)",0.0
Amount_shipped,"(120, 4580, 239, 4765, 151.68)",0.0
Amount_shipped,"(120, 4580, 558, 4583, 208.94)",0.0
Amount_shipped,"(120, 4580, 592, 4773, 272.69)",0.0
Amount_shipped,"(120, 4580, 303, 4682, 594.76)",0.0
Amount_shipped,"(120, 4580, 519, 4618, 758.82)",0.0
Amount_shipped,"(120, 4580, 190, 4740, 907.18)",0.0
Amount_shipped,"(120, 4580, 604, 4955, 907.45)",0.0
Amount_shipped,"(120, 4580, 334, 4799, 1285.48)",0.0
Amount_shipped,"(120, 4580, 402, 4762, 1356.12)",0.0
Amount_shipped,"(120, 4600, 604, 4556, 10.77)",0.0
Amount_shipped,"(120, 4600, 545, 4715, 11.01)",0.0
Amount_shipped,"(120, 4600, 598, 4885, 11.15)",0.0
Amount_shipped,"(120, 4600, 622, 4729, 11.5)",0.0
Amount_shipped,"(120, 4600, 136, 4692, 11.61)",0.0
Amount_shipped,"(120, 4600, 494, 4926, 11.95)",0.0
Amount_shipped,"(120, 4600, 627, 4796, 12.52)",0.0
Amount_shipped,"(120, 4600, 604, 4624, 12.57)",0.0
Amount_shipped,"(120, 4600, 497, 4720, 12.7)",0.0
Amount_shipped,"(120, 4600, 503, 4807, 16.06)",0.0
Amount_shipped,"(120, 4600, 612, 4678, 16.32)",0.0
Amount_shipped,"(120, 4600, 345, 4695, 23.25)",0.0
Amount_shipped,"(120, 4600, 696, 4535, 23.59)",0.0
Amount_shipped,"(120, 4600, 250, 4682, 28.56)",0.0
Amount_shipped,"(120, 4600, 572, 4680, 30.45)",0.0
Amount_shipped,"(120, 4600, 371, 4764, 52.72)",0.0
Amount_shipped,"(120, 4600, 312, 4747, 62.13)",0.0
Amount_shipped,"(120, 4600, 417, 4874, 76.13)",0.0
Amount_shipped,"(120, 4600, 350, 4738, 111.96)",0.0
Amount_shipped,"(120, 4600, 327, 4722, 125.89)",0.0
Amount_shipped,"(120, 4600, 555, 4937, 127.49)",0.0
Amount_shipped,"(120, 4600, 239, 4765, 151.68)",0.0
Amount_shipped,"(120, 4600, 558, 4583, 208.94)",0.0
Amount_shipped,"(120, 4600, 592, 4773, 272.69)",0.0
Amount_shipped,"(120, 4600, 303, 4682, 594.76)",0.0
Amount_shipped,"(120, 4600, 519, 4618, 758.82)",0.0
Amount_shipped,"(120, 4600, 190, 4740, 907.18)",0.0
Amount_shipped,"(120, 4600, 604, 4955, 907.45)",0.0
Amount_shipped,"(120, 4600, 334, 4799, 1285.48)",0.0
Amount_shipped,"(120, 4600, 402, 4762, 1356.12)",0.0
Amount_shipped,"(120, 4620, 604, 4556, 10.77)",0.0
Amount_shipped,"(120, 4620, 545, 4715, 11.01)",0.0
Amount_shipped,"(120, 4620, 598, 4885, 11.15)",0.0
Amount_shipped,"(120, 4620, 622, 4729, 11.5)",0.0
Amount_shipped,"(120, 4620, 136, 4692, 11.61)",0.0
Amount_shipped,"(120, 4620, 494, 4926, 11.95)",0.0
Amount_shipped,"(120, 4620, 627, 4796, 12.52)",0.0
Amount_shipped,"(120, 4620, 604, 4624, 12.57)",0.0
Amount_shipped,"(120, 4620, 497, 4720, 12.7)",0.0
Amount_shipped,"(120, 4620, 503, 4807, 16.06)",0.0
Amount_shipped,"(120, 4620, 612, 4678, 16.32)",0.0
Amount_shipped,"(120, 4620, 345, 4695, 23.25)",0.0
Amount_shipped,"(120, 4620, 696, 4535, 23.59)",0.0
Amount_shipped,"(120, 4620, 250, 4682, 28.56)",0.0
Amount_shipped,"(120, 4620, 572, 4680, 30.45)",0.0
Amount_shipped,"(120, 4620, 371, 4764, 52.72)",0.0
Amount_shipped,"(120, 4620, 312, 4747, 62.13)",0.0
Amount_shipped,"(120, 4620, 417, 4874, 76.13)",0.0
Amount_shipped,"(120, 4620, 350, 4738, 111.96)",0.0
Amount_shipped,"(120, 4620, 327, 4722, 125.89)",0.0
Amount_shipped,"(120, 4620, 555, 4937, 127.49)",0.0
Amount_shipped,"(120, 4620, 239, 4765, 151.68)",0.0
Amount_shipped,"(120, 4620, 558, 4583, 208.94)",0.0
Amount_shipped,"(120, 4620, 592, 4773, 272.69)",0.0
Amount_shipped,"(120, 4620, 303, 4682, 594.76)",0.0
Amount_shipped,"(120, 4620, 519, 4618, 758.82)",0.0
Amount_shipped,"(120, 4620, 190, 4740, 907.18)",0.0
Amount_shipped,"(120, 4620, 604, 4955, 907.45)",0.0
Amount_shipped,"(120, 4620, 334, 4799, 1285.48)",0.0
Amount_shipped,"(120, 4620, 402, 4762, 1356.12)",0.0
Amount_shipped,"(120, 4640, 604, 4556, 10.77)",0.0
Amount_shipped,"(120, 4640, 545, 4715, 11.01)",0.0
Amount_shipped,"(120, 4640, 598, 4885, 11.15)",0.0
Amount_shipped,"(120, 4640, 622, 4729, 11.5)",0.0
Amount_shipped,"(120, 4640, 136, 4692, 11.61)",0.0
Amount_shipped,"(120, 4640, 494, 4926, 11.95)",0.0
Amount_shipped,"(120, 4640, 627, 4796, 12.52)",0.0
Amount_shipped,"(120, 4640, 604, 4624, 12.57)",0.0
Amount_shipped,"(120, 4640, 497, 4720, 12.7)",0.0
Amount_shipped,"(120, 4640, 503, 4807, 16.06)",0.0
Amount_shipped,"(120, 4640, 612, 4678, 16.32)",0.0
Amount_shipped,"(120, 4640, 345, 4695, 23.25)",0.0
Amount_shipped,"(120, 4640, 696, 4535, 23.59)",0.0
Amount_shipped,"(120, 4640, 250, 4682, 28.56)",0.0
Amount_shipped,"(120, 4640, 572, 4680, 30.45)",0.0
Amount_shipped,"(120, 4640, 371, 4764, 52.72)",0.0
Amount_shipped,"(120, 4640, 312, 4747, 62.13)",0.0
Amount_shipped,"(120, 4640, 417, 4874, 76.13)",0.0
Amount_shipped,"(120, 4640, 350, 4738, 111.96)",0.0
Amount_shipped,"(120, 4640, 327, 4722, 125.89)",0.0
Amount_shipped,"(120, 4640, 555, 4937, 127.49)",0.0
Amount_shipped,"(120, 4640, 239, 4765, 151.68)",0.0
Amount_shipped,"(120, 4640, 558, 4583, 208.94)",0.0
Amount_shipped,"(120, 4640, 592, 4773, 272.69)",0.0
Amount_shipped,"(120, 4640, 303, 4682, 594.76)",0.0
Amount_shipped,"(120, 4640, 519, 4618, 758.82)",0.0
Amount_shipped,"(120, 4640, 190, 4740, 907.18)",0.0
Amount_shipped,"(120, 4640, 604, 4955, 907.45)",0.0
Amount_shipped,"(120, 4640, 334, 4799, 1285.48)",0.0
Amount_shipped,"(120, 4640, 402, 4762, 1356.12)",0.0
Amount_shipped,"(120, 4660, 604, 4556, 10.77)",0.0
Amount_shipped,"(120, 4660, 545, 4715, 11.01)",0.0
Amount_shipped,"(120, 4660, 598, 4885, 11.15)",0.0
Amount_shipped,"(120, 4660, 622, 4729, 11.5)",0.0
Amount_shipped,"(120, 4660, 136, 4692, 11.61)",0.0
Amount_shipped,"(120, 4660, 494, 4926, 11.95)",0.0
Amount_shipped,"(120, 4660, 627, 4796, 12.52)",0.0
Amount_shipped,"(120, 4660, 604, 4624, 12.57)",0.0
Amount_shipped,"(120, 4660, 497, 4720, 12.7)",0.0
Amount_shipped,"(120, 4660, 503, 4807, 16.06)",0.0
Amount_shipped,"(120, 4660, 612, 4678, 16.32)",0.0
Amount_shipped,"(120, 4660, 345, 4695, 23.25)",0.0
Amount_shipped,"(120, 4660, 696, 4535, 23.59)",0.0
Amount_shipped,"(120, 4660, 250, 4682, 28.56)",0.0
Amount_shipped,"(120, 4660, 572, 4680, 30.45)",0.0
Amount_shipped,"(120, 4660, 371, 4764, 52.72)",0.0
Amount_shipped,"(120, 4660, 312, 4747, 62.13)",0.0
Amount_shipped,"(120, 4660, 417, 4874, 76.13)",0.0
Amount_shipped,"(120, 4660, 350, 4738, 111.96)",0.0
Amount_shipped,"(120, 4660, 327, 4722, 125.89)",0.0
Amount_shipped,"(120, 4660, 555, 4937, 127.49)",0.0
Amount_shipped,"(120, 4660, 239, 4765, 151.68)",0.0
Amount_shipped,"(120, 4660, 558, 4583, 208.94)",0.0
Amount_shipped,"(120, 4660, 592, 4773, 272.69)",0.0
Amount_shipped,"(120, 4660, 303, 4682, 594.76)",0.0
Amount_shipped,"(120, 4660, 519, 4618, 758.82)",0.0
Amount_shipped,"(120, 4660, 190, 4740, 907.18)",0.0
Amount_shipped,"(120, 4660, 604, 4955, 907.45)",0.0
Amount_shipped,"(120, 4660, 334, 4799, 1285.48)",0.0
Amount_shipped,"(120, 4660, 402, 4762, 1356.12)",0.0
Amount_shipped,"(120, 4680, 604, 4556, 10.77)",0.0
Amount_shipped,"(120, 4680, 545, 4715, 11.01)",0.0
Amount_shipped,"(120, 4680, 598, 4885, 11.15)",0.0
Amount_shipped,"(120, 4680, 622, 4729, 11.5)",0.0
Amount_shipped,"(120, 4680, 136, 4692, 11.61)",0.0
Amount_shipped,"(120, 4680, 494, 4926, 11.95)",0.0
Amount_shipped,"(120, 4680, 627, 4796, 12.52)",0.0
Amount_shipped,"(120, 4680, 604, 4624, 12.57)",0.0
Amount_shipped,"(120, 4680, 497, 4720, 12.7)",0.0
Amount_shipped,"(120, 4680, 503, 4807, 16.06)",0.0
Amount_shipped,"(120, 4680, 612, 4678, 16.32)",0.0
Amount_shipped,"(120, 4680, 345, 4695, 23.25)",0.0
Amount_shipped,"(120, 4680, 696, 4535, 23.59)",0.0
Amount_shipped,"(120, 4680, 250, 4682, 28.56)",0.0
Amount_shipped,"(120, 4680, 572, 4680, 30.45)",0.0
Amount_shipped,"(120, 4680, 371, 4764, 52.72)",0.0
Amount_shipped,"(120, 4680, 312, 4747, 62.13)",0.0
Amount_shipped,"(120, 4680, 417, 4874, 76.13)",0.0
Amount_shipped,"(120, 4680, 350, 4738, 111.96)",0.0
Amount_shipped,"(120, 4680, 327, 4722, 125.89)",0.0
Amount_shipped,"(120, 4680, 555, 4937, 127.49)",0.0
Amount_shipped,"(120, 4680, 239, 4765, 151.68)",0.0
Amount_shipped,"(120, 4680, 558, 4583, 208.94)",0.0
Amount_shipped,"(120, 4680, 592, 4773, 272.69)",0.0
Amount_shipped,"(120, 4680, 303, 4682, 594.76)",0.0
Amount_shipped,"(120, 4680, 519, 4618, 758.82)",0.0
Amount_shipped,"(120, 4680, 190, 4740, 907.18)",0.0
Amount_shipped,"(120, 4680, 604, 4955, 907.45)",0.0
Amount_shipped,"(120, 4680, 334, 4799, 1285.48)",0.0
Amount_shipped,"(120, 4680, 402, 4762, 1356.12)",0.0
Amount_shipped,"(120, 4700, 604, 4556, 10.77)",0.0
Amount_shipped,"(120, 4700, 545, 4715, 11.01)",0.0
Amount_shipped,"(120, 4700, 598, 4885, 11.15)",0.0
Amount_shipped,"(120, 4700, 622, 4729, 11.5)",0.0
Amount_shipped,"(120, 4700, 136, 4692, 11.61)",0.0
Amount_shipped,"(120, 4700, 494, 4926, 11.95)",0.0
Amount_shipped,"(120, 4700, 627, 4796, 12.52)",0.0
Amount_shipped,"(120, 4700, 604, 4624, 12.57)",0.0
Amount_shipped,"(120, 4700, 497, 4720, 12.7)",0.0
Amount_shipped,"(120, 4700, 503, 4807, 16.06)",0.0
Amount_shipped,"(120, 4700, 612, 4678, 16.32)",0.0
Amount_shipped,"(120, 4700, 345, 4695, 23.25)",0.0
Amount_shipped,"(120, 4700, 696, 4535, 23.59)",0.0
Amount_shipped,"(120, 4700, 250, 4682, 28.56)",0.0
Amount_shipped,"(120, 4700, 572, 4680, 30.45)",0.0
Amount_shipped,"(120, 4700, 371, 4764, 52.72)",0.0
Amount_shipped,"(120, 4700, 312, 4747, 62.13)",0.0
Amount_shipped,"(120, 4700, 417, 4874, 76.13)",0.0
Amount_shipped,"(120, 4700, 350, 4738, 111.96)",0.0
Amount_shipped,"(120, 4700, 327, 4722, 125.89)",0.0
Amount_shipped,"(120, 4700, 555, 4937, 127.49)",0.0
Amount_shipped,"(120, 4700, 239, 4765, 151.68)",0.0
Amount_shipped,"(120, 4700, 558, 4583, 208.94)",0.0
Amount_shipped,"(120, 4700, 592, 4773, 272.69)",0.0
Amount_shipped,"(120, 4700, 303, 4682, 594.76)",0.0
Amount_shipped,"(120, 4700, 519, 4618, 758.82)",0.0
Amount_shipped,"(120, 4700, 190, 4740, 907.18)",0.0
Amount_shipped,"(120, 4700, 604, 4955, 907.45)",0.0
Amount_shipped,"(120, 4700, 334, 4799, 1285.48)",0.0
Amount_shipped,"(120, 4700, 402, 4762, 1356.12)",0.0
Amount_shipped,"(120, 4720, 604, 4556, 10.77)",0.0
Amount_shipped,"(120, 4720, 545, 4715, 11.01)",0.0
Amount_shipped,"(120, 4720, 598, 4885, 11.15)",0.0
Amount_shipped,"(120, 4720, 622, 4729, 11.5)",0.0
Amount_shipped,"(120, 4720, 136, 4692, 11.61)",0.0
Amount_shipped,"(120, 4720, 494, 4926, 11.95)",0.0
Amount_shipped,"(120, 4720, 627, 4796, 12.52)",0.0
Amount_shipped,"(120, 4720, 604, 4624, 12.57)",0.0
Amount_shipped,"(120, 4720, 497, 4720, 12.7)",0.0
Amount_shipped,"(120, 4720, 503, 4807, 16.06)",0.0
Amount_shipped,"(120, 4720, 612, 4678, 16.32)",0.0
Amount_shipped,"(120, 4720, 345, 4695, 23.25)",0.0
Amount_shipped,"(120, 4720, 696, 4535, 23.59)",0.0
Amount_shipped,"(120, 4720, 250, 4682, 28.56)",0.0
Amount_shipped,"(120, 4720, 572, 4680, 30.45)",0.0
Amount_shipped,"(120, 4720, 371, 4764, 52.72)",0.0
Amount_shipped,"(120, 4720, 312, 4747, 62.13)",0.0
Amount_shipped,"(120, 4720, 417, 4874, 76.13)",0.0
Amount_shipped,"(120, 4720, 350, 4738, 111.96)",0.0
Amount_shipped,"(120, 4720, 327, 4722, 125.89)",0.0
Amount_shipped,"(120, 4720, 555, 4937, 127.49)",0.0
Amount_shipped,"(120, 4720, 239, 4765, 151.68)",0.0
Amount_shipped,"(120, 4720, 558, 4583, 208.94)",0.0
Amount_shipped,"(120, 4720, 592, 4773, 272.69)",0.0
Amount_shipped,"(120, 4720, 303, 4682, 594.76)",0.0
Amount_shipped,"(120, 4720, 519, 4618, 758.82)",0.0
Amount_shipped,"(120, 4720, 190, 4740, 907.18)",0.0
Amount_shipped,"(120, 4720, 604, 4955, 907.45)",0.0
Amount_shipped,"(120, 4720, 334, 4799, 1285.48)",0.0
Amount_shipped,"(120, 4720, 402, 4762, 1356.12)",0.0
Amount_shipped,"(120, 4740, 604, 4556, 10.77)",0.0
Amount_shipped,"(120, 4740, 545, 4715, 11.01)",0.0
Amount_shipped,"(120, 4740, 598, 4885, 11.15)",0.0
Amount_shipped,"(120, 4740, 622, 4729, 11.5)",0.0
Amount_shipped,"(120, 4740, 136, 4692, 11.61)",0.0
Amount_shipped,"(120, 4740, 494, 4926, 11.95)",0.0
Amount_shipped,"(120, 4740, 627, 4796, 12.52)",0.0
Amount_shipped,"(120, 4740, 604, 4624, 12.57)",0.0
Amount_shipped,"(120, 4740, 497, 4720, 12.7)",0.0
Amount_shipped,"(120, 4740, 503, 4807, 16.06)",0.0
Amount_shipped,"(120, 4740, 612, 4678, 16.32)",0.0
Amount_shipped,"(120, 4740, 345, 4695, 23.25)",0.0
Amount_shipped,"(120, 4740, 696, 4535, 23.59)",0.0
Amount_shipped,"(120, 4740, 250, 4682, 28.56)",0.0
Amount_shipped,"(120, 4740, 572, 4680, 30.45)",0.0
Amount_shipped,"(120, 4740, 371, 4764, 52.72)",0.0
Amount_shipped,"(120, 4740, 312, 4747, 62.13)",0.0
Amount_shipped,"(120, 4740, 417, 4874, 76.13)",0.0
Amount_shipped,"(120, 4740, 350, 4738, 111.96)",0.0
Amount_shipped,"(120, 4740, 327, 4722, 125.89)",0.0
Amount_shipped,"(120, 4740, 555, 4937, 127.49)",0.0
Amount_shipped,"(120, 4740, 239, 4765, 151.68)",0.0
Amount_shipped,"(120, 4740, 558, 4583, 208.94)",0.0
Amount_shipped,"(120, 4740, 592, 4773, 272.69)",0.0
Amount_shipped,"(120, 4740, 303, 4682, 594.76)",0.0
Amount_shipped,"(120, 4740, 519, 4618, 758.82)",0.0
Amount_shipped,"(120, 4740, 190, 4740, 907.18)",0.0
Amount_shipped,"(120, 4740, 604, 4955, 907.45)",0.0
Amount_shipped,"(120, 4740, 334, 4799, 1285.48)",0.0
Amount_shipped,"(120, 4740, 402, 4762, 1356.12)",0.0
Amount_shipped,"(120, 4760, 604, 4556, 10.77)",0.0
Amount_shipped,"(120, 4760, 545, 4715, 11.01)",0.0
Amount_shipped,"(120, 4760, 598, 4885, 11.15)",0.0
Amount_shipped,"(120, 4760, 622, 4729, 11.5)",0.0
Amount_shipped,"(120, 4760, 136, 4692, 11.61)",0.0
Amount_shipped,"(120, 4760, 494, 4926, 11.95)",0.0
Amount_shipped,"(120, 4760, 627, 4796, 12.52)",0.0
Amount_shipped,"(120, 4760, 604, 4624, 12.57)",0.0
Amount_shipped,"(120, 4760, 497, 4720, 12.7)",0.0
Amount_shipped,"(120, 4760, 503, 4807, 16.06)",0.0
Amount_shipped,"(120, 4760, 612, 4678, 16.32)",0.0
Amount_shipped,"(120, 4760, 345, 4695, 23.25)",0.0
Amount_shipped,"(120, 4760, 696, 4535, 23.59)",0.0
Amount_shipped,"(120, 4760, 250, 4682, 28.56)",0.0
Amount_shipped,"(120, 4760, 572, 4680, 30.45)",0.0
Amount_shipped,"(120, 4760, 371, 4764, 52.72)",0.0
Amount_shipped,"(120, 4760, 312, 4747, 62.13)",0.0
Amount_shipped,"(120, 4760, 417, 4874, 76.13)",0.0
Amount_shipped,"(120, 4760, 350, 4738, 111.96)",0.0
Amount_shipped,"(120, 4760, 327, 4722, 125.89)",0.0
Amount_shipped,"(120, 4760, 555, 4937, 127.49)",0.0
Amount_shipped,"(120, 4760, 239, 4765, 151.68)",0.0
Amount_shipped,"(120, 4760, 558, 4583, 208.94)",0.0
Amount_shipped,"(120, 4760, 592, 4773, 272.69)",0.0
Amount_shipped,"(120, 4760, 303, 4682, 594.76)",0.0
Amount_shipped,"(120, 4760, 519, 4618, 758.82)",0.0
Amount_shipped,"(120, 4760, 190, 4740, 907.18)",0.0
Amount_shipped,"(120, 4760, 604, 4955, 907.45)",0.0
Amount_shipped,"(120, 4760, 334, 4799, 1285.48)",0.0
Amount_shipped,"(120, 4760, 402, 4762, 1356.12)",0.0
Amount_shipped,"(120, 4780, 604, 4556, 10.77)",0.0
Amount_shipped,"(120, 4780, 545, 4715, 11.01)",0.0
Amount_shipped,"(120, 4780, 598, 4885, 11.15)",0.0
Amount_shipped,"(120, 4780, 622, 4729, 11.5)",0.0
Amount_shipped,"(120, 4780, 136, 4692, 11.61)",0.0
Amount_shipped,"(120, 4780, 494, 4926, 11.95)",0.0
Amount_shipped,"(120, 4780, 627, 4796, 12.52)",0.0
Amount_shipped,"(120, 4780, 604, 4624, 12.57)",0.0
Amount_shipped,"(120, 4780, 497, 4720, 12.7)",0.0
Amount_shipped,"(120, 4780, 503, 4807, 16.06)",0.0
Amount_shipped,"(120, 4780, 612, 4678, 16.32)",0.0
Amount_shipped,"(120, 4780, 345, 4695, 23.25)",0.0
Amount_shipped,"(120, 4780, 696, 4535, 23.59)",0.0
Amount_shipped,"(120, 4780, 250, 4682, 28.56)",0.0
Amount_shipped,"(120, 4780, 572, 4680, 30.45)",0.0
Amount_shipped,"(120, 4780, 371, 4764, 52.72)",0.0
Amount_shipped,"(120, 4780, 312, 4747, 62.13)",0.0
Amount_shipped,"(120, 4780, 417, 4874, 76.13)",0.0
Amount_shipped,"(120, 4780, 350, 4738, 111.96)",0.0
Amount_shipped,"(120, 4780, 327, 4722, 125.89)",0.0
Amount_shipped,"(120, 4780, 555, 4937, 127.49)",0.0
Amount_shipped,"(120, 4780, 239, 4765, 151.68)",0.0
Amount_shipped,"(120, 4780, 558, 4583, 208.94)",0.0
Amount_shipped,"(120, 4780, 592, 4773, 272.69)",0.0
Amount_shipped,"(120, 4780, 303, 4682, 594.76)",0.0
Amount_shipped,"(120, 4780, 519, 4618, 758.82)",0.0
Amount_shipped,"(120, 4780, 190, 4740, 907.18)",0.0
Amount_shipped,"(120, 4780, 604, 4955, 907.45)",0.0
Amount_shipped,"(120, 4780, 334, 4799, 1285.48)",0.0
Amount_shipped,"(120, 4780, 402, 4762, 1356.12)",0.0
Amount_shipped,"(120, 4800, 604, 4556, 10.77)",0.0
Amount_shipped,"(120, 4800, 545, 4715, 11.01)",0.0
Amount_shipped,"(120, 4800, 598, 4885, 11.15)",0.0
Amount_shipped,"(120, 4800, 622, 4729, 11.5)",0.0
Amount_shipped,"(120, 4800, 136, 4692, 11.61)",0.0
Amount_shipped,"(120, 4800, 494, 4926, 11.95)",0.0
Amount_shipped,"(120, 4800, 627, 4796, 12.52)",0.0
Amount_shipped,"(120, 4800, 604, 4624, 12.57)",0.0
Amount_shipped,"(120, 4800, 497, 4720, 12.7)",0.0
Amount_shipped,"(120, 4800, 503, 4807, 16.06)",0.0
Amount_shipped,"(120, 4800, 612, 4678, 16.32)",0.0
Amount_shipped,"(120, 4800, 345, 4695, 23.25)",0.0
Amount_shipped,"(120, 4800, 696, 4535, 23.59)",0.0
Amount_shipped,"(120, 4800, 250, 4682, 28.56)",0.0
Amount_shipped,"(120, 4800, 572, 4680, 30.45)",0.0
Amount_shipped,"(120, 4800, 371, 4764, 52.72)",0.0
Amount_shipped,"(120, 4800, 312, 4747, 62.13)",0.0
Amount_shipped,"(120, 4800, 417, 4874, 76.13)",0.0
Amount_shipped,"(120, 4800, 350, 4738, 111.96)",0.0
Amount_shipped,"(120, 4800, 327, 4722, 125.89)",0.0
Amount_shipped,"(120, 4800, 555, 4937, 127.49)",0.0
Amount_shipped,"(120, 4800, 239, 4765, 151.68)",0.0
Amount_shipped,"(120, 4800, 558, 4583, 208.94)",0.0
Amount_shipped,"(120, 4800, 592, 4773, 272.69)",0.0
Amount_shipped,"(120, 4800, 303, 4682, 594.76)",0.0
Amount_shipped,"(120, 4800, 519, 4618, 758.82)",0.0
Amount_shipped,"(120, 4800, 190, 4740, 907.18)",0.0
Amount_shipped,"(120, 4800, 604, 4955, 907.45)",0.0
Amount_shipped,"(120, 4800, 334, 4799, 1285.48)",0.0
Amount_shipped,"(120, 4800, 402, 4762, 1356.12)",0.0
Amount_shipped,"(120, 4820, 604, 4556, 10.77)",0.0
Amount_shipped,"(120, 4820, 545, 4715, 11.01)",0.0
Amount_shipped,"(120, 4820, 598, 4885, 11.15)",0.0
Amount_shipped,"(120, 4820, 622, 4729, 11.5)",0.0
Amount_shipped,"(120, 4820, 136, 4692, 11.61)",0.0
Amount_shipped,"(120, 4820, 494, 4926, 11.95)",0.0
Amount_shipped,"(120, 4820, 627, 4796, 12.52)",0.0
Amount_shipped,"(120, 4820, 604, 4624, 12.57)",0.0
Amount_shipped,"(120, 4820, 497, 4720, 12.7)",0.0
Amount_shipped,"(120, 4820, 503, 4807, 16.06)",0.0
Amount_shipped,"(120, 4820, 612, 4678, 16.32)",0.0
Amount_shipped,"(120, 4820, 345, 4695, 23.25)",0.0
Amount_shipped,"(120, 4820, 696, 4535, 23.59)",0.0
Amount_shipped,"(120, 4820, 250, 4682, 28.56)",0.0
Amount_shipped,"(120, 4820, 572, 4680, 30.45)",0.0
Amount_shipped,"(120, 4820, 371, 4764, 52.72)",0.0
Amount_shipped,"(120, 4820, 312, 4747, 62.13)",0.0
Amount_shipped,"(120, 4820, 417, 4874, 76.13)",0.0
Amount_shipped,"(120, 4820, 350, 4738, 111.96)",0.0
Amount_shipped,"(120, 4820, 327, 4722, 125.89)",0.0
Amount_shipped,"(120, 4820, 555, 4937, 127.49)",0.0
Amount_shipped,"(120, 4820, 239, 4765, 151.68)",0.0
Amount_shipped,"(120, 4820, 558, 4583, 208.94)",0.0
Amount_shipped,"(120, 4820, 592, 4773, 272.69)",0.0
Amount_shipped,"(120, 4820, 303, 4682, 594.76)",0.0
Amount_shipped,"(120, 4820, 519, 4618, 758.82)",0.0
Amount_shipped,"(120, 4820, 190, 4740, 907.18)",0.0
Amount_shipped,"(120, 4820, 604, 4955, 907.45)",0.0
Amount_shipped,"(120, 4820, 334, 4799, 1285.48)",0.0
Amount_shipped,"(120, 4820, 402, 4762, 1356.12)",0.0
Amount_shipped,"(120, 4840, 604, 4556, 10.77)",0.0
Amount_shipped,"(120, 4840, 545, 4715, 11.01)",0.0
Amount_shipped,"(120, 4840, 598, 4885, 11.15)",0.0
Amount_shipped,"(120, 4840, 622, 4729, 11.5)",0.0
Amount_shipped,"(120, 4840, 136, 4692, 11.61)",0.0
Amount_shipped,"(120, 4840, 494, 4926, 11.95)",0.0
Amount_shipped,"(120, 4840, 627, 4796, 12.52)",0.0
Amount_shipped,"(120, 4840, 604, 4624, 12.57)",0.0
Amount_shipped,"(120, 4840, 497, 4720, 12.7)",0.0
Amount_shipped,"(120, 4840, 503, 4807, 16.06)",0.0
Amount_shipped,"(120, 4840, 612, 4678, 16.32)",0.0
Amount_shipped,"(120, 4840, 345, 4695, 23.25)",0.0
Amount_shipped,"(120, 4840, 696, 4535, 23.59)",0.0
Amount_shipped,"(120, 4840, 250, 4682, 28.56)",0.0
Amount_shipped,"(120, 4840, 572, 4680, 30.45)",0.0
Amount_shipped,"(120, 4840, 371, 4764, 52.72)",0.0
Amount_shipped,"(120, 4840, 312, 4747, 62.13)",0.0
Amount_shipped,"(120, 4840, 417, 4874, 76.13)",0.0
Amount_shipped,"(120, 4840, 350, 4738, 111.96)",0.0
Amount_shipped,"(120, 4840, 327, 4722, 125.89)",0.0
Amount_shipped,"(120, 4840, 555, 4937, 127.49)",0.0
Amount_shipped,"(120, 4840, 239, 4765, 151.68)",0.0
Amount_shipped,"(120, 4840, 558, 4583, 208.94)",0.0
Amount_shipped,"(120, 4840, 592, 4773, 272.69)",0.0
Amount_shipped,"(120, 4840, 303, 4682, 594.76)",0.0
Amount_shipped,"(120, 4840, 519, 4618, 758.82)",0.0
Amount_shipped,"(120, 4840, 190, 4740, 907.18)",0.0
Amount_shipped,"(120, 4840, 604, 4955, 907.45)",0.0
Amount_shipped,"(120, 4840, 334, 4799, 1285.48)",0.0
Amount_shipped,"(120, 4840, 402, 4762, 1356.12)",0.0
Amount_shipped,"(120, 4860, 604, 4556, 10.77)",0.0
Amount_shipped,"(120, 4860, 545, 4715, 11.01)",0.0
Amount_shipped,"(120, 4860, 598, 4885, 11.15)",0.0
Amount_shipped,"(120, 4860, 622, 4729, 11.5)",0.0
Amount_shipped,"(120, 4860, 136, 4692, 11.61)",0.0
Amount_shipped,"(120, 4860, 494, 4926, 11.95)",0.0
Amount_shipped,"(120, 4860, 627, 4796, 12.52)",0.0
Amount_shipped,"(120, 4860, 604, 4624, 12.57)",0.0
Amount_shipped,"(120, 4860, 497, 4720, 12.7)",0.0
Amount_shipped,"(120, 4860, 503, 4807, 16.06)",0.0
Amount_shipped,"(120, 4860, 612, 4678, 16.32)",0.0
Amount_shipped,"(120, 4860, 345, 4695, 23.25)",0.0
Amount_shipped,"(120, 4860, 696, 4535, 23.59)",0.0
Amount_shipped,"(120, 4860, 250, 4682, 28.56)",0.0
Amount_shipped,"(120, 4860, 572, 4680, 30.45)",0.0
Amount_shipped,"(120, 4860, 371, 4764, 52.72)",0.0
Amount_shipped,"(120, 4860, 312, 4747, 62.13)",0.0
Amount_shipped,"(120, 4860, 417, 4874, 76.13)",0.0
Amount_shipped,"(120, 4860, 350, 4738, 111.96)",0.0
Amount_shipped,"(120, 4860, 327, 4722, 125.89)",0.0
Amount_shipped,"(120, 4860, 555, 4937, 127.49)",0.0
Amount_shipped,"(120, 4860, 239, 4765, 151.68)",0.0
Amount_shipped,"(120, 4860, 558, 4583, 208.94)",0.0
Amount_shipped,"(120, 4860, 592, 4773, 272.69)",0.0
Amount_shipped,"(120, 4860, 303, 4682, 594.76)",0.0
Amount_shipped,"(120, 4860, 519, 4618, 758.82)",0.0
Amount_shipped,"(120, 4860, 190, 4740, 907.18)",0.0
Amount_shipped,"(120, 4860, 604, 4955, 907.45)",0.0
Amount_shipped,"(120, 4860, 334, 4799, 1285.48)",0.0
Amount_shipped,"(120, 4860, 402, 4762, 1356.12)",0.0
Amount_shipped,"(120, 4880, 604, 4556, 10.77)",0.0
Amount_shipped,"(120, 4880, 545, 4715, 11.01)",0.0
Amount_shipped,"(120, 4880, 598, 4885, 11.15)",0.0
Amount_shipped,"(120, 4880, 622, 4729, 11.5)",0.0
Amount_shipped,"(120, 4880, 136, 4692, 11.61)",0.0
Amount_shipped,"(120, 4880, 494, 4926, 11.95)",0.0
Amount_shipped,"(120, 4880, 627, 4796, 12.52)",0.0
Amount_shipped,"(120, 4880, 604, 4624, 12.57)",0.0
Amount_shipped,"(120, 4880, 497, 4720, 12.7)",0.0
Amount_shipped,"(120, 4880, 503, 4807, 16.06)",0.0
Amount_shipped,"(120, 4880, 612, 4678, 16.32)",0.0
Amount_shipped,"(120, 4880, 345, 4695, 23.25)",0.0
Amount_shipped,"(120, 4880, 696, 4535, 23.59)",0.0
Amount_shipped,"(120, 4880, 250, 4682, 28.56)",0.0
Amount_shipped,"(120, 4880, 572, 4680, 30.45)",0.0
Amount_shipped,"(120, 4880, 371, 4764, 52.72)",0.0
Amount_shipped,"(120, 4880, 312, 4747, 62.13)",0.0
Amount_shipped,"(120, 4880, 417, 4874, 76.13)",0.0
Amount_shipped,"(120, 4880, 350, 4738, 111.96)",0.0
Amount_shipped,"(120, 4880, 327, 4722, 125.89)",0.0
Amount_shipped,"(120, 4880, 555, 4937, 127.49)",0.0
Amount_shipped,"(120, 4880, 239, 4765, 151.68)",0.0
Amount_shipped,"(120, 4880, 558, 4583, 208.94)",0.0
Amount_shipped,"(120, 4880, 592, 4773, 272.69)",0.0
Amount_shipped,"(120, 4880, 303, 4682, 594.76)",0.0
Amount_shipped,"(120, 4880, 519, 4618, 758.82)",0.0
Amount_shipped,"(120, 4880, 190, 4740, 907.18)",0.0
Amount_shipped,"(120, 4880, 604, 4955, 907.45)",0.0
Amount_shipped,"(120, 4880, 334, 4799, 1285.48)",0.0
Amount_shipped,"(120, 4880, 402, 4762, 1356.12)",0.0
Amount_shipped,"(120, 4900, 604, 4556, 10.77)",0.0
Amount_shipped,"(120, 4900, 545, 4715, 11.01)",0.0
Amount_shipped,"(120, 4900, 598, 4885, 11.15)",0.0
Amount_shipped,"(120, 4900, 622, 4729, 11.5)",0.0
Amount_shipped,"(120, 4900, 136, 4692, 11.61)",0.0
Amount_shipped,"(120, 4900, 494, 4926, 11.95)",0.0
Amount_shipped,"(120, 4900, 627, 4796, 12.52)",0.0
Amount_shipped,"(120, 4900, 604, 4624, 12.57)",0.0
Amount_shipped,"(120, 4900, 497, 4720, 12.7)",0.0
Amount_shipped,"(120, 4900, 503, 4807, 16.06)",0.0
Amount_shipped,"(120, 4900, 612, 4678, 16.32)",0.0
Amount_shipped,"(120, 4900, 345, 4695, 23.25)",0.0
Amount_shipped,"(120, 4900, 696, 4535, 23.59)",0.0
Amount_shipped,"(120, 4900, 250, 4682, 28.56)",0.0
Amount_shipped,"(120, 4900, 572, 4680, 30.45)",0.0
Amount_shipped,"(120, 4900, 371, 4764, 52.72)",0.0
Amount_shipped,"(120, 4900, 312, 4747, 62.13)",0.0
Amount_shipped,"(120, 4900, 417, 4874, 76.13)",0.0
Amount_shipped,"(120, 4900, 350, 4738, 111.96)",0.0
Amount_shipped,"(120, 4900, 327, 4722, 125.89)",0.0
Amount_shipped,"(120, 4900, 555, 4937, 127.49)",0.0
Amount_shipped,"(120, 4900, 239, 4765, 151.68)",0.0
Amount_shipped,"(120, 4900, 558, 4583, 208.94)",0.0
Amount_shipped,"(120, 4900, 592, 4773, 272.69)",0.0
Amount_shipped,"(120, 4900, 303, 4682, 594.76)",0.0
Amount_shipped,"(120, 4900, 519, 4618, 758.82)",0.0
Amount_shipped,"(120, 4900, 190, 4740, 907.18)",0.0
Amount_shipped,"(120, 4900, 604, 4955, 907.45)",0.0
Amount_shipped,"(120, 4900, 334, 4799, 1285.48)",0.0
Amount_shipped,"(120, 4900, 402, 4762, 1356.12)",0.0
Amount_shipped,"(120, 4920, 604, 4556, 10.77)",0.0
Amount_shipped,"(120, 4920, 545, 4715, 11.01)",0.0
Amount_shipped,"(120, 4920, 598, 4885, 11.15)",0.0
Amount_shipped,"(120, 4920, 622, 4729, 11.5)",0.0
Amount_shipped,"(120, 4920, 136, 4692, 11.61)",0.0
Amount_shipped,"(120, 4920, 494, 4926, 11.95)",0.0
Amount_shipped,"(120, 4920, 627, 4796, 12.52)",0.0
Amount_shipped,"(120, 4920, 604, 4624, 12.57)",0.0
Amount_shipped,"(120, 4920, 497, 4720, 12.7)",0.0
Amount_shipped,"(120, 4920, 503, 4807, 16.06)",0.0
Amount_shipped,"(120, 4920, 612, 4678, 16.32)",0.0
Amount_shipped,"(120, 4920, 345, 4695, 23.25)",0.0
Amount_shipped,"(120, 4920, 696, 4535, 23.59)",0.0
Amount_shipped,"(120, 4920, 250, 4682, 28.56)",0.0
Amount_shipped,"(120, 4920, 572, 4680, 30.45)",0.0
Amount_shipped,"(120, 4920, 371, 4764, 52.72)",0.0
Amount_shipped,"(120, 4920, 312, 4747, 62.13)",0.0
Amount_shipped,"(120, 4920, 417, 4874, 76.13)",0.0
Amount_shipped,"(120, 4920, 350, 4738, 111.96)",0.0
Amount_shipped,"(120, 4920, 327, 4722, 125.89)",0.0
Amount_shipped,"(120, 4920, 555, 4937, 127.49)",0.0
Amount_shipped,"(120, 4920, 239, 4765, 151.68)",0.0
Amount_shipped,"(120, 4920, 558, 4583, 208.94)",0.0
Amount_shipped,"(120, 4920, 592, 4773, 272.69)",0.0
Amount_shipped,"(120, 4920, 303, 4682, 594.76)",0.0
Amount_shipped,"(120, 4920, 519, 4618, 758.82)",0.0
Amount_shipped,"(120, 4920, 190, 4740, 907.18)",0.0
Amount_shipped,"(120, 4920, 604, 4955, 907.45)",0.0
Amount_shipped,"(120, 4920, 334, 4799, 1285.48)",0.0
Amount_shipped,"(120, 4920, 402, 4762, 1356.12)",0.0
Amount_shipped,"(120, 4940, 604, 4556, 10.77)",0.0
Amount_shipped,"(120, 4940, 545, 4715, 11.01)",0.0
Amount_shipped,"(120, 4940, 598, 4885, 11.15)",0.0
Amount_shipped,"(120, 4940, 622, 4729, 11.5)",0.0
Amount_shipped,"(120, 4940, 136, 4692, 11.61)",0.0
Amount_shipped,"(120, 4940, 494, 4926, 11.95)",0.0
Amount_shipped,"(120, 4940, 627, 4796, 12.52)",0.0
Amount_shipped,"(120, 4940, 604, 4624, 12.57)",0.0
Amount_shipped,"(120, 4940, 497, 4720, 12.7)",0.0
Amount_shipped,"(120, 4940, 503, 4807, 16.06)",0.0
Amount_shipped,"(120, 4940, 612, 4678, 16.32)",0.0
Amount_shipped,"(120, 4940, 345, 4695, 23.25)",0.0
Amount_shipped,"(120, 4940, 696, 4535, 23.59)",0.0
Amount_shipped,"(120, 4940, 250, 4682, 28.56)",0.0
Amount_shipped,"(120, 4940, 572, 4680, 30.45)",0.0
Amount_shipped,"(120, 4940, 371, 4764, 52.72)",0.0
Amount_shipped,"(120, 4940, 312, 4747, 62.13)",0.0
Amount_shipped,"(120, 4940, 417, 4874, 76.13)",0.0
Amount_shipped,"(120, 4940, 350, 4738, 111.96)",0.0
Amount_shipped,"(120, 4940, 327, 4722, 125.89)",0.0
Amount_shipped,"(120, 4940, 555, 4937, 127.49)",0.0
Amount_shipped,"(120, 4940, 239, 4765, 151.68)",0.0
Amount_shipped,"(120, 4940, 558, 4583, 208.94)",0.0
Amount_shipped,"(120, 4940, 592, 4773, 272.69)",0.0
Amount_shipped,"(120, 4940, 303, 4682, 594.76)",0.0
Amount_shipped,"(120, 4940, 519, 4618, 758.82)",0.0
Amount_shipped,"(120, 4940, 190, 4740, 907.18)",0.0
Amount_shipped,"(120, 4940, 604, 4955, 907.45)",0.0
Amount_shipped,"(120, 4940, 334, 4799, 1285.48)",0.0
Amount_shipped,"(120, 4940, 402, 4762, 1356.12)",0.0
Amount_shipped,"(120, 4960, 604, 4556, 10.77)",0.0
Amount_shipped,"(120, 4960, 545, 4715, 11.01)",0.0
Amount_shipped,"(120, 4960, 598, 4885, 11.15)",0.0
Amount_shipped,"(120, 4960, 622, 4729, 11.5)",0.0
Amount_shipped,"(120, 4960, 136, 4692, 11.61)",0.0
Amount_shipped,"(120, 4960, 494, 4926, 11.95)",0.0
Amount_shipped,"(120, 4960, 627, 4796, 12.52)",0.0
Amount_shipped,"(120, 4960, 604, 4624, 12.57)",0.0
Amount_shipped,"(120, 4960, 497, 4720, 12.7)",0.0
Amount_shipped,"(120, 4960, 503, 4807, 16.06)",0.0
Amount_shipped,"(120, 4960, 612, 4678, 16.32)",0.0
Amount_shipped,"(120, 4960, 345, 4695, 23.25)",0.0
Amount_shipped,"(120, 4960, 696, 4535, 23.59)",0.0
Amount_shipped,"(120, 4960, 250, 4682, 28.56)",0.0
Amount_shipped,"(120, 4960, 572, 4680, 30.45)",0.0
Amount_shipped,"(120, 4960, 371, 4764, 52.72)",0.0
Amount_shipped,"(120, 4960, 312, 4747, 62.13)",0.0
Amount_shipped,"(120, 4960, 417, 4874, 76.13)",0.0
Amount_shipped,"(120, 4960, 350, 4738, 111.96)",0.0
Amount_shipped,"(120, 4960, 327, 4722, 125.89)",0.0
Amount_shipped,"(120, 4960, 555, 4937, 127.49)",0.0
Amount_shipped,"(120, 4960, 239, 4765, 151.68)",0.0
Amount_shipped,"(120, 4960, 558, 4583, 208.94)",0.0
Amount_shipped,"(120, 4960, 592, 4773, 272.69)",0.0
Amount_shipped,"(120, 4960, 303, 4682, 594.76)",0.0
Amount_shipped,"(120, 4960, 519, 4618, 758.82)",0.0
Amount_shipped,"(120, 4960, 190, 4740, 907.18)",0.0
Amount_shipped,"(120, 4960, 604, 4955, 907.45)",0.0
Amount_shipped,"(120, 4960, 334, 4799, 1285.48)",0.0
Amount_shipped,"(120, 4960, 402, 4762, 1356.12)",0.0
Amount_shipped,"(120, 4980, 604, 4556, 10.77)",0.0
Amount_shipped,"(120, 4980, 545, 4715, 11.01)",0.0
Amount_shipped,"(120, 4980, 598, 4885, 11.15)",0.0
Amount_shipped,"(120, 4980, 622, 4729, 11.5)",0.0
Amount_shipped,"(120, 4980, 136, 4692, 11.61)",0.0
Amount_shipped,"(120, 4980, 494, 4926, 11.95)",0.0
Amount_shipped,"(120, 4980, 627, 4796, 12.52)",0.0
Amount_shipped,"(120, 4980, 604, 4624, 12.57)",0.0
Amount_shipped,"(120, 4980, 497, 4720, 12.7)",0.0
Amount_shipped,"(120, 4980, 503, 4807, 16.06)",0.0
Amount_shipped,"(120, 4980, 612, 4678, 16.32)",0.0
Amount_shipped,"(120, 4980, 345, 4695, 23.25)",0.0
Amount_shipped,"(120, 4980, 696, 4535, 23.59)",0.0
Amount_shipped,"(120, 4980, 250, 4682, 28.56)",0.0
Amount_shipped,"(120, 4980, 572, 4680, 30.45)",0.0
Amount_shipped,"(120, 4980, 371, 4764, 52.72)",0.0
Amount_shipped,"(120, 4980, 312, 4747, 62.13)",0.0
Amount_shipped,"(120, 4980, 417, 4874, 76.13)",0.0
Amount_shipped,"(120, 4980, 350, 4738, 111.96)",0.0
Amount_shipped,"(120, 4980, 327, 4722, 125.89)",0.0
Amount_shipped,"(120, 4980, 555, 4937, 127.49)",0.0
Amount_shipped,"(120, 4980, 239, 4765, 151.68)",0.0
Amount_shipped,"(120, 4980, 558, 4583, 208.94)",0.0
Amount_shipped,"(120, 4980, 592, 4773, 272.69)",0.0
Amount_shipped,"(120, 4980, 303, 4682, 594.76)",0.0
Amount_shipped,"(120, 4980, 519, 4618, 758.82)",0.0
Amount_shipped,"(120, 4980, 190, 4740, 907.18)",0.0
Amount_shipped,"(120, 4980, 604, 4955, 907.45)",0.0
Amount_shipped,"(120, 4980, 334, 4799, 1285.48)",0.0
Amount_shipped,"(120, 4980, 402, 4762, 1356.12)",0.0
Amount_shipped,"(140, 4440, 604, 4556, 10.77)",0.0
Amount_shipped,"(140, 4440, 545, 4715, 11.01)",0.0
Amount_shipped,"(140, 4440, 598, 4885, 11.15)",0.0
Amount_shipped,"(140, 4440, 622, 4729, 11.5)",0.0
Amount_shipped,"(140, 4440, 136, 4692, 11.61)",0.0
Amount_shipped,"(140, 4440, 494, 4926, 11.95)",0.0
Amount_shipped,"(140, 4440, 627, 4796, 12.52)",0.0
Amount_shipped,"(140, 4440, 604, 4624, 12.57)",0.0
Amount_shipped,"(140, 4440, 497, 4720, 12.7)",0.0
Amount_shipped,"(140, 4440, 503, 4807, 16.06)",0.0
Amount_shipped,"(140, 4440, 612, 4678, 16.32)",0.0
Amount_shipped,"(140, 4440, 345, 4695, 23.25)",0.0
Amount_shipped,"(140, 4440, 696, 4535, 23.59)",0.0
Amount_shipped,"(140, 4440, 250, 4682, 28.56)",0.0
Amount_shipped,"(140, 4440, 572, 4680, 30.45)",0.0
Amount_shipped,"(140, 4440, 371, 4764, 52.72)",0.0
Amount_shipped,"(140, 4440, 312, 4747, 62.13)",0.0
Amount_shipped,"(140, 4440, 417, 4874, 76.13)",0.0
Amount_shipped,"(140, 4440, 350, 4738, 111.96)",0.0
Amount_shipped,"(140, 4440, 327, 4722, 125.89)",0.0
Amount_shipped,"(140, 4440, 555, 4937, 127.49)",0.0
Amount_shipped,"(140, 4440, 239, 4765, 151.68)",0.0
Amount_shipped,"(140, 4440, 558, 4583, 208.94)",0.0
Amount_shipped,"(140, 4440, 592, 4773, 272.69)",0.0
Amount_shipped,"(140, 4440, 303, 4682, 594.76)",0.0
Amount_shipped,"(140, 4440, 519, 4618, 758.82)",0.0
Amount_shipped,"(140, 4440, 190, 4740, 907.18)",0.0
Amount_shipped,"(140, 4440, 604, 4955, 907.45)",0.0
Amount_shipped,"(140, 4440, 334, 4799, 1285.48)",0.0
Amount_shipped,"(140, 4440, 402, 4762, 1356.12)",0.0
Amount_shipped,"(140, 4460, 604, 4556, 10.77)",0.0
Amount_shipped,"(140, 4460, 545, 4715, 11.01)",0.0
Amount_shipped,"(140, 4460, 598, 4885, 11.15)",0.0
Amount_shipped,"(140, 4460, 622, 4729, 11.5)",0.0
Amount_shipped,"(140, 4460, 136, 4692, 11.61)",0.0
Amount_shipped,"(140, 4460, 494, 4926, 11.95)",0.0
Amount_shipped,"(140, 4460, 627, 4796, 12.52)",0.0
Amount_shipped,"(140, 4460, 604, 4624, 12.57)",0.0
Amount_shipped,"(140, 4460, 497, 4720, 12.7)",0.0
Amount_shipped,"(140, 4460, 503, 4807, 16.06)",0.0
Amount_shipped,"(140, 4460, 612, 4678, 16.32)",0.0
Amount_shipped,"(140, 4460, 345, 4695, 23.25)",0.0
Amount_shipped,"(140, 4460, 696, 4535, 23.59)",0.0
Amount_shipped,"(140, 4460, 250, 4682, 28.56)",0.0
Amount_shipped,"(140, 4460, 572, 4680, 30.45)",0.0
Amount_shipped,"(140, 4460, 371, 4764, 52.72)",0.0
Amount_shipped,"(140, 4460, 312, 4747, 62.13)",0.0
Amount_shipped,"(140, 4460, 417, 4874, 76.13)",0.0
Amount_shipped,"(140, 4460, 350, 4738, 111.96)",0.0
Amount_shipped,"(140, 4460, 327, 4722, 125.89)",0.0
Amount_shipped,"(140, 4460, 555, 4937, 127.49)",0.0
Amount_shipped,"(140, 4460, 239, 4765, 151.68)",0.0
Amount_shipped,"(140, 4460, 558, 4583, 208.94)",0.0
Amount_shipped,"(140, 4460, 592, 4773, 272.69)",0.0
Amount_shipped,"(140, 4460, 303, 4682, 594.76)",0.0
Amount_shipped,"(140, 4460, 519, 4618, 758.82)",0.0
Amount_shipped,"(140, 4460, 190, 4740, 907.18)",0.0
Amount_shipped,"(140, 4460, 604, 4955, 907.45)",0.0
Amount_shipped,"(140, 4460, 334, 4799, 1285.48)",0.0
Amount_shipped,"(140, 4460, 402, 4762, 1356.12)",0.0
Amount_shipped,"(140, 4480, 604, 4556, 10.77)",0.0
Amount_shipped,"(140, 4480, 545, 4715, 11.01)",0.0
Amount_shipped,"(140, 4480, 598, 4885, 11.15)",0.0
Amount_shipped,"(140, 4480, 622, 4729, 11.5)",0.0
Amount_shipped,"(140, 4480, 136, 4692, 11.61)",0.0
Amount_shipped,"(140, 4480, 494, 4926, 11.95)",0.0
Amount_shipped,"(140, 4480, 627, 4796, 12.52)",0.0
Amount_shipped,"(140, 4480, 604, 4624, 12.57)",0.0
Amount_shipped,"(140, 4480, 497, 4720, 12.7)",0.0
Amount_shipped,"(140, 4480, 503, 4807, 16.06)",0.0
Amount_shipped,"(140, 4480, 612, 4678, 16.32)",0.0
Amount_shipped,"(140, 4480, 345, 4695, 23.25)",0.0
Amount_shipped,"(140, 4480, 696, 4535, 23.59)",0.0
Amount_shipped,"(140, 4480, 250, 4682, 28.56)",0.0
Amount_shipped,"(140, 4480, 572, 4680, 30.45)",0.0
Amount_shipped,"(140, 4480, 371, 4764, 52.72)",0.0
Amount_shipped,"(140, 4480, 312, 4747, 62.13)",0.0
Amount_shipped,"(140, 4480, 417, 4874, 76.13)",0.0
Amount_shipped,"(140, 4480, 350, 4738, 111.96)",0.0
Amount_shipped,"(140, 4480, 327, 4722, 125.89)",0.0
Amount_shipped,"(140, 4480, 555, 4937, 127.49)",0.0
Amount_shipped,"(140, 4480, 239, 4765, 151.68)",0.0
Amount_shipped,"(140, 4480, 558, 4583, 208.94)",0.0
Amount_shipped,"(140, 4480, 592, 4773, 272.69)",0.0
Amount_shipped,"(140, 4480, 303, 4682, 594.76)",0.0
Amount_shipped,"(140, 4480, 519, 4618, 758.82)",0.0
Amount_shipped,"(140, 4480, 190, 4740, 907.18)",0.0
Amount_shipped,"(140, 4480, 604, 4955, 907.45)",0.0
Amount_shipped,"(140, 4480, 334, 4799, 1285.48)",0.0
Amount_shipped,"(140, 4480, 402, 4762, 1356.12)",0.0
Amount_shipped,"(140, 4500, 604, 4556, 10.77)",0.0
Amount_shipped,"(140, 4500, 545, 4715, 11.01)",0.0
Amount_shipped,"(140, 4500, 598, 4885, 11.15)",0.0
Amount_shipped,"(140, 4500, 622, 4729, 11.5)",0.0
Amount_shipped,"(140, 4500, 136, 4692, 11.61)",0.0
Amount_shipped,"(140, 4500, 494, 4926, 11.95)",0.0
Amount_shipped,"(140, 4500, 627, 4796, 12.52)",0.0
Amount_shipped,"(140, 4500, 604, 4624, 12.57)",0.0
Amount_shipped,"(140, 4500, 497, 4720, 12.7)",0.0
Amount_shipped,"(140, 4500, 503, 4807, 16.06)",0.0
Amount_shipped,"(140, 4500, 612, 4678, 16.32)",0.0
Amount_shipped,"(140, 4500, 345, 4695, 23.25)",0.0
Amount_shipped,"(140, 4500, 696, 4535, 23.59)",0.0
Amount_shipped,"(140, 4500, 250, 4682, 28.56)",0.0
Amount_shipped,"(140, 4500, 572, 4680, 30.45)",0.0
Amount_shipped,"(140, 4500, 371, 4764, 52.72)",0.0
Amount_shipped,"(140, 4500, 312, 4747, 62.13)",0.0
Amount_shipped,"(140, 4500, 417, 4874, 76.13)",0.0
Amount_shipped,"(140, 4500, 350, 4738, 111.96)",0.0
Amount_shipped,"(140, 4500, 327, 4722, 125.89)",0.0
Amount_shipped,"(140, 4500, 555, 4937, 127.49)",0.0
Amount_shipped,"(140, 4500, 239, 4765, 151.68)",0.0
Amount_shipped,"(140, 4500, 558, 4583, 208.94)",0.0
Amount_shipped,"(140, 4500, 592, 4773, 272.69)",0.0
Amount_shipped,"(140, 4500, 303, 4682, 594.76)",0.0
Amount_shipped,"(140, 4500, 519, 4618, 758.82)",0.0
Amount_shipped,"(140, 4500, 190, 4740, 907.18)",0.0
Amount_shipped,"(140, 4500, 604, 4955, 907.45)",0.0
Amount_shipped,"(140, 4500, 334, 4799, 1285.48)",0.0
Amount_shipped,"(140, 4500, 402, 4762, 1356.12)",0.0
Amount_shipped,"(140, 4520, 604, 4556, 10.77)",0.0
Amount_shipped,"(140, 4520, 545, 4715, 11.01)",0.0
Amount_shipped,"(140, 4520, 598, 4885, 11.15)",0.0
Amount_shipped,"(140, 4520, 622, 4729, 11.5)",0.0
Amount_shipped,"(140, 4520, 136, 4692, 11.61)",0.0
Amount_shipped,"(140, 4520, 494, 4926, 11.95)",0.0
Amount_shipped,"(140, 4520, 627, 4796, 12.52)",0.0
Amount_shipped,"(140, 4520, 604, 4624, 12.57)",0.0
Amount_shipped,"(140, 4520, 497, 4720, 12.7)",0.0
Amount_shipped,"(140, 4520, 503, 4807, 16.06)",0.0
Amount_shipped,"(140, 4520, 612, 4678, 16.32)",0.0
Amount_shipped,"(140, 4520, 345, 4695, 23.25)",0.0
Amount_shipped,"(140, 4520, 696, 4535, 23.59)",0.0
Amount_shipped,"(140, 4520, 250, 4682, 28.56)",0.0
Amount_shipped,"(140, 4520, 572, 4680, 30.45)",0.0
Amount_shipped,"(140, 4520, 371, 4764, 52.72)",0.0
Amount_shipped,"(140, 4520, 312, 4747, 62.13)",0.0
Amount_shipped,"(140, 4520, 417, 4874, 76.13)",0.0
Amount_shipped,"(140, 4520, 350, 4738, 111.96)",0.0
Amount_shipped,"(140, 4520, 327, 4722, 125.89)",0.0
Amount_shipped,"(140, 4520, 555, 4937, 127.49)",0.0
Amount_shipped,"(140, 4520, 239, 4765, 151.68)",0.0
Amount_shipped,"(140, 4520, 558, 4583, 208.94)",0.0
Amount_shipped,"(140, 4520, 592, 4773, 272.69)",0.0
Amount_shipped,"(140, 4520, 303, 4682, 594.76)",0.0
Amount_shipped,"(140, 4520, 519, 4618, 758.82)",0.0
Amount_shipped,"(140, 4520, 190, 4740, 907.18)",0.0
Amount_shipped,"(140, 4520, 604, 4955, 907.45)",0.0
Amount_shipped,"(140, 4520, 334, 4799, 1285.48)",0.0
Amount_shipped,"(140, 4520, 402, 4762, 1356.12)",0.0
Amount_shipped,"(140, 4540, 604, 4556, 10.77)",0.0
Amount_shipped,"(140, 4540, 545, 4715, 11.01)",0.0
Amount_shipped,"(140, 4540, 598, 4885, 11.15)",0.0
Amount_shipped,"(140, 4540, 622, 4729, 11.5)",0.0
Amount_shipped,"(140, 4540, 136, 4692, 11.61)",0.0
Amount_shipped,"(140, 4540, 494, 4926, 11.95)",0.0
Amount_shipped,"(140, 4540, 627, 4796, 12.52)",0.0
Amount_shipped,"(140, 4540, 604, 4624, 12.57)",0.0
Amount_shipped,"(140, 4540, 497, 4720, 12.7)",0.0
Amount_shipped,"(140, 4540, 503, 4807, 16.06)",0.0
Amount_shipped,"(140, 4540, 612, 4678, 16.32)",0.0
Amount_shipped,"(140, 4540, 345, 4695, 23.25)",0.0
Amount_shipped,"(140, 4540, 696, 4535, 23.59)",0.0
Amount_shipped,"(140, 4540, 250, 4682, 28.56)",0.0
Amount_shipped,"(140, 4540, 572, 4680, 30.45)",0.0
Amount_shipped,"(140, 4540, 371, 4764, 52.72)",0.0
Amount_shipped,"(140, 4540, 312, 4747, 62.13)",0.0
Amount_shipped,"(140, 4540, 417, 4874, 76.13)",0.0
Amount_shipped,"(140, 4540, 350, 4738, 111.96)",0.0
Amount_shipped,"(140, 4540, 327, 4722, 125.89)",0.0
Amount_shipped,"(140, 4540, 555, 4937, 127.49)",0.0
Amount_shipped,"(140, 4540, 239, 4765, 151.68)",0.0
Amount_shipped,"(140, 4540, 558, 4583, 208.94)",0.0
Amount_shipped,"(140, 4540, 592, 4773, 272.69)",0.0
Amount_shipped,"(140, 4540, 303, 4682, 594.76)",0.0
Amount_shipped,"(140, 4540, 519, 4618, 758.82)",0.0
Amount_shipped,"(140, 4540, 190, 4740, 907.18)",0.0
Amount_shipped,"(140, 4540, 604, 4955, 907.45)",0.0
Amount_shipped,"(140, 4540, 334, 4799, 1285.48)",0.0
Amount_shipped,"(140, 4540, 402, 4762, 1356.12)",0.0
Amount_shipped,"(140, 4560, 604, 4556, 10.77)",0.0
Amount_shipped,"(140, 4560, 545, 4715, 11.01)",0.0
Amount_shipped,"(140, 4560, 598, 4885, 11.15)",0.0
Amount_shipped,"(140, 4560, 622, 4729, 11.5)",0.0
Amount_shipped,"(140, 4560, 136, 4692, 11.61)",0.0
Amount_shipped,"(140, 4560, 494, 4926, 11.95)",0.0
Amount_shipped,"(140, 4560, 627, 4796, 12.52)",0.0
Amount_shipped,"(140, 4560, 604, 4624, 12.57)",0.0
Amount_shipped,"(140, 4560, 497, 4720, 12.7)",0.0
Amount_shipped,"(140, 4560, 503, 4807, 16.06)",0.0
Amount_shipped,"(140, 4560, 612, 4678, 16.32)",0.0
Amount_shipped,"(140, 4560, 345, 4695, 23.25)",0.0
Amount_shipped,"(140, 4560, 696, 4535, 23.59)",0.0
Amount_shipped,"(140, 4560, 250, 4682, 28.56)",0.0
Amount_shipped,"(140, 4560, 572, 4680, 30.45)",0.0
Amount_shipped,"(140, 4560, 371, 4764, 52.72)",0.0
Amount_shipped,"(140, 4560, 312, 4747, 62.13)",0.0
Amount_shipped,"(140, 4560, 417, 4874, 76.13)",0.0
Amount_shipped,"(140, 4560, 350, 4738, 111.96)",0.0
Amount_shipped,"(140, 4560, 327, 4722, 125.89)",0.0
Amount_shipped,"(140, 4560, 555, 4937, 127.49)",0.0
Amount_shipped,"(140, 4560, 239, 4765, 151.68)",0.0
Amount_shipped,"(140, 4560, 558, 4583, 208.94)",0.0
Amount_shipped,"(140, 4560, 592, 4773, 272.69)",0.0
Amount_shipped,"(140, 4560, 303, 4682, 594.76)",0.0
Amount_shipped,"(140, 4560, 519, 4618, 758.82)",0.0
Amount_shipped,"(140, 4560, 190, 4740, 907.18)",0.0
Amount_shipped,"(140, 4560, 604, 4955, 907.45)",0.0
Amount_shipped,"(140, 4560, 334, 4799, 1285.48)",0.0
Amount_shipped,"(140, 4560, 402, 4762, 1356.12)",0.0
Amount_shipped,"(140, 4580, 604, 4556, 10.77)",0.0
Amount_shipped,"(140, 4580, 545, 4715, 11.01)",0.0
Amount_shipped,"(140, 4580, 598, 4885, 11.15)",0.0
Amount_shipped,"(140, 4580, 622, 4729, 11.5)",0.0
Amount_shipped,"(140, 4580, 136, 4692, 11.61)",0.0
Amount_shipped,"(140, 4580, 494, 4926, 11.95)",0.0
Amount_shipped,"(140, 4580, 627, 4796, 12.52)",0.0
Amount_shipped,"(140, 4580, 604, 4624, 12.57)",0.0
Amount_shipped,"(140, 4580, 497, 4720, 12.7)",0.0
Amount_shipped,"(140, 4580, 503, 4807, 16.06)",0.0
Amount_shipped,"(140, 4580, 612, 4678, 16.32)",0.0
Amount_shipped,"(140, 4580, 345, 4695, 23.25)",0.0
Amount_shipped,"(140, 4580, 696, 4535, 23.59)",0.0
Amount_shipped,"(140, 4580, 250, 4682, 28.56)",0.0
Amount_shipped,"(140, 4580, 572, 4680, 30.45)",0.0
Amount_shipped,"(140, 4580, 371, 4764, 52.72)",0.0
Amount_shipped,"(140, 4580, 312, 4747, 62.13)",0.0
Amount_shipped,"(140, 4580, 417, 4874, 76.13)",0.0
Amount_shipped,"(140, 4580, 350, 4738, 111.96)",0.0
Amount_shipped,"(140, 4580, 327, 4722, 125.89)",0.0
Amount_shipped,"(140, 4580, 555, 4937, 127.49)",0.0
Amount_shipped,"(140, 4580, 239, 4765, 151.68)",0.0
Amount_shipped,"(140, 4580, 558, 4583, 208.94)",0.0
Amount_shipped,"(140, 4580, 592, 4773, 272.69)",0.0
Amount_shipped,"(140, 4580, 303, 4682, 594.76)",0.0
Amount_shipped,"(140, 4580, 519, 4618, 758.82)",0.0
Amount_shipped,"(140, 4580, 190, 4740, 907.18)",0.0
Amount_shipped,"(140, 4580, 604, 4955, 907.45)",0.0
Amount_shipped,"(140, 4580, 334, 4799, 1285.48)",0.0
Amount_shipped,"(140, 4580, 402, 4762, 1356.12)",0.0
Amount_shipped,"(140, 4600, 604, 4556, 10.77)",0.0
Amount_shipped,"(140, 4600, 545, 4715, 11.01)",0.0
Amount_shipped,"(140, 4600, 598, 4885, 11.15)",0.0
Amount_shipped,"(140, 4600, 622, 4729, 11.5)",0.0
Amount_shipped,"(140, 4600, 136, 4692, 11.61)",0.0
Amount_shipped,"(140, 4600, 494, 4926, 11.95)",0.0
Amount_shipped,"(140, 4600, 627, 4796, 12.52)",0.0
Amount_shipped,"(140, 4600, 604, 4624, 12.57)",0.0
Amount_shipped,"(140, 4600, 497, 4720, 12.7)",0.0
Amount_shipped,"(140, 4600, 503, 4807, 16.06)",0.0
Amount_shipped,"(140, 4600, 612, 4678, 16.32)",0.0
Amount_shipped,"(140, 4600, 345, 4695, 23.25)",0.0
Amount_shipped,"(140, 4600, 696, 4535, 23.59)",0.0
Amount_shipped,"(140, 4600, 250, 4682, 28.56)",0.0
Amount_shipped,"(140, 4600, 572, 4680, 30.45)",0.0
Amount_shipped,"(140, 4600, 371, 4764, 52.72)",0.0
Amount_shipped,"(140, 4600, 312, 4747, 62.13)",0.0
Amount_shipped,"(140, 4600, 417, 4874, 76.13)",0.0
Amount_shipped,"(140, 4600, 350, 4738, 111.96)",0.0
Amount_shipped,"(140, 4600, 327, 4722, 125.89)",0.0
Amount_shipped,"(140, 4600, 555, 4937, 127.49)",0.0
Amount_shipped,"(140, 4600, 239, 4765, 151.68)",0.0
Amount_shipped,"(140, 4600, 558, 4583, 208.94)",0.0
Amount_shipped,"(140, 4600, 592, 4773, 272.69)",0.0
Amount_shipped,"(140, 4600, 303, 4682, 594.76)",0.0
Amount_shipped,"(140, 4600, 519, 4618, 758.82)",0.0
Amount_shipped,"(140, 4600, 190, 4740, 907.18)",0.0
Amount_shipped,"(140, 4600, 604, 4955, 907.45)",0.0
Amount_shipped,"(140, 4600, 334, 4799, 1285.48)",0.0
Amount_shipped,"(140, 4600, 402, 4762, 1356.12)",0.0
Amount_shipped,"(140, 4620, 604, 4556, 10.77)",0.0
Amount_shipped,"(140, 4620, 545, 4715, 11.01)",0.0
Amount_shipped,"(140, 4620, 598, 4885, 11.15)",0.0
Amount_shipped,"(140, 4620, 622, 4729, 11.5)",0.0
Amount_shipped,"(140, 4620, 136, 4692, 11.61)",0.0
Amount_shipped,"(140, 4620, 494, 4926, 11.95)",0.0
Amount_shipped,"(140, 4620, 627, 4796, 12.52)",0.0
Amount_shipped,"(140, 4620, 604, 4624, 12.57)",0.0
Amount_shipped,"(140, 4620, 497, 4720, 12.7)",0.0
Amount_shipped,"(140, 4620, 503, 4807, 16.06)",0.0
Amount_shipped,"(140, 4620, 612, 4678, 16.32)",0.0
Amount_shipped,"(140, 4620, 345, 4695, 23.25)",0.0
Amount_shipped,"(140, 4620, 696, 4535, 23.59)",0.0
Amount_shipped,"(140, 4620, 250, 4682, 28.56)",0.0
Amount_shipped,"(140, 4620, 572, 4680, 30.45)",0.0
Amount_shipped,"(140, 4620, 371, 4764, 52.72)",0.0
Amount_shipped,"(140, 4620, 312, 4747, 62.13)",0.0
Amount_shipped,"(140, 4620, 417, 4874, 76.13)",0.0
Amount_shipped,"(140, 4620, 350, 4738, 111.96)",0.0
Amount_shipped,"(140, 4620, 327, 4722, 125.89)",0.0
Amount_shipped,"(140, 4620, 555, 4937, 127.49)",0.0
Amount_shipped,"(140, 4620, 239, 4765, 151.68)",0.0
Amount_shipped,"(140, 4620, 558, 4583, 208.94)",0.0
Amount_shipped,"(140, 4620, 592, 4773, 272.69)",0.0
Amount_shipped,"(140, 4620, 303, 4682, 594.76)",0.0
Amount_shipped,"(140, 4620, 519, 4618, 758.82)",0.0
Amount_shipped,"(140, 4620, 190, 4740, 907.18)",0.0
Amount_shipped,"(140, 4620, 604, 4955, 907.45)",0.0
Amount_shipped,"(140, 4620, 334, 4799, 1285.48)",0.0
Amount_shipped,"(140, 4620, 402, 4762, 1356.12)",0.0
Amount_shipped,"(140, 4640, 604, 4556, 10.77)",0.0
Amount_shipped,"(140, 4640, 545, 4715, 11.01)",0.0
Amount_shipped,"(140, 4640, 598, 4885, 11.15)",0.0
Amount_shipped,"(140, 4640, 622, 4729, 11.5)",0.0
Amount_shipped,"(140, 4640, 136, 4692, 11.61)",0.0
Amount_shipped,"(140, 4640, 494, 4926, 11.95)",0.0
Amount_shipped,"(140, 4640, 627, 4796, 12.52)",0.0
Amount_shipped,"(140, 4640, 604, 4624, 12.57)",0.0
Amount_shipped,"(140, 4640, 497, 4720, 12.7)",0.0
Amount_shipped,"(140, 4640, 503, 4807, 16.06)",0.0
Amount_shipped,"(140, 4640, 612, 4678, 16.32)",0.0
Amount_shipped,"(140, 4640, 345, 4695, 23.25)",0.0
Amount_shipped,"(140, 4640, 696, 4535, 23.59)",0.0
Amount_shipped,"(140, 4640, 250, 4682, 28.56)",0.0
Amount_shipped,"(140, 4640, 572, 4680, 30.45)",0.0
Amount_shipped,"(140, 4640, 371, 4764, 52.72)",0.0
Amount_shipped,"(140, 4640, 312, 4747, 62.13)",0.0
Amount_shipped,"(140, 4640, 417, 4874, 76.13)",0.0
Amount_shipped,"(140, 4640, 350, 4738, 111.96)",0.0
Amount_shipped,"(140, 4640, 327, 4722, 125.89)",0.0
Amount_shipped,"(140, 4640, 555, 4937, 127.49)",0.0
Amount_shipped,"(140, 4640, 239, 4765, 151.68)",0.0
Amount_shipped,"(140, 4640, 558, 4583, 208.94)",0.0
Amount_shipped,"(140, 4640, 592, 4773, 272.69)",0.0
Amount_shipped,"(140, 4640, 303, 4682, 594.76)",0.0
Amount_shipped,"(140, 4640, 519, 4618, 758.82)",0.0
Amount_shipped,"(140, 4640, 190, 4740, 907.18)",0.0
Amount_shipped,"(140, 4640, 604, 4955, 907.45)",0.0
Amount_shipped,"(140, 4640, 334, 4799, 1285.48)",0.0
Amount_shipped,"(140, 4640, 402, 4762, 1356.12)",0.0
Amount_shipped,"(140, 4660, 604, 4556, 10.77)",0.0
Amount_shipped,"(140, 4660, 545, 4715, 11.01)",0.0
Amount_shipped,"(140, 4660, 598, 4885, 11.15)",0.0
Amount_shipped,"(140, 4660, 622, 4729, 11.5)",0.0
Amount_shipped,"(140, 4660, 136, 4692, 11.61)",0.0
Amount_shipped,"(140, 4660, 494, 4926, 11.95)",0.0
Amount_shipped,"(140, 4660, 627, 4796, 12.52)",0.0
Amount_shipped,"(140, 4660, 604, 4624, 12.57)",0.0
Amount_shipped,"(140, 4660, 497, 4720, 12.7)",0.0
Amount_shipped,"(140, 4660, 503, 4807, 16.06)",0.0
Amount_shipped,"(140, 4660, 612, 4678, 16.32)",0.0
Amount_shipped,"(140, 4660, 345, 4695, 23.25)",0.0
Amount_shipped,"(140, 4660, 696, 4535, 23.59)",0.0
Amount_shipped,"(140, 4660, 250, 4682, 28.56)",0.0
Amount_shipped,"(140, 4660, 572, 4680, 30.45)",0.0
Amount_shipped,"(140, 4660, 371, 4764, 52.72)",0.0
Amount_shipped,"(140, 4660, 312, 4747, 62.13)",0.0
Amount_shipped,"(140, 4660, 417, 4874, 76.13)",0.0
Amount_shipped,"(140, 4660, 350, 4738, 111.96)",0.0
Amount_shipped,"(140, 4660, 327, 4722, 125.89)",0.0
Amount_shipped,"(140, 4660, 555, 4937, 127.49)",0.0
Amount_shipped,"(140, 4660, 239, 4765, 151.68)",0.0
Amount_shipped,"(140, 4660, 558, 4583, 208.94)",0.0
Amount_shipped,"(140, 4660, 592, 4773, 272.69)",0.0
Amount_shipped,"(140, 4660, 303, 4682, 594.76)",0.0
Amount_shipped,"(140, 4660, 519, 4618, 758.82)",0.0
Amount_shipped,"(140, 4660, 190, 4740, 907.18)",0.0
Amount_shipped,"(140, 4660, 604, 4955, 907.45)",0.0
Amount_shipped,"(140, 4660, 334, 4799, 1285.48)",0.0
Amount_shipped,"(140, 4660, 402, 4762, 1356.12)",0.0
Amount_shipped,"(140, 4680, 604, 4556, 10.77)",0.0
Amount_shipped,"(140, 4680, 545, 4715, 11.01)",0.0
Amount_shipped,"(140, 4680, 598, 4885, 11.15)",0.0
Amount_shipped,"(140, 4680, 622, 4729, 11.5)",0.0
Amount_shipped,"(140, 4680, 136, 4692, 11.61)",0.0
Amount_shipped,"(140, 4680, 494, 4926, 11.95)",0.0
Amount_shipped,"(140, 4680, 627, 4796, 12.52)",0.0
Amount_shipped,"(140, 4680, 604, 4624, 12.57)",0.0
Amount_shipped,"(140, 4680, 497, 4720, 12.7)",0.0
Amount_shipped,"(140, 4680, 503, 4807, 16.06)",0.0
Amount_shipped,"(140, 4680, 612, 4678, 16.32)",0.0
Amount_shipped,"(140, 4680, 345, 4695, 23.25)",0.0
Amount_shipped,"(140, 4680, 696, 4535, 23.59)",0.0
Amount_shipped,"(140, 4680, 250, 4682, 28.56)",0.0
Amount_shipped,"(140, 4680, 572, 4680, 30.45)",0.0
Amount_shipped,"(140, 4680, 371, 4764, 52.72)",0.0
Amount_shipped,"(140, 4680, 312, 4747, 62.13)",0.0
Amount_shipped,"(140, 4680, 417, 4874, 76.13)",0.0
Amount_shipped,"(140, 4680, 350, 4738, 111.96)",0.0
Amount_shipped,"(140, 4680, 327, 4722, 125.89)",0.0
Amount_shipped,"(140, 4680, 555, 4937, 127.49)",0.0
Amount_shipped,"(140, 4680, 239, 4765, 151.68)",0.0
Amount_shipped,"(140, 4680, 558, 4583, 208.94)",0.0
Amount_shipped,"(140, 4680, 592, 4773, 272.69)",0.0
Amount_shipped,"(140, 4680, 303, 4682, 594.76)",0.0
Amount_shipped,"(140, 4680, 519, 4618, 758.82)",0.0
Amount_shipped,"(140, 4680, 190, 4740, 907.18)",0.0
Amount_shipped,"(140, 4680, 604, 4955, 907.45)",0.0
Amount_shipped,"(140, 4680, 334, 4799, 1285.48)",0.0
Amount_shipped,"(140, 4680, 402, 4762, 1356.12)",0.0
Amount_shipped,"(140, 4700, 604, 4556, 10.77)",0.0
Amount_shipped,"(140, 4700, 545, 4715, 11.01)",0.0
Amount_shipped,"(140, 4700, 598, 4885, 11.15)",0.0
Amount_shipped,"(140, 4700, 622, 4729, 11.5)",0.0
Amount_shipped,"(140, 4700, 136, 4692, 11.61)",0.0
Amount_shipped,"(140, 4700, 494, 4926, 11.95)",0.0
Amount_shipped,"(140, 4700, 627, 4796, 12.52)",0.0
Amount_shipped,"(140, 4700, 604, 4624, 12.57)",0.0
Amount_shipped,"(140, 4700, 497, 4720, 12.7)",0.0
Amount_shipped,"(140, 4700, 503, 4807, 16.06)",0.0
Amount_shipped,"(140, 4700, 612, 4678, 16.32)",0.0
Amount_shipped,"(140, 4700, 345, 4695, 23.25)",0.0
Amount_shipped,"(140, 4700, 696, 4535, 23.59)",0.0
Amount_shipped,"(140, 4700, 250, 4682, 28.56)",0.0
Amount_shipped,"(140, 4700, 572, 4680, 30.45)",0.0
Amount_shipped,"(140, 4700, 371, 4764, 52.72)",0.0
Amount_shipped,"(140, 4700, 312, 4747, 62.13)",0.0
Amount_shipped,"(140, 4700, 417, 4874, 76.13)",0.0
Amount_shipped,"(140, 4700, 350, 4738, 111.96)",0.0
Amount_shipped,"(140, 4700, 327, 4722, 125.89)",0.0
Amount_shipped,"(140, 4700, 555, 4937, 127.49)",0.0
Amount_shipped,"(140, 4700, 239, 4765, 151.68)",0.0
Amount_shipped,"(140, 4700, 558, 4583, 208.94)",0.0
Amount_shipped,"(140, 4700, 592, 4773, 272.69)",0.0
Amount_shipped,"(140, 4700, 303, 4682, 594.76)",0.0
Amount_shipped,"(140, 4700, 519, 4618, 758.82)",0.0
Amount_shipped,"(140, 4700, 190, 4740, 907.18)",0.0
Amount_shipped,"(140, 4700, 604, 4955, 907.45)",0.0
Amount_shipped,"(140, 4700, 334, 4799, 1285.48)",0.0
Amount_shipped,"(140, 4700, 402, 4762, 1356.12)",0.0
Amount_shipped,"(140, 4720, 604, 4556, 10.77)",0.0
Amount_shipped,"(140, 4720, 545, 4715, 11.01)",0.0
Amount_shipped,"(140, 4720, 598, 4885, 11.15)",0.0
Amount_shipped,"(140, 4720, 622, 4729, 11.5)",0.0
Amount_shipped,"(140, 4720, 136, 4692, 11.61)",0.0
Amount_shipped,"(140, 4720, 494, 4926, 11.95)",0.0
Amount_shipped,"(140, 4720, 627, 4796, 12.52)",0.0
Amount_shipped,"(140, 4720, 604, 4624, 12.57)",0.0
Amount_shipped,"(140, 4720, 497, 4720, 12.7)",0.0
Amount_shipped,"(140, 4720, 503, 4807, 16.06)",0.0
Amount_shipped,"(140, 4720, 612, 4678, 16.32)",0.0
Amount_shipped,"(140, 4720, 345, 4695, 23.25)",0.0
Amount_shipped,"(140, 4720, 696, 4535, 23.59)",0.0
Amount_shipped,"(140, 4720, 250, 4682, 28.56)",0.0
Amount_shipped,"(140, 4720, 572, 4680, 30.45)",0.0
Amount_shipped,"(140, 4720, 371, 4764, 52.72)",0.0
Amount_shipped,"(140, 4720, 312, 4747, 62.13)",0.0
Amount_shipped,"(140, 4720, 417, 4874, 76.13)",0.0
Amount_shipped,"(140, 4720, 350, 4738, 111.96)",0.0
Amount_shipped,"(140, 4720, 327, 4722, 125.89)",0.0
Amount_shipped,"(140, 4720, 555, 4937, 127.49)",0.0
Amount_shipped,"(140, 4720, 239, 4765, 151.68)",0.0
Amount_shipped,"(140, 4720, 558, 4583, 208.94)",0.0
Amount_shipped,"(140, 4720, 592, 4773, 272.69)",0.0
Amount_shipped,"(140, 4720, 303, 4682, 594.76)",0.0
Amount_shipped,"(140, 4720, 519, 4618, 758.82)",0.0
Amount_shipped,"(140, 4720, 190, 4740, 907.18)",0.0
Amount_shipped,"(140, 4720, 604, 4955, 907.45)",0.0
Amount_shipped,"(140, 4720, 334, 4799, 1285.48)",0.0
Amount_shipped,"(140, 4720, 402, 4762, 1356.12)",0.0
Amount_shipped,"(140, 4740, 604, 4556, 10.77)",0.0
Amount_shipped,"(140, 4740, 545, 4715, 11.01)",0.0
Amount_shipped,"(140, 4740, 598, 4885, 11.15)",0.0
Amount_shipped,"(140, 4740, 622, 4729, 11.5)",0.0
Amount_shipped,"(140, 4740, 136, 4692, 11.61)",0.0
Amount_shipped,"(140, 4740, 494, 4926, 11.95)",0.0
Amount_shipped,"(140, 4740, 627, 4796, 12.52)",0.0
Amount_shipped,"(140, 4740, 604, 4624, 12.57)",0.0
Amount_shipped,"(140, 4740, 497, 4720, 12.7)",0.0
Amount_shipped,"(140, 4740, 503, 4807, 16.06)",0.0
Amount_shipped,"(140, 4740, 612, 4678, 16.32)",0.0
Amount_shipped,"(140, 4740, 345, 4695, 23.25)",0.0
Amount_shipped,"(140, 4740, 696, 4535, 23.59)",0.0
Amount_shipped,"(140, 4740, 250, 4682, 28.56)",0.0
Amount_shipped,"(140, 4740, 572, 4680, 30.45)",0.0
Amount_shipped,"(140, 4740, 371, 4764, 52.72)",0.0
Amount_shipped,"(140, 4740, 312, 4747, 62.13)",0.0
Amount_shipped,"(140, 4740, 417, 4874, 76.13)",0.0
Amount_shipped,"(140, 4740, 350, 4738, 111.96)",0.0
Amount_shipped,"(140, 4740, 327, 4722, 125.89)",0.0
Amount_shipped,"(140, 4740, 555, 4937, 127.49)",0.0
Amount_shipped,"(140, 4740, 239, 4765, 151.68)",0.0
Amount_shipped,"(140, 4740, 558, 4583, 208.94)",0.0
Amount_shipped,"(140, 4740, 592, 4773, 272.69)",0.0
Amount_shipped,"(140, 4740, 303, 4682, 594.76)",0.0
Amount_shipped,"(140, 4740, 519, 4618, 758.82)",0.0
Amount_shipped,"(140, 4740, 190, 4740, 907.18)",0.0
Amount_shipped,"(140, 4740, 604, 4955, 907.45)",0.0
Amount_shipped,"(140, 4740, 334, 4799, 1285.48)",0.0
Amount_shipped,"(140, 4740, 402, 4762, 1356.12)",0.0
Amount_shipped,"(140, 4760, 604, 4556, 10.77)",0.0
Amount_shipped,"(140, 4760, 545, 4715, 11.01)",0.0
Amount_shipped,"(140, 4760, 598, 4885, 11.15)",0.0
Amount_shipped,"(140, 4760, 622, 4729, 11.5)",0.0
Amount_shipped,"(140, 4760, 136, 4692, 11.61)",0.0
Amount_shipped,"(140, 4760, 494, 4926, 11.95)",0.0
Amount_shipped,"(140, 4760, 627, 4796, 12.52)",0.0
Amount_shipped,"(140, 4760, 604, 4624, 12.57)",0.0
Amount_shipped,"(140, 4760, 497, 4720, 12.7)",0.0
Amount_shipped,"(140, 4760, 503, 4807, 16.06)",0.0
Amount_shipped,"(140, 4760, 612, 4678, 16.32)",0.0
Amount_shipped,"(140, 4760, 345, 4695, 23.25)",0.0
Amount_shipped,"(140, 4760, 696, 4535, 23.59)",0.0
Amount_shipped,"(140, 4760, 250, 4682, 28.56)",0.0
Amount_shipped,"(140, 4760, 572, 4680, 30.45)",0.0
Amount_shipped,"(140, 4760, 371, 4764, 52.72)",0.0
Amount_shipped,"(140, 4760, 312, 4747, 62.13)",0.0
Amount_shipped,"(140, 4760, 417, 4874, 76.13)",0.0
Amount_shipped,"(140, 4760, 350, 4738, 111.96)",0.0
Amount_shipped,"(140, 4760, 327, 4722, 125.89)",0.0
Amount_shipped,"(140, 4760, 555, 4937, 127.49)",0.0
Amount_shipped,"(140, 4760, 239, 4765, 151.68)",0.0
Amount_shipped,"(140, 4760, 558, 4583, 208.94)",0.0
Amount_shipped,"(140, 4760, 592, 4773, 272.69)",0.0
Amount_shipped,"(140, 4760, 303, 4682, 594.76)",0.0
Amount_shipped,"(140, 4760, 519, 4618, 758.82)",0.0
Amount_shipped,"(140, 4760, 190, 4740, 907.18)",0.0
Amount_shipped,"(140, 4760, 604, 4955, 907.45)",0.0
Amount_shipped,"(140, 4760, 334, 4799, 1285.48)",0.0
Amount_shipped,"(140, 4760, 402, 4762, 1356.12)",0.0
Amount_shipped,"(140, 4780, 604, 4556, 10.77)",0.0
Amount_shipped,"(140, 4780, 545, 4715, 11.01)",0.0
Amount_shipped,"(140, 4780, 598, 4885, 11.15)",0.0
Amount_shipped,"(140, 4780, 622, 4729, 11.5)",0.0
Amount_shipped,"(140, 4780, 136, 4692, 11.61)",0.0
Amount_shipped,"(140, 4780, 494, 4926, 11.95)",0.0
Amount_shipped,"(140, 4780, 627, 4796, 12.52)",0.0
Amount_shipped,"(140, 4780, 604, 4624, 12.57)",0.0
Amount_shipped,"(140, 4780, 497, 4720, 12.7)",0.0
Amount_shipped,"(140, 4780, 503, 4807, 16.06)",0.0
Amount_shipped,"(140, 4780, 612, 4678, 16.32)",0.0
Amount_shipped,"(140, 4780, 345, 4695, 23.25)",0.0
Amount_shipped,"(140, 4780, 696, 4535, 23.59)",0.0
Amount_shipped,"(140, 4780, 250, 4682, 28.56)",0.0
Amount_shipped,"(140, 4780, 572, 4680, 30.45)",0.0
Amount_shipped,"(140, 4780, 371, 4764, 52.72)",0.0
Amount_shipped,"(140, 4780, 312, 4747, 62.13)",0.0
Amount_shipped,"(140, 4780, 417, 4874, 76.13)",0.0
Amount_shipped,"(140, 4780, 350, 4738, 111.96)",0.0
Amount_shipped,"(140, 4780, 327, 4722, 125.89)",0.0
Amount_shipped,"(140, 4780, 555, 4937, 127.49)",0.0
Amount_shipped,"(140, 4780, 239, 4765, 151.68)",0.0
Amount_shipped,"(140, 4780, 558, 4583, 208.94)",0.0
Amount_shipped,"(140, 4780, 592, 4773, 272.69)",0.0
Amount_shipped,"(140, 4780, 303, 4682, 594.76)",0.0
Amount_shipped,"(140, 4780, 519, 4618, 758.82)",0.0
Amount_shipped,"(140, 4780, 190, 4740, 907.18)",0.0
Amount_shipped,"(140, 4780, 604, 4955, 907.45)",0.0
Amount_shipped,"(140, 4780, 334, 4799, 1285.48)",0.0
Amount_shipped,"(140, 4780, 402, 4762, 1356.12)",0.0
Amount_shipped,"(140, 4800, 604, 4556, 10.77)",0.0
Amount_shipped,"(140, 4800, 545, 4715, 11.01)",0.0
Amount_shipped,"(140, 4800, 598, 4885, 11.15)",0.0
Amount_shipped,"(140, 4800, 622, 4729, 11.5)",0.0
Amount_shipped,"(140, 4800, 136, 4692, 11.61)",0.0
Amount_shipped,"(140, 4800, 494, 4926, 11.95)",0.0
Amount_shipped,"(140, 4800, 627, 4796, 12.52)",0.0
Amount_shipped,"(140, 4800, 604, 4624, 12.57)",0.0
Amount_shipped,"(140, 4800, 497, 4720, 12.7)",0.0
Amount_shipped,"(140, 4800, 503, 4807, 16.06)",0.0
Amount_shipped,"(140, 4800, 612, 4678, 16.32)",0.0
Amount_shipped,"(140, 4800, 345, 4695, 23.25)",0.0
Amount_shipped,"(140, 4800, 696, 4535, 23.59)",0.0
Amount_shipped,"(140, 4800, 250, 4682, 28.56)",0.0
Amount_shipped,"(140, 4800, 572, 4680, 30.45)",0.0
Amount_shipped,"(140, 4800, 371, 4764, 52.72)",0.0
Amount_shipped,"(140, 4800, 312, 4747, 62.13)",0.0
Amount_shipped,"(140, 4800, 417, 4874, 76.13)",0.0
Amount_shipped,"(140, 4800, 350, 4738, 111.96)",0.0
Amount_shipped,"(140, 4800, 327, 4722, 125.89)",0.0
Amount_shipped,"(140, 4800, 555, 4937, 127.49)",0.0
Amount_shipped,"(140, 4800, 239, 4765, 151.68)",0.0
Amount_shipped,"(140, 4800, 558, 4583, 208.94)",0.0
Amount_shipped,"(140, 4800, 592, 4773, 272.69)",0.0
Amount_shipped,"(140, 4800, 303, 4682, 594.76)",0.0
Amount_shipped,"(140, 4800, 519, 4618, 758.82)",0.0
Amount_shipped,"(140, 4800, 190, 4740, 907.18)",0.0
Amount_shipped,"(140, 4800, 604, 4955, 907.45)",0.0
Amount_shipped,"(140, 4800, 334, 4799, 1285.48)",0.0
Amount_shipped,"(140, 4800, 402, 4762, 1356.12)",0.0
Amount_shipped,"(140, 4820, 604, 4556, 10.77)",0.0
Amount_shipped,"(140, 4820, 545, 4715, 11.01)",0.0
Amount_shipped,"(140, 4820, 598, 4885, 11.15)",0.0
Amount_shipped,"(140, 4820, 622, 4729, 11.5)",0.0
Amount_shipped,"(140, 4820, 136, 4692, 11.61)",0.0
Amount_shipped,"(140, 4820, 494, 4926, 11.95)",0.0
Amount_shipped,"(140, 4820, 627, 4796, 12.52)",0.0
Amount_shipped,"(140, 4820, 604, 4624, 12.57)",0.0
Amount_shipped,"(140, 4820, 497, 4720, 12.7)",0.0
Amount_shipped,"(140, 4820, 503, 4807, 16.06)",0.0
Amount_shipped,"(140, 4820, 612, 4678, 16.32)",0.0
Amount_shipped,"(140, 4820, 345, 4695, 23.25)",0.0
Amount_shipped,"(140, 4820, 696, 4535, 23.59)",0.0
Amount_shipped,"(140, 4820, 250, 4682, 28.56)",0.0
Amount_shipped,"(140, 4820, 572, 4680, 30.45)",0.0
Amount_shipped,"(140, 4820, 371, 4764, 52.72)",0.0
Amount_shipped,"(140, 4820, 312, 4747, 62.13)",0.0
Amount_shipped,"(140, 4820, 417, 4874, 76.13)",0.0
Amount_shipped,"(140, 4820, 350, 4738, 111.96)",0.0
Amount_shipped,"(140, 4820, 327, 4722, 125.89)",0.0
Amount_shipped,"(140, 4820, 555, 4937, 127.49)",0.0
Amount_shipped,"(140, 4820, 239, 4765, 151.68)",0.0
Amount_shipped,"(140, 4820, 558, 4583, 208.94)",0.0
Amount_shipped,"(140, 4820, 592, 4773, 272.69)",0.0
Amount_shipped,"(140, 4820, 303, 4682, 594.76)",0.0
Amount_shipped,"(140, 4820, 519, 4618, 758.82)",0.0
Amount_shipped,"(140, 4820, 190, 4740, 907.18)",0.0
Amount_shipped,"(140, 4820, 604, 4955, 907.45)",0.0
Amount_shipped,"(140, 4820, 334, 4799, 1285.48)",0.0
Amount_shipped,"(140, 4820, 402, 4762, 1356.12)",0.0
Amount_shipped,"(140, 4840, 604, 4556, 10.77)",0.0
Amount_shipped,"(140, 4840, 545, 4715, 11.01)",0.0
Amount_shipped,"(140, 4840, 598, 4885, 11.15)",0.0
Amount_shipped,"(140, 4840, 622, 4729, 11.5)",0.0
Amount_shipped,"(140, 4840, 136, 4692, 11.61)",0.0
Amount_shipped,"(140, 4840, 494, 4926, 11.95)",0.0
Amount_shipped,"(140, 4840, 627, 4796, 12.52)",0.0
Amount_shipped,"(140, 4840, 604, 4624, 12.57)",0.0
Amount_shipped,"(140, 4840, 497, 4720, 12.7)",0.0
Amount_shipped,"(140, 4840, 503, 4807, 16.06)",0.0
Amount_shipped,"(140, 4840, 612, 4678, 16.32)",0.0
Amount_shipped,"(140, 4840, 345, 4695, 23.25)",0.0
Amount_shipped,"(140, 4840, 696, 4535, 23.59)",0.0
Amount_shipped,"(140, 4840, 250, 4682, 28.56)",0.0
Amount_shipped,"(140, 4840, 572, 4680, 30.45)",0.0
Amount_shipped,"(140, 4840, 371, 4764, 52.72)",0.0
Amount_shipped,"(140, 4840, 312, 4747, 62.13)",0.0
Amount_shipped,"(140, 4840, 417, 4874, 76.13)",0.0
Amount_shipped,"(140, 4840, 350, 4738, 111.96)",0.0
Amount_shipped,"(140, 4840, 327, 4722, 125.89)",0.0
Amount_shipped,"(140, 4840, 555, 4937, 127.49)",0.0
Amount_shipped,"(140, 4840, 239, 4765, 151.68)",0.0
Amount_shipped,"(140, 4840, 558, 4583, 208.94)",0.0
Amount_shipped,"(140, 4840, 592, 4773, 272.69)",0.0
Amount_shipped,"(140, 4840, 303, 4682, 594.76)",0.0
Amount_shipped,"(140, 4840, 519, 4618, 758.82)",0.0
Amount_shipped,"(140, 4840, 190, 4740, 907.18)",0.0
Amount_shipped,"(140, 4840, 604, 4955, 907.45)",0.0
Amount_shipped,"(140, 4840, 334, 4799, 1285.48)",0.0
Amount_shipped,"(140, 4840, 402, 4762, 1356.12)",0.0
Amount_shipped,"(140, 4860, 604, 4556, 10.77)",0.0
Amount_shipped,"(140, 4860, 545, 4715, 11.01)",0.0
Amount_shipped,"(140, 4860, 598, 4885, 11.15)",0.0
Amount_shipped,"(140, 4860, 622, 4729, 11.5)",0.0
Amount_shipped,"(140, 4860, 136, 4692, 11.61)",0.0
Amount_shipped,"(140, 4860, 494, 4926, 11.95)",0.0
Amount_shipped,"(140, 4860, 627, 4796, 12.52)",0.0
Amount_shipped,"(140, 4860, 604, 4624, 12.57)",0.0
Amount_shipped,"(140, 4860, 497, 4720, 12.7)",0.0
Amount_shipped,"(140, 4860, 503, 4807, 16.06)",0.0
Amount_shipped,"(140, 4860, 612, 4678, 16.32)",0.0
Amount_shipped,"(140, 4860, 345, 4695, 23.25)",0.0
Amount_shipped,"(140, 4860, 696, 4535, 23.59)",0.0
Amount_shipped,"(140, 4860, 250, 4682, 28.56)",0.0
Amount_shipped,"(140, 4860, 572, 4680, 30.45)",0.0
Amount_shipped,"(140, 4860, 371, 4764, 52.72)",0.0
Amount_shipped,"(140, 4860, 312, 4747, 62.13)",0.0
Amount_shipped,"(140, 4860, 417, 4874, 76.13)",0.0
Amount_shipped,"(140, 4860, 350, 4738, 111.96)",0.0
Amount_shipped,"(140, 4860, 327, 4722, 125.89)",0.0
Amount_shipped,"(140, 4860, 555, 4937, 127.49)",0.0
Amount_shipped,"(140, 4860, 239, 4765, 151.68)",0.0
Amount_shipped,"(140, 4860, 558, 4583, 208.94)",0.0
Amount_shipped,"(140, 4860, 592, 4773, 272.69)",0.0
Amount_shipped,"(140, 4860, 303, 4682, 594.76)",0.0
Amount_shipped,"(140, 4860, 519, 4618, 758.82)",0.0
Amount_shipped,"(140, 4860, 190, 4740, 907.18)",0.0
Amount_shipped,"(140, 4860, 604, 4955, 907.45)",0.0
Amount_shipped,"(140, 4860, 334, 4799, 1285.48)",0.0
Amount_shipped,"(140, 4860, 402, 4762, 1356.12)",0.0
Amount_shipped,"(140, 4880, 604, 4556, 10.77)",0.0
Amount_shipped,"(140, 4880, 545, 4715, 11.01)",0.0
Amount_shipped,"(140, 4880, 598, 4885, 11.15)",0.0
Amount_shipped,"(140, 4880, 622, 4729, 11.5)",0.0
Amount_shipped,"(140, 4880, 136, 4692, 11.61)",0.0
Amount_shipped,"(140, 4880, 494, 4926, 11.95)",0.0
Amount_shipped,"(140, 4880, 627, 4796, 12.52)",0.0
Amount_shipped,"(140, 4880, 604, 4624, 12.57)",0.0
Amount_shipped,"(140, 4880, 497, 4720, 12.7)",0.0
Amount_shipped,"(140, 4880, 503, 4807, 16.06)",0.0
Amount_shipped,"(140, 4880, 612, 4678, 16.32)",0.0
Amount_shipped,"(140, 4880, 345, 4695, 23.25)",0.0
Amount_shipped,"(140, 4880, 696, 4535, 23.59)",0.0
Amount_shipped,"(140, 4880, 250, 4682, 28.56)",0.0
Amount_shipped,"(140, 4880, 572, 4680, 30.45)",0.0
Amount_shipped,"(140, 4880, 371, 4764, 52.72)",0.0
Amount_shipped,"(140, 4880, 312, 4747, 62.13)",0.0
Amount_shipped,"(140, 4880, 417, 4874, 76.13)",0.0
Amount_shipped,"(140, 4880, 350, 4738, 111.96)",0.0
Amount_shipped,"(140, 4880, 327, 4722, 125.89)",0.0
Amount_shipped,"(140, 4880, 555, 4937, 127.49)",0.0
Amount_shipped,"(140, 4880, 239, 4765, 151.68)",0.0
Amount_shipped,"(140, 4880, 558, 4583, 208.94)",0.0
Amount_shipped,"(140, 4880, 592, 4773, 272.69)",0.0
Amount_shipped,"(140, 4880, 303, 4682, 594.76)",0.0
Amount_shipped,"(140, 4880, 519, 4618, 758.82)",0.0
Amount_shipped,"(140, 4880, 190, 4740, 907.18)",0.0
Amount_shipped,"(140, 4880, 604, 4955, 907.45)",0.0
Amount_shipped,"(140, 4880, 334, 4799, 1285.48)",0.0
Amount_shipped,"(140, 4880, 402, 4762, 1356.12)",0.0
Amount_shipped,"(140, 4900, 604, 4556, 10.77)",0.0
Amount_shipped,"(140, 4900, 545, 4715, 11.01)",0.0
Amount_shipped,"(140, 4900, 598, 4885, 11.15)",0.0
Amount_shipped,"(140, 4900, 622, 4729, 11.5)",0.0
Amount_shipped,"(140, 4900, 136, 4692, 11.61)",0.0
Amount_shipped,"(140, 4900, 494, 4926, 11.95)",0.0
Amount_shipped,"(140, 4900, 627, 4796, 12.52)",0.0
Amount_shipped,"(140, 4900, 604, 4624, 12.57)",0.0
Amount_shipped,"(140, 4900, 497, 4720, 12.7)",0.0
Amount_shipped,"(140, 4900, 503, 4807, 16.06)",0.0
Amount_shipped,"(140, 4900, 612, 4678, 16.32)",0.0
Amount_shipped,"(140, 4900, 345, 4695, 23.25)",0.0
Amount_shipped,"(140, 4900, 696, 4535, 23.59)",0.0
Amount_shipped,"(140, 4900, 250, 4682, 28.56)",0.0
Amount_shipped,"(140, 4900, 572, 4680, 30.45)",0.0
Amount_shipped,"(140, 4900, 371, 4764, 52.72)",0.0
Amount_shipped,"(140, 4900, 312, 4747, 62.13)",0.0
Amount_shipped,"(140, 4900, 417, 4874, 76.13)",0.0
Amount_shipped,"(140, 4900, 350, 4738, 111.96)",0.0
Amount_shipped,"(140, 4900, 327, 4722, 125.89)",0.0
Amount_shipped,"(140, 4900, 555, 4937, 127.49)",0.0
Amount_shipped,"(140, 4900, 239, 4765, 151.68)",0.0
Amount_shipped,"(140, 4900, 558, 4583, 208.94)",0.0
Amount_shipped,"(140, 4900, 592, 4773, 272.69)",0.0
Amount_shipped,"(140, 4900, 303, 4682, 594.76)",0.0
Amount_shipped,"(140, 4900, 519, 4618, 758.82)",0.0
Amount_shipped,"(140, 4900, 190, 4740, 907.18)",0.0
Amount_shipped,"(140, 4900, 604, 4955, 907.45)",0.0
Amount_shipped,"(140, 4900, 334, 4799, 1285.48)",0.0
Amount_shipped,"(140, 4900, 402, 4762, 1356.12)",0.0
Amount_shipped,"(140, 4920, 604, 4556, 10.77)",0.0
Amount_shipped,"(140, 4920, 545, 4715, 11.01)",0.0
Amount_shipped,"(140, 4920, 598, 4885, 11.15)",0.0
Amount_shipped,"(140, 4920, 622, 4729, 11.5)",0.0
Amount_shipped,"(140, 4920, 136, 4692, 11.61)",0.0
Amount_shipped,"(140, 4920, 494, 4926, 11.95)",0.0
Amount_shipped,"(140, 4920, 627, 4796, 12.52)",0.0
Amount_shipped,"(140, 4920, 604, 4624, 12.57)",0.0
Amount_shipped,"(140, 4920, 497, 4720, 12.7)",0.0
Amount_shipped,"(140, 4920, 503, 4807, 16.06)",0.0
Amount_shipped,"(140, 4920, 612, 4678, 16.32)",0.0
Amount_shipped,"(140, 4920, 345, 4695, 23.25)",0.0
Amount_shipped,"(140, 4920, 696, 4535, 23.59)",0.0
Amount_shipped,"(140, 4920, 250, 4682, 28.56)",0.0
Amount_shipped,"(140, 4920, 572, 4680, 30.45)",0.0
Amount_shipped,"(140, 4920, 371, 4764, 52.72)",0.0
Amount_shipped,"(140, 4920, 312, 4747, 62.13)",0.0
Amount_shipped,"(140, 4920, 417, 4874, 76.13)",0.0
Amount_shipped,"(140, 4920, 350, 4738, 111.96)",0.0
Amount_shipped,"(140, 4920, 327, 4722, 125.89)",0.0
Amount_shipped,"(140, 4920, 555, 4937, 127.49)",0.0
Amount_shipped,"(140, 4920, 239, 4765, 151.68)",0.0
Amount_shipped,"(140, 4920, 558, 4583, 208.94)",0.0
Amount_shipped,"(140, 4920, 592, 4773, 272.69)",0.0
Amount_shipped,"(140, 4920, 303, 4682, 594.76)",0.0
Amount_shipped,"(140, 4920, 519, 4618, 758.82)",0.0
Amount_shipped,"(140, 4920, 190, 4740, 907.18)",0.0
Amount_shipped,"(140, 4920, 604, 4955, 907.45)",0.0
Amount_shipped,"(140, 4920, 334, 4799, 1285.48)",0.0
Amount_shipped,"(140, 4920, 402, 4762, 1356.12)",0.0
Amount_shipped,"(140, 4940, 604, 4556, 10.77)",0.0
Amount_shipped,"(140, 4940, 545, 4715, 11.01)",0.0
Amount_shipped,"(140, 4940, 598, 4885, 11.15)",0.0
Amount_shipped,"(140, 4940, 622, 4729, 11.5)",0.0
Amount_shipped,"(140, 4940, 136, 4692, 11.61)",0.0
Amount_shipped,"(140, 4940, 494, 4926, 11.95)",0.0
Amount_shipped,"(140, 4940, 627, 4796, 12.52)",0.0
Amount_shipped,"(140, 4940, 604, 4624, 12.57)",0.0
Amount_shipped,"(140, 4940, 497, 4720, 12.7)",0.0
Amount_shipped,"(140, 4940, 503, 4807, 16.06)",0.0
Amount_shipped,"(140, 4940, 612, 4678, 16.32)",0.0
Amount_shipped,"(140, 4940, 345, 4695, 23.25)",0.0
Amount_shipped,"(140, 4940, 696, 4535, 23.59)",0.0
Amount_shipped,"(140, 4940, 250, 4682, 28.56)",0.0
Amount_shipped,"(140, 4940, 572, 4680, 30.45)",0.0
Amount_shipped,"(140, 4940, 371, 4764, 52.72)",0.0
Amount_shipped,"(140, 4940, 312, 4747, 62.13)",0.0
Amount_shipped,"(140, 4940, 417, 4874, 76.13)",0.0
Amount_shipped,"(140, 4940, 350, 4738, 111.96)",0.0
Amount_shipped,"(140, 4940, 327, 4722, 125.89)",0.0
Amount_shipped,"(140, 4940, 555, 4937, 127.49)",0.0
Amount_shipped,"(140, 4940, 239, 4765, 151.68)",0.0
Amount_shipped,"(140, 4940, 558, 4583, 208.94)",0.0
Amount_shipped,"(140, 4940, 592, 4773, 272.69)",0.0
Amount_shipped,"(140, 4940, 303, 4682, 594.76)",0.0
Amount_shipped,"(140, 4940, 519, 4618, 758.82)",0.0
Amount_shipped,"(140, 4940, 190, 4740, 907.18)",0.0
Amount_shipped,"(140, 4940, 604, 4955, 907.45)",0.0
Amount_shipped,"(140, 4940, 334, 4799, 1285.48)",0.0
Amount_shipped,"(140, 4940, 402, 4762, 1356.12)",0.0
Amount_shipped,"(140, 4960, 604, 4556, 10.77)",0.0
Amount_shipped,"(140, 4960, 545, 4715, 11.01)",0.0
Amount_shipped,"(140, 4960, 598, 4885, 11.15)",0.0
Amount_shipped,"(140, 4960, 622, 4729, 11.5)",0.0
Amount_shipped,"(140, 4960, 136, 4692, 11.61)",0.0
Amount_shipped,"(140, 4960, 494, 4926, 11.95)",0.0
Amount_shipped,"(140, 4960, 627, 4796, 12.52)",0.0
Amount_shipped,"(140, 4960, 604, 4624, 12.57)",0.0
Amount_shipped,"(140, 4960, 497, 4720, 12.7)",0.0
Amount_shipped,"(140, 4960, 503, 4807, 16.06)",0.0
Amount_shipped,"(140, 4960, 612, 4678, 16.32)",0.0
Amount_shipped,"(140, 4960, 345, 4695, 23.25)",0.0
Amount_shipped,"(140, 4960, 696, 4535, 23.59)",0.0
Amount_shipped,"(140, 4960, 250, 4682, 28.56)",0.0
Amount_shipped,"(140, 4960, 572, 4680, 30.45)",0.0
Amount_shipped,"(140, 4960, 371, 4764, 52.72)",0.0
Amount_shipped,"(140, 4960, 312, 4747, 62.13)",0.0
Amount_shipped,"(140, 4960, 417, 4874, 76.13)",0.0
Amount_shipped,"(140, 4960, 350, 4738, 111.96)",0.0
Amount_shipped,"(140, 4960, 327, 4722, 125.89)",0.0
Amount_shipped,"(140, 4960, 555, 4937, 127.49)",0.0
Amount_shipped,"(140, 4960, 239, 4765, 151.68)",0.0
Amount_shipped,"(140, 4960, 558, 4583, 208.94)",0.0
Amount_shipped,"(140, 4960, 592, 4773, 272.69)",0.0
Amount_shipped,"(140, 4960, 303, 4682, 594.76)",0.0
Amount_shipped,"(140, 4960, 519, 4618, 758.82)",0.0
Amount_shipped,"(140, 4960, 190, 4740, 907.18)",0.0
Amount_shipped,"(140, 4960, 604, 4955, 907.45)",0.0
Amount_shipped,"(140, 4960, 334, 4799, 1285.48)",0.0
Amount_shipped,"(140, 4960, 402, 4762, 1356.12)",0.0
Amount_shipped,"(140, 4980, 604, 4556, 10.77)",0.0
Amount_shipped,"(140, 4980, 545, 4715, 11.01)",0.0
Amount_shipped,"(140, 4980, 598, 4885, 11.15)",0.0
Amount_shipped,"(140, 4980, 622, 4729, 11.5)",0.0
Amount_shipped,"(140, 4980, 136, 4692, 11.61)",0.0
Amount_shipped,"(140, 4980, 494, 4926, 11.95)",0.0
Amount_shipped,"(140, 4980, 627, 4796, 12.52)",0.0
Amount_shipped,"(140, 4980, 604, 4624, 12.57)",0.0
Amount_shipped,"(140, 4980, 497, 4720, 12.7)",0.0
Amount_shipped,"(140, 4980, 503, 4807, 16.06)",0.0
Amount_shipped,"(140, 4980, 612, 4678, 16.32)",0.0
Amount_shipped,"(140, 4980, 345, 4695, 23.25)",0.0
Amount_shipped,"(140, 4980, 696, 4535, 23.59)",0.0
Amount_shipped,"(140, 4980, 250, 4682, 28.56)",0.0
Amount_shipped,"(140, 4980, 572, 4680, 30.45)",0.0
Amount_shipped,"(140, 4980, 371, 4764, 52.72)",0.0
Amount_shipped,"(140, 4980, 312, 4747, 62.13)",0.0
Amount_shipped,"(140, 4980, 417, 4874, 76.13)",0.0
Amount_shipped,"(140, 4980, 350, 4738, 111.96)",0.0
Amount_shipped,"(140, 4980, 327, 4722, 125.89)",0.0
Amount_shipped,"(140, 4980, 555, 4937, 127.49)",0.0
Amount_shipped,"(140, 4980, 239, 4765, 151.68)",0.0
Amount_shipped,"(140, 4980, 558, 4583, 208.94)",0.0
Amount_shipped,"(140, 4980, 592, 4773, 272.69)",0.0
Amount_shipped,"(140, 4980, 303, 4682, 594.76)",0.0
Amount_shipped,"(140, 4980, 519, 4618, 758.82)",0.0
Amount_shipped,"(140, 4980, 190, 4740, 907.18)",0.0
Amount_shipped,"(140, 4980, 604, 4955, 907.45)",0.0
Amount_shipped,"(140, 4980, 334, 4799, 1285.48)",0.0
Amount_shipped,"(140, 4980, 402, 4762, 1356.12)",0.0
Amount_shipped,"(160, 4440, 604, 4556, 10.77)",0.0
Amount_shipped,"(160, 4440, 545, 4715, 11.01)",0.0
Amount_shipped,"(160, 4440, 598, 4885, 11.15)",0.0
Amount_shipped,"(160, 4440, 622, 4729, 11.5)",0.0
Amount_shipped,"(160, 4440, 136, 4692, 11.61)",0.0
Amount_shipped,"(160, 4440, 494, 4926, 11.95)",0.0
Amount_shipped,"(160, 4440, 627, 4796, 12.52)",0.0
Amount_shipped,"(160, 4440, 604, 4624, 12.57)",0.0
Amount_shipped,"(160, 4440, 497, 4720, 12.7)",0.0
Amount_shipped,"(160, 4440, 503, 4807, 16.06)",0.0
Amount_shipped,"(160, 4440, 612, 4678, 16.32)",0.0
Amount_shipped,"(160, 4440, 345, 4695, 23.25)",0.0
Amount_shipped,"(160, 4440, 696, 4535, 23.59)",0.0
Amount_shipped,"(160, 4440, 250, 4682, 28.56)",0.0
Amount_shipped,"(160, 4440, 572, 4680, 30.45)",0.0
Amount_shipped,"(160, 4440, 371, 4764, 52.72)",0.0
Amount_shipped,"(160, 4440, 312, 4747, 62.13)",0.0
Amount_shipped,"(160, 4440, 417, 4874, 76.13)",0.0
Amount_shipped,"(160, 4440, 350, 4738, 111.96)",0.0
Amount_shipped,"(160, 4440, 327, 4722, 125.89)",0.0
Amount_shipped,"(160, 4440, 555, 4937, 127.49)",0.0
Amount_shipped,"(160, 4440, 239, 4765, 151.68)",0.0
Amount_shipped,"(160, 4440, 558, 4583, 208.94)",0.0
Amount_shipped,"(160, 4440, 592, 4773, 272.69)",0.0
Amount_shipped,"(160, 4440, 303, 4682, 594.76)",0.0
Amount_shipped,"(160, 4440, 519, 4618, 758.82)",0.0
Amount_shipped,"(160, 4440, 190, 4740, 907.18)",0.0
Amount_shipped,"(160, 4440, 604, 4955, 907.45)",0.0
Amount_shipped,"(160, 4440, 334, 4799, 1285.48)",0.0
Amount_shipped,"(160, 4440, 402, 4762, 1356.12)",0.0
Amount_shipped,"(160, 4460, 604, 4556, 10.77)",0.0
Amount_shipped,"(160, 4460, 545, 4715, 11.01)",0.0
Amount_shipped,"(160, 4460, 598, 4885, 11.15)",0.0
Amount_shipped,"(160, 4460, 622, 4729, 11.5)",0.0
Amount_shipped,"(160, 4460, 136, 4692, 11.61)",0.0
Amount_shipped,"(160, 4460, 494, 4926, 11.95)",0.0
Amount_shipped,"(160, 4460, 627, 4796, 12.52)",0.0
Amount_shipped,"(160, 4460, 604, 4624, 12.57)",0.0
Amount_shipped,"(160, 4460, 497, 4720, 12.7)",0.0
Amount_shipped,"(160, 4460, 503, 4807, 16.06)",0.0
Amount_shipped,"(160, 4460, 612, 4678, 16.32)",0.0
Amount_shipped,"(160, 4460, 345, 4695, 23.25)",0.0
Amount_shipped,"(160, 4460, 696, 4535, 23.59)",0.0
Amount_shipped,"(160, 4460, 250, 4682, 28.56)",0.0
Amount_shipped,"(160, 4460, 572, 4680, 30.45)",0.0
Amount_shipped,"(160, 4460, 371, 4764, 52.72)",0.0
Amount_shipped,"(160, 4460, 312, 4747, 62.13)",0.0
Amount_shipped,"(160, 4460, 417, 4874, 76.13)",0.0
Amount_shipped,"(160, 4460, 350, 4738, 111.96)",0.0
Amount_shipped,"(160, 4460, 327, 4722, 125.89)",0.0
Amount_shipped,"(160, 4460, 555, 4937, 127.49)",0.0
Amount_shipped,"(160, 4460, 239, 4765, 151.68)",0.0
Amount_shipped,"(160, 4460, 558, 4583, 208.94)",0.0
Amount_shipped,"(160, 4460, 592, 4773, 272.69)",0.0
Amount_shipped,"(160, 4460, 303, 4682, 594.76)",0.0
Amount_shipped,"(160, 4460, 519, 4618, 758.82)",0.0
Amount_shipped,"(160, 4460, 190, 4740, 907.18)",0.0
Amount_shipped,"(160, 4460, 604, 4955, 907.45)",0.0
Amount_shipped,"(160, 4460, 334, 4799, 1285.48)",0.0
Amount_shipped,"(160, 4460, 402, 4762, 1356.12)",0.0
Amount_shipped,"(160, 4480, 604, 4556, 10.77)",0.0
Amount_shipped,"(160, 4480, 545, 4715, 11.01)",0.0
Amount_shipped,"(160, 4480, 598, 4885, 11.15)",0.0
Amount_shipped,"(160, 4480, 622, 4729, 11.5)",0.0
Amount_shipped,"(160, 4480, 136, 4692, 11.61)",0.0
Amount_shipped,"(160, 4480, 494, 4926, 11.95)",0.0
Amount_shipped,"(160, 4480, 627, 4796, 12.52)",0.0
Amount_shipped,"(160, 4480, 604, 4624, 12.57)",0.0
Amount_shipped,"(160, 4480, 497, 4720, 12.7)",0.0
Amount_shipped,"(160, 4480, 503, 4807, 16.06)",0.0
Amount_shipped,"(160, 4480, 612, 4678, 16.32)",0.0
Amount_shipped,"(160, 4480, 345, 4695, 23.25)",0.0
Amount_shipped,"(160, 4480, 696, 4535, 23.59)",0.0
Amount_shipped,"(160, 4480, 250, 4682, 28.56)",0.0
Amount_shipped,"(160, 4480, 572, 4680, 30.45)",0.0
Amount_shipped,"(160, 4480, 371, 4764, 52.72)",0.0
Amount_shipped,"(160, 4480, 312, 4747, 62.13)",0.0
Amount_shipped,"(160, 4480, 417, 4874, 76.13)",0.0
Amount_shipped,"(160, 4480, 350, 4738, 111.96)",0.0
Amount_shipped,"(160, 4480, 327, 4722, 125.89)",0.0
Amount_shipped,"(160, 4480, 555, 4937, 127.49)",0.0
Amount_shipped,"(160, 4480, 239, 4765, 151.68)",0.0
Amount_shipped,"(160, 4480, 558, 4583, 208.94)",0.0
Amount_shipped,"(160, 4480, 592, 4773, 272.69)",0.0
Amount_shipped,"(160, 4480, 303, 4682, 594.76)",0.0
Amount_shipped,"(160, 4480, 519, 4618, 758.82)",0.0
Amount_shipped,"(160, 4480, 190, 4740, 907.18)",0.0
Amount_shipped,"(160, 4480, 604, 4955, 907.45)",0.0
Amount_shipped,"(160, 4480, 334, 4799, 1285.48)",0.0
Amount_shipped,"(160, 4480, 402, 4762, 1356.12)",0.0
Amount_shipped,"(160, 4500, 604, 4556, 10.77)",0.0
Amount_shipped,"(160, 4500, 545, 4715, 11.01)",0.0
Amount_shipped,"(160, 4500, 598, 4885, 11.15)",0.0
Amount_shipped,"(160, 4500, 622, 4729, 11.5)",0.0
Amount_shipped,"(160, 4500, 136, 4692, 11.61)",0.0
Amount_shipped,"(160, 4500, 494, 4926, 11.95)",0.0
Amount_shipped,"(160, 4500, 627, 4796, 12.52)",0.0
Amount_shipped,"(160, 4500, 604, 4624, 12.57)",0.0
Amount_shipped,"(160, 4500, 497, 4720, 12.7)",0.0
Amount_shipped,"(160, 4500, 503, 4807, 16.06)",0.0
Amount_shipped,"(160, 4500, 612, 4678, 16.32)",0.0
Amount_shipped,"(160, 4500, 345, 4695, 23.25)",0.0
Amount_shipped,"(160, 4500, 696, 4535, 23.59)",0.0
Amount_shipped,"(160, 4500, 250, 4682, 28.56)",0.0
Amount_shipped,"(160, 4500, 572, 4680, 30.45)",0.0
Amount_shipped,"(160, 4500, 371, 4764, 52.72)",0.0
Amount_shipped,"(160, 4500, 312, 4747, 62.13)",0.0
Amount_shipped,"(160, 4500, 417, 4874, 76.13)",0.0
Amount_shipped,"(160, 4500, 350, 4738, 111.96)",0.0
Amount_shipped,"(160, 4500, 327, 4722, 125.89)",0.0
Amount_shipped,"(160, 4500, 555, 4937, 127.49)",0.0
Amount_shipped,"(160, 4500, 239, 4765, 151.68)",0.0
Amount_shipped,"(160, 4500, 558, 4583, 208.94)",0.0
Amount_shipped,"(160, 4500, 592, 4773, 272.69)",0.0
Amount_shipped,"(160, 4500, 303, 4682, 594.76)",0.0
Amount_shipped,"(160, 4500, 519, 4618, 758.82)",0.0
Amount_shipped,"(160, 4500, 190, 4740, 907.18)",0.0
Amount_shipped,"(160, 4500, 604, 4955, 907.45)",0.0
Amount_shipped,"(160, 4500, 334, 4799, 1285.48)",0.0
Amount_shipped,"(160, 4500, 402, 4762, 1356.12)",0.0
Amount_shipped,"(160, 4520, 604, 4556, 10.77)",0.0
Amount_shipped,"(160, 4520, 545, 4715, 11.01)",0.0
Amount_shipped,"(160, 4520, 598, 4885, 11.15)",0.0
Amount_shipped,"(160, 4520, 622, 4729, 11.5)",0.0
Amount_shipped,"(160, 4520, 136, 4692, 11.61)",0.0
Amount_shipped,"(160, 4520, 494, 4926, 11.95)",0.0
Amount_shipped,"(160, 4520, 627, 4796, 12.52)",0.0
Amount_shipped,"(160, 4520, 604, 4624, 12.57)",0.0
Amount_shipped,"(160, 4520, 497, 4720, 12.7)",0.0
Amount_shipped,"(160, 4520, 503, 4807, 16.06)",0.0
Amount_shipped,"(160, 4520, 612, 4678, 16.32)",0.0
Amount_shipped,"(160, 4520, 345, 4695, 23.25)",0.0
Amount_shipped,"(160, 4520, 696, 4535, 23.59)",0.0
Amount_shipped,"(160, 4520, 250, 4682, 28.56)",0.0
Amount_shipped,"(160, 4520, 572, 4680, 30.45)",0.0
Amount_shipped,"(160, 4520, 371, 4764, 52.72)",0.0
Amount_shipped,"(160, 4520, 312, 4747, 62.13)",0.0
Amount_shipped,"(160, 4520, 417, 4874, 76.13)",0.0
Amount_shipped,"(160, 4520, 350, 4738, 111.96)",0.0
Amount_shipped,"(160, 4520, 327, 4722, 125.89)",0.0
Amount_shipped,"(160, 4520, 555, 4937, 127.49)",0.0
Amount_shipped,"(160, 4520, 239, 4765, 151.68)",0.0
Amount_shipped,"(160, 4520, 558, 4583, 208.94)",0.0
Amount_shipped,"(160, 4520, 592, 4773, 272.69)",0.0
Amount_shipped,"(160, 4520, 303, 4682, 594.76)",0.0
Amount_shipped,"(160, 4520, 519, 4618, 758.82)",0.0
Amount_shipped,"(160, 4520, 190, 4740, 907.18)",0.0
Amount_shipped,"(160, 4520, 604, 4955, 907.45)",0.0
Amount_shipped,"(160, 4520, 334, 4799, 1285.48)",0.0
Amount_shipped,"(160, 4520, 402, 4762, 1356.12)",0.0
Amount_shipped,"(160, 4540, 604, 4556, 10.77)",0.0
Amount_shipped,"(160, 4540, 545, 4715, 11.01)",0.0
Amount_shipped,"(160, 4540, 598, 4885, 11.15)",0.0
Amount_shipped,"(160, 4540, 622, 4729, 11.5)",0.0
Amount_shipped,"(160, 4540, 136, 4692, 11.61)",0.0
Amount_shipped,"(160, 4540, 494, 4926, 11.95)",0.0
Amount_shipped,"(160, 4540, 627, 4796, 12.52)",0.0
Amount_shipped,"(160, 4540, 604, 4624, 12.57)",0.0
Amount_shipped,"(160, 4540, 497, 4720, 12.7)",0.0
Amount_shipped,"(160, 4540, 503, 4807, 16.06)",0.0
Amount_shipped,"(160, 4540, 612, 4678, 16.32)",0.0
Amount_shipped,"(160, 4540, 345, 4695, 23.25)",0.0
Amount_shipped,"(160, 4540, 696, 4535, 23.59)",0.0
Amount_shipped,"(160, 4540, 250, 4682, 28.56)",0.0
Amount_shipped,"(160, 4540, 572, 4680, 30.45)",0.0
Amount_shipped,"(160, 4540, 371, 4764, 52.72)",0.0
Amount_shipped,"(160, 4540, 312, 4747, 62.13)",0.0
Amount_shipped,"(160, 4540, 417, 4874, 76.13)",0.0
Amount_shipped,"(160, 4540, 350, 4738, 111.96)",0.0
Amount_shipped,"(160, 4540, 327, 4722, 125.89)",0.0
Amount_shipped,"(160, 4540, 555, 4937, 127.49)",0.0
Amount_shipped,"(160, 4540, 239, 4765, 151.68)",0.0
Amount_shipped,"(160, 4540, 558, 4583, 208.94)",0.0
Amount_shipped,"(160, 4540, 592, 4773, 272.69)",0.0
Amount_shipped,"(160, 4540, 303, 4682, 594.76)",0.0
Amount_shipped,"(160, 4540, 519, 4618, 758.82)",0.0
Amount_shipped,"(160, 4540, 190, 4740, 907.18)",0.0
Amount_shipped,"(160, 4540, 604, 4955, 907.45)",0.0
Amount_shipped,"(160, 4540, 334, 4799, 1285.48)",0.0
Amount_shipped,"(160, 4540, 402, 4762, 1356.12)",0.0
Amount_shipped,"(160, 4560, 604, 4556, 10.77)",0.0
Amount_shipped,"(160, 4560, 545, 4715, 11.01)",0.0
Amount_shipped,"(160, 4560, 598, 4885, 11.15)",0.0
Amount_shipped,"(160, 4560, 622, 4729, 11.5)",0.0
Amount_shipped,"(160, 4560, 136, 4692, 11.61)",0.0
Amount_shipped,"(160, 4560, 494, 4926, 11.95)",0.0
Amount_shipped,"(160, 4560, 627, 4796, 12.52)",0.0
Amount_shipped,"(160, 4560, 604, 4624, 12.57)",0.0
Amount_shipped,"(160, 4560, 497, 4720, 12.7)",0.0
Amount_shipped,"(160, 4560, 503, 4807, 16.06)",0.0
Amount_shipped,"(160, 4560, 612, 4678, 16.32)",0.0
Amount_shipped,"(160, 4560, 345, 4695, 23.25)",0.0
Amount_shipped,"(160, 4560, 696, 4535, 23.59)",0.0
Amount_shipped,"(160, 4560, 250, 4682, 28.56)",0.0
Amount_shipped,"(160, 4560, 572, 4680, 30.45)",0.0
Amount_shipped,"(160, 4560, 371, 4764, 52.72)",0.0
Amount_shipped,"(160, 4560, 312, 4747, 62.13)",0.0
Amount_shipped,"(160, 4560, 417, 4874, 76.13)",0.0
Amount_shipped,"(160, 4560, 350, 4738, 111.96)",0.0
Amount_shipped,"(160, 4560, 327, 4722, 125.89)",0.0
Amount_shipped,"(160, 4560, 555, 4937, 127.49)",0.0
Amount_shipped,"(160, 4560, 239, 4765, 151.68)",0.0
Amount_shipped,"(160, 4560, 558, 4583, 208.94)",0.0
Amount_shipped,"(160, 4560, 592, 4773, 272.69)",0.0
Amount_shipped,"(160, 4560, 303, 4682, 594.76)",0.0
Amount_shipped,"(160, 4560, 519, 4618, 758.82)",0.0
Amount_shipped,"(160, 4560, 190, 4740, 907.18)",0.0
Amount_shipped,"(160, 4560, 604, 4955, 907.45)",0.0
Amount_shipped,"(160, 4560, 334, 4799, 1285.48)",0.0
Amount_shipped,"(160, 4560, 402, 4762, 1356.12)",0.0
Amount_shipped,"(160, 4580, 604, 4556, 10.77)",0.0
Amount_shipped,"(160, 4580, 545, 4715, 11.01)",0.0
Amount_shipped,"(160, 4580, 598, 4885, 11.15)",0.0
Amount_shipped,"(160, 4580, 622, 4729, 11.5)",0.0
Amount_shipped,"(160, 4580, 136, 4692, 11.61)",0.0
Amount_shipped,"(160, 4580, 494, 4926, 11.95)",0.0
Amount_shipped,"(160, 4580, 627, 4796, 12.52)",0.0
Amount_shipped,"(160, 4580, 604, 4624, 12.57)",0.0
Amount_shipped,"(160, 4580, 497, 4720, 12.7)",0.0
Amount_shipped,"(160, 4580, 503, 4807, 16.06)",0.0
Amount_shipped,"(160, 4580, 612, 4678, 16.32)",0.0
Amount_shipped,"(160, 4580, 345, 4695, 23.25)",0.0
Amount_shipped,"(160, 4580, 696, 4535, 23.59)",0.0
Amount_shipped,"(160, 4580, 250, 4682, 28.56)",0.0
Amount_shipped,"(160, 4580, 572, 4680, 30.45)",0.0
Amount_shipped,"(160, 4580, 371, 4764, 52.72)",0.0
Amount_shipped,"(160, 4580, 312, 4747, 62.13)",0.0
Amount_shipped,"(160, 4580, 417, 4874, 76.13)",0.0
Amount_shipped,"(160, 4580, 350, 4738, 111.96)",0.0
Amount_shipped,"(160, 4580, 327, 4722, 125.89)",0.0
Amount_shipped,"(160, 4580, 555, 4937, 127.49)",0.0
Amount_shipped,"(160, 4580, 239, 4765, 151.68)",0.0
Amount_shipped,"(160, 4580, 558, 4583, 208.94)",0.0
Amount_shipped,"(160, 4580, 592, 4773, 272.69)",0.0
Amount_shipped,"(160, 4580, 303, 4682, 594.76)",0.0
Amount_shipped,"(160, 4580, 519, 4618, 758.82)",0.0
Amount_shipped,"(160, 4580, 190, 4740, 907.18)",0.0
Amount_shipped,"(160, 4580, 604, 4955, 907.45)",0.0
Amount_shipped,"(160, 4580, 334, 4799, 1285.48)",0.0
Amount_shipped,"(160, 4580, 402, 4762, 1356.12)",0.0
Amount_shipped,"(160, 4600, 604, 4556, 10.77)",0.0
Amount_shipped,"(160, 4600, 545, 4715, 11.01)",0.0
Amount_shipped,"(160, 4600, 598, 4885, 11.15)",0.0
Amount_shipped,"(160, 4600, 622, 4729, 11.5)",0.0
Amount_shipped,"(160, 4600, 136, 4692, 11.61)",0.0
Amount_shipped,"(160, 4600, 494, 4926, 11.95)",0.0
Amount_shipped,"(160, 4600, 627, 4796, 12.52)",0.0
Amount_shipped,"(160, 4600, 604, 4624, 12.57)",0.0
Amount_shipped,"(160, 4600, 497, 4720, 12.7)",0.0
Amount_shipped,"(160, 4600, 503, 4807, 16.06)",0.0
Amount_shipped,"(160, 4600, 612, 4678, 16.32)",0.0
Amount_shipped,"(160, 4600, 345, 4695, 23.25)",0.0
Amount_shipped,"(160, 4600, 696, 4535, 23.59)",0.0
Amount_shipped,"(160, 4600, 250, 4682, 28.56)",0.0
Amount_shipped,"(160, 4600, 572, 4680, 30.45)",0.0
Amount_shipped,"(160, 4600, 371, 4764, 52.72)",0.0
Amount_shipped,"(160, 4600, 312, 4747, 62.13)",0.0
Amount_shipped,"(160, 4600, 417, 4874, 76.13)",0.0
Amount_shipped,"(160, 4600, 350, 4738, 111.96)",0.0
Amount_shipped,"(160, 4600, 327, 4722, 125.89)",0.0
Amount_shipped,"(160, 4600, 555, 4937, 127.49)",0.0
Amount_shipped,"(160, 4600, 239, 4765, 151.68)",0.0
Amount_shipped,"(160, 4600, 558, 4583, 208.94)",0.0
Amount_shipped,"(160, 4600, 592, 4773, 272.69)",0.0
Amount_shipped,"(160, 4600, 303, 4682, 594.76)",0.0
Amount_shipped,"(160, 4600, 519, 4618, 758.82)",0.0
Amount_shipped,"(160, 4600, 190, 4740, 907.18)",0.0
Amount_shipped,"(160, 4600, 604, 4955, 907.45)",0.0
Amount_shipped,"(160, 4600, 334, 4799, 1285.48)",0.0
Amount_shipped,"(160, 4600, 402, 4762, 1356.12)",0.0
Amount_shipped,"(160, 4620, 604, 4556, 10.77)",0.0
Amount_shipped,"(160, 4620, 545, 4715, 11.01)",0.0
Amount_shipped,"(160, 4620, 598, 4885, 11.15)",0.0
Amount_shipped,"(160, 4620, 622, 4729, 11.5)",0.0
Amount_shipped,"(160, 4620, 136, 4692, 11.61)",0.0
Amount_shipped,"(160, 4620, 494, 4926, 11.95)",0.0
Amount_shipped,"(160, 4620, 627, 4796, 12.52)",0.0
Amount_shipped,"(160, 4620, 604, 4624, 12.57)",0.0
Amount_shipped,"(160, 4620, 497, 4720, 12.7)",0.0
Amount_shipped,"(160, 4620, 503, 4807, 16.06)",0.0
Amount_shipped,"(160, 4620, 612, 4678, 16.32)",0.0
Amount_shipped,"(160, 4620, 345, 4695, 23.25)",0.0
Amount_shipped,"(160, 4620, 696, 4535, 23.59)",0.0
Amount_shipped,"(160, 4620, 250, 4682, 28.56)",0.0
Amount_shipped,"(160, 4620, 572, 4680, 30.45)",0.0
Amount_shipped,"(160, 4620, 371, 4764, 52.72)",0.0
Amount_shipped,"(160, 4620, 312, 4747, 62.13)",0.0
Amount_shipped,"(160, 4620, 417, 4874, 76.13)",0.0
Amount_shipped,"(160, 4620, 350, 4738, 111.96)",0.0
Amount_shipped,"(160, 4620, 327, 4722, 125.89)",0.0
Amount_shipped,"(160, 4620, 555, 4937, 127.49)",0.0
Amount_shipped,"(160, 4620, 239, 4765, 151.68)",0.0
Amount_shipped,"(160, 4620, 558, 4583, 208.94)",0.0
Amount_shipped,"(160, 4620, 592, 4773, 272.69)",0.0
Amount_shipped,"(160, 4620, 303, 4682, 594.76)",0.0
Amount_shipped,"(160, 4620, 519, 4618, 758.82)",0.0
Amount_shipped,"(160, 4620, 190, 4740, 907.18)",0.0
Amount_shipped,"(160, 4620, 604, 4955, 907.45)",0.0
Amount_shipped,"(160, 4620, 334, 4799, 1285.48)",0.0
Amount_shipped,"(160, 4620, 402, 4762, 1356.12)",0.0
Amount_shipped,"(160, 4640, 604, 4556, 10.77)",0.0
Amount_shipped,"(160, 4640, 545, 4715, 11.01)",0.0
Amount_shipped,"(160, 4640, 598, 4885, 11.15)",0.0
Amount_shipped,"(160, 4640, 622, 4729, 11.5)",0.0
Amount_shipped,"(160, 4640, 136, 4692, 11.61)",0.0
Amount_shipped,"(160, 4640, 494, 4926, 11.95)",0.0
Amount_shipped,"(160, 4640, 627, 4796, 12.52)",0.0
Amount_shipped,"(160, 4640, 604, 4624, 12.57)",0.0
Amount_shipped,"(160, 4640, 497, 4720, 12.7)",0.0
Amount_shipped,"(160, 4640, 503, 4807, 16.06)",0.0
Amount_shipped,"(160, 4640, 612, 4678, 16.32)",0.0
Amount_shipped,"(160, 4640, 345, 4695, 23.25)",0.0
Amount_shipped,"(160, 4640, 696, 4535, 23.59)",0.0
Amount_shipped,"(160, 4640, 250, 4682, 28.56)",0.0
Amount_shipped,"(160, 4640, 572, 4680, 30.45)",0.0
Amount_shipped,"(160, 4640, 371, 4764, 52.72)",0.0
Amount_shipped,"(160, 4640, 312, 4747, 62.13)",0.0
Amount_shipped,"(160, 4640, 417, 4874, 76.13)",0.0
Amount_shipped,"(160, 4640, 350, 4738, 111.96)",0.0
Amount_shipped,"(160, 4640, 327, 4722, 125.89)",0.0
Amount_shipped,"(160, 4640, 555, 4937, 127.49)",0.0
Amount_shipped,"(160, 4640, 239, 4765, 151.68)",0.0
Amount_shipped,"(160, 4640, 558, 4583, 208.94)",0.0
Amount_shipped,"(160, 4640, 592, 4773, 272.69)",0.0
Amount_shipped,"(160, 4640, 303, 4682, 594.76)",0.0
Amount_shipped,"(160, 4640, 519, 4618, 758.82)",0.0
Amount_shipped,"(160, 4640, 190, 4740, 907.18)",0.0
Amount_shipped,"(160, 4640, 604, 4955, 907.45)",0.0
Amount_shipped,"(160, 4640, 334, 4799, 1285.48)",0.0
Amount_shipped,"(160, 4640, 402, 4762, 1356.12)",0.0
Amount_shipped,"(160, 4660, 604, 4556, 10.77)",0.0
Amount_shipped,"(160, 4660, 545, 4715, 11.01)",0.0
Amount_shipped,"(160, 4660, 598, 4885, 11.15)",0.0
Amount_shipped,"(160, 4660, 622, 4729, 11.5)",0.0
Amount_shipped,"(160, 4660, 136, 4692, 11.61)",0.0
Amount_shipped,"(160, 4660, 494, 4926, 11.95)",0.0
Amount_shipped,"(160, 4660, 627, 4796, 12.52)",0.0
Amount_shipped,"(160, 4660, 604, 4624, 12.57)",0.0
Amount_shipped,"(160, 4660, 497, 4720, 12.7)",0.0
Amount_shipped,"(160, 4660, 503, 4807, 16.06)",0.0
Amount_shipped,"(160, 4660, 612, 4678, 16.32)",0.0
Amount_shipped,"(160, 4660, 345, 4695, 23.25)",0.0
Amount_shipped,"(160, 4660, 696, 4535, 23.59)",0.0
Amount_shipped,"(160, 4660, 250, 4682, 28.56)",0.0
Amount_shipped,"(160, 4660, 572, 4680, 30.45)",0.0
Amount_shipped,"(160, 4660, 371, 4764, 52.72)",0.0
Amount_shipped,"(160, 4660, 312, 4747, 62.13)",0.0
Amount_shipped,"(160, 4660, 417, 4874, 76.13)",0.0
Amount_shipped,"(160, 4660, 350, 4738, 111.96)",0.0
Amount_shipped,"(160, 4660, 327, 4722, 125.89)",0.0
Amount_shipped,"(160, 4660, 555, 4937, 127.49)",0.0
Amount_shipped,"(160, 4660, 239, 4765, 151.68)",0.0
Amount_shipped,"(160, 4660, 558, 4583, 208.94)",0.0
Amount_shipped,"(160, 4660, 592, 4773, 272.69)",0.0
Amount_shipped,"(160, 4660, 303, 4682, 594.76)",0.0
Amount_shipped,"(160, 4660, 519, 4618, 758.82)",0.0
Amount_shipped,"(160, 4660, 190, 4740, 907.18)",0.0
Amount_shipped,"(160, 4660, 604, 4955, 907.45)",0.0
Amount_shipped,"(160, 4660, 334, 4799, 1285.48)",0.0
Amount_shipped,"(160, 4660, 402, 4762, 1356.12)",0.0
Amount_shipped,"(160, 4680, 604, 4556, 10.77)",0.0
Amount_shipped,"(160, 4680, 545, 4715, 11.01)",0.0
Amount_shipped,"(160, 4680, 598, 4885, 11.15)",0.0
Amount_shipped,"(160, 4680, 622, 4729, 11.5)",0.0
Amount_shipped,"(160, 4680, 136, 4692, 11.61)",0.0
Amount_shipped,"(160, 4680, 494, 4926, 11.95)",0.0
Amount_shipped,"(160, 4680, 627, 4796, 12.52)",0.0
Amount_shipped,"(160, 4680, 604, 4624, 12.57)",0.0
Amount_shipped,"(160, 4680, 497, 4720, 12.7)",0.0
Amount_shipped,"(160, 4680, 503, 4807, 16.06)",0.0
Amount_shipped,"(160, 4680, 612, 4678, 16.32)",0.0
Amount_shipped,"(160, 4680, 345, 4695, 23.25)",0.0
Amount_shipped,"(160, 4680, 696, 4535, 23.59)",0.0
Amount_shipped,"(160, 4680, 250, 4682, 28.56)",0.0
Amount_shipped,"(160, 4680, 572, 4680, 30.45)",0.0
Amount_shipped,"(160, 4680, 371, 4764, 52.72)",0.0
Amount_shipped,"(160, 4680, 312, 4747, 62.13)",0.0
Amount_shipped,"(160, 4680, 417, 4874, 76.13)",0.0
Amount_shipped,"(160, 4680, 350, 4738, 111.96)",0.0
Amount_shipped,"(160, 4680, 327, 4722, 125.89)",0.0
Amount_shipped,"(160, 4680, 555, 4937, 127.49)",0.0
Amount_shipped,"(160, 4680, 239, 4765, 151.68)",0.0
Amount_shipped,"(160, 4680, 558, 4583, 208.94)",0.0
Amount_shipped,"(160, 4680, 592, 4773, 272.69)",0.0
Amount_shipped,"(160, 4680, 303, 4682, 594.76)",0.0
Amount_shipped,"(160, 4680, 519, 4618, 758.82)",0.0
Amount_shipped,"(160, 4680, 190, 4740, 907.18)",0.0
Amount_shipped,"(160, 4680, 604, 4955, 907.45)",0.0
Amount_shipped,"(160, 4680, 334, 4799, 1285.48)",0.0
Amount_shipped,"(160, 4680, 402, 4762, 1356.12)",0.0
Amount_shipped,"(160, 4700, 604, 4556, 10.77)",0.0
Amount_shipped,"(160, 4700, 545, 4715, 11.01)",0.0
Amount_shipped,"(160, 4700, 598, 4885, 11.15)",0.0
Amount_shipped,"(160, 4700, 622, 4729, 11.5)",0.0
Amount_shipped,"(160, 4700, 136, 4692, 11.61)",0.0
Amount_shipped,"(160, 4700, 494, 4926, 11.95)",0.0
Amount_shipped,"(160, 4700, 627, 4796, 12.52)",0.0
Amount_shipped,"(160, 4700, 604, 4624, 12.57)",0.0
Amount_shipped,"(160, 4700, 497, 4720, 12.7)",0.0
Amount_shipped,"(160, 4700, 503, 4807, 16.06)",0.0
Amount_shipped,"(160, 4700, 612, 4678, 16.32)",0.0
Amount_shipped,"(160, 4700, 345, 4695, 23.25)",0.0
Amount_shipped,"(160, 4700, 696, 4535, 23.59)",0.0
Amount_shipped,"(160, 4700, 250, 4682, 28.56)",0.0
Amount_shipped,"(160, 4700, 572, 4680, 30.45)",0.0
Amount_shipped,"(160, 4700, 371, 4764, 52.72)",0.0
Amount_shipped,"(160, 4700, 312, 4747, 62.13)",0.0
Amount_shipped,"(160, 4700, 417, 4874, 76.13)",0.0
Amount_shipped,"(160, 4700, 350, 4738, 111.96)",0.0
Amount_shipped,"(160, 4700, 327, 4722, 125.89)",0.0
Amount_shipped,"(160, 4700, 555, 4937, 127.49)",0.0
Amount_shipped,"(160, 4700, 239, 4765, 151.68)",0.0
Amount_shipped,"(160, 4700, 558, 4583, 208.94)",0.0
Amount_shipped,"(160, 4700, 592, 4773, 272.69)",0.0
Amount_shipped,"(160, 4700, 303, 4682, 594.76)",0.0
Amount_shipped,"(160, 4700, 519, 4618, 758.82)",0.0
Amount_shipped,"(160, 4700, 190, 4740, 907.18)",0.0
Amount_shipped,"(160, 4700, 604, 4955, 907.45)",0.0
Amount_shipped,"(160, 4700, 334, 4799, 1285.48)",0.0
Amount_shipped,"(160, 4700, 402, 4762, 1356.12)",0.0
Amount_shipped,"(160, 4720, 604, 4556, 10.77)",0.0
Amount_shipped,"(160, 4720, 545, 4715, 11.01)",0.0
Amount_shipped,"(160, 4720, 598, 4885, 11.15)",0.0
Amount_shipped,"(160, 4720, 622, 4729, 11.5)",0.0
Amount_shipped,"(160, 4720, 136, 4692, 11.61)",0.0
Amount_shipped,"(160, 4720, 494, 4926, 11.95)",0.0
Amount_shipped,"(160, 4720, 627, 4796, 12.52)",0.0
Amount_shipped,"(160, 4720, 604, 4624, 12.57)",0.0
Amount_shipped,"(160, 4720, 497, 4720, 12.7)",0.0
Amount_shipped,"(160, 4720, 503, 4807, 16.06)",0.0
Amount_shipped,"(160, 4720, 612, 4678, 16.32)",0.0
Amount_shipped,"(160, 4720, 345, 4695, 23.25)",0.0
Amount_shipped,"(160, 4720, 696, 4535, 23.59)",0.0
Amount_shipped,"(160, 4720, 250, 4682, 28.56)",0.0
Amount_shipped,"(160, 4720, 572, 4680, 30.45)",0.0
Amount_shipped,"(160, 4720, 371, 4764, 52.72)",0.0
Amount_shipped,"(160, 4720, 312, 4747, 62.13)",0.0
Amount_shipped,"(160, 4720, 417, 4874, 76.13)",0.0
Amount_shipped,"(160, 4720, 350, 4738, 111.96)",0.0
Amount_shipped,"(160, 4720, 327, 4722, 125.89)",0.0
Amount_shipped,"(160, 4720, 555, 4937, 127.49)",0.0
Amount_shipped,"(160, 4720, 239, 4765, 151.68)",0.0
Amount_shipped,"(160, 4720, 558, 4583, 208.94)",0.0
Amount_shipped,"(160, 4720, 592, 4773, 272.69)",0.0
Amount_shipped,"(160, 4720, 303, 4682, 594.76)",0.0
Amount_shipped,"(160, 4720, 519, 4618, 758.82)",0.0
Amount_shipped,"(160, 4720, 190, 4740, 907.18)",0.0
Amount_shipped,"(160, 4720, 604, 4955, 907.45)",0.0
Amount_shipped,"(160, 4720, 334, 4799, 1285.48)",0.0
Amount_shipped,"(160, 4720, 402, 4762, 1356.12)",0.0
Amount_shipped,"(160, 4740, 604, 4556, 10.77)",0.0
Amount_shipped,"(160, 4740, 545, 4715, 11.01)",0.0
Amount_shipped,"(160, 4740, 598, 4885, 11.15)",0.0
Amount_shipped,"(160, 4740, 622, 4729, 11.5)",0.0
Amount_shipped,"(160, 4740, 136, 4692, 11.61)",0.0
Amount_shipped,"(160, 4740, 494, 4926, 11.95)",0.0
Amount_shipped,"(160, 4740, 627, 4796, 12.52)",0.0
Amount_shipped,"(160, 4740, 604, 4624, 12.57)",0.0
Amount_shipped,"(160, 4740, 497, 4720, 12.7)",0.0
Amount_shipped,"(160, 4740, 503, 4807, 16.06)",0.0
Amount_shipped,"(160, 4740, 612, 4678, 16.32)",0.0
Amount_shipped,"(160, 4740, 345, 4695, 23.25)",0.0
Amount_shipped,"(160, 4740, 696, 4535, 23.59)",0.0
Amount_shipped,"(160, 4740, 250, 4682, 28.56)",0.0
Amount_shipped,"(160, 4740, 572, 4680, 30.45)",0.0
Amount_shipped,"(160, 4740, 371, 4764, 52.72)",0.0
Amount_shipped,"(160, 4740, 312, 4747, 62.13)",0.0
Amount_shipped,"(160, 4740, 417, 4874, 76.13)",0.0
Amount_shipped,"(160, 4740, 350, 4738, 111.96)",0.0
Amount_shipped,"(160, 4740, 327, 4722, 125.89)",0.0
Amount_shipped,"(160, 4740, 555, 4937, 127.49)",0.0
Amount_shipped,"(160, 4740, 239, 4765, 151.68)",0.0
Amount_shipped,"(160, 4740, 558, 4583, 208.94)",0.0
Amount_shipped,"(160, 4740, 592, 4773, 272.69)",0.0
Amount_shipped,"(160, 4740, 303, 4682, 594.76)",0.0
Amount_shipped,"(160, 4740, 519, 4618, 758.82)",0.0
Amount_shipped,"(160, 4740, 190, 4740, 907.18)",0.0
Amount_shipped,"(160, 4740, 604, 4955, 907.45)",0.0
Amount_shipped,"(160, 4740, 334, 4799, 1285.48)",0.0
Amount_shipped,"(160, 4740, 402, 4762, 1356.12)",0.0
Amount_shipped,"(160, 4760, 604, 4556, 10.77)",0.0
Amount_shipped,"(160, 4760, 545, 4715, 11.01)",0.0
Amount_shipped,"(160, 4760, 598, 4885, 11.15)",0.0
Amount_shipped,"(160, 4760, 622, 4729, 11.5)",0.0
Amount_shipped,"(160, 4760, 136, 4692, 11.61)",0.0
Amount_shipped,"(160, 4760, 494, 4926, 11.95)",0.0
Amount_shipped,"(160, 4760, 627, 4796, 12.52)",0.0
Amount_shipped,"(160, 4760, 604, 4624, 12.57)",0.0
Amount_shipped,"(160, 4760, 497, 4720, 12.7)",0.0
Amount_shipped,"(160, 4760, 503, 4807, 16.06)",0.0
Amount_shipped,"(160, 4760, 612, 4678, 16.32)",0.0
Amount_shipped,"(160, 4760, 345, 4695, 23.25)",0.0
Amount_shipped,"(160, 4760, 696, 4535, 23.59)",0.0
Amount_shipped,"(160, 4760, 250, 4682, 28.56)",0.0
Amount_shipped,"(160, 4760, 572, 4680, 30.45)",0.0
Amount_shipped,"(160, 4760, 371, 4764, 52.72)",0.0
Amount_shipped,"(160, 4760, 312, 4747, 62.13)",0.0
Amount_shipped,"(160, 4760, 417, 4874, 76.13)",0.0
Amount_shipped,"(160, 4760, 350, 4738, 111.96)",0.0
Amount_shipped,"(160, 4760, 327, 4722, 125.89)",0.0
Amount_shipped,"(160, 4760, 555, 4937, 127.49)",0.0
Amount_shipped,"(160, 4760, 239, 4765, 151.68)",0.0
Amount_shipped,"(160, 4760, 558, 4583, 208.94)",0.0
Amount_shipped,"(160, 4760, 592, 4773, 272.69)",0.0
Amount_shipped,"(160, 4760, 303, 4682, 594.76)",0.0
Amount_shipped,"(160, 4760, 519, 4618, 758.82)",0.0
Amount_shipped,"(160, 4760, 190, 4740, 907.18)",0.0
Amount_shipped,"(160, 4760, 604, 4955, 907.45)",0.0
Amount_shipped,"(160, 4760, 334, 4799, 1285.48)",0.0
Amount_shipped,"(160, 4760, 402, 4762, 1356.12)",0.0
Amount_shipped,"(160, 4780, 604, 4556, 10.77)",0.0
Amount_shipped,"(160, 4780, 545, 4715, 11.01)",0.0
Amount_shipped,"(160, 4780, 598, 4885, 11.15)",0.0
Amount_shipped,"(160, 4780, 622, 4729, 11.5)",0.0
Amount_shipped,"(160, 4780, 136, 4692, 11.61)",0.0
Amount_shipped,"(160, 4780, 494, 4926, 11.95)",0.0
Amount_shipped,"(160, 4780, 627, 4796, 12.52)",0.0
Amount_shipped,"(160, 4780, 604, 4624, 12.57)",0.0
Amount_shipped,"(160, 4780, 497, 4720, 12.7)",0.0
Amount_shipped,"(160, 4780, 503, 4807, 16.06)",0.0
Amount_shipped,"(160, 4780, 612, 4678, 16.32)",0.0
Amount_shipped,"(160, 4780, 345, 4695, 23.25)",0.0
Amount_shipped,"(160, 4780, 696, 4535, 23.59)",0.0
Amount_shipped,"(160, 4780, 250, 4682, 28.56)",0.0
Amount_shipped,"(160, 4780, 572, 4680, 30.45)",0.0
Amount_shipped,"(160, 4780, 371, 4764, 52.72)",0.0
Amount_shipped,"(160, 4780, 312, 4747, 62.13)",0.0
Amount_shipped,"(160, 4780, 417, 4874, 76.13)",0.0
Amount_shipped,"(160, 4780, 350, 4738, 111.96)",0.0
Amount_shipped,"(160, 4780, 327, 4722, 125.89)",0.0
Amount_shipped,"(160, 4780, 555, 4937, 127.49)",0.0
Amount_shipped,"(160, 4780, 239, 4765, 151.68)",0.0
Amount_shipped,"(160, 4780, 558, 4583, 208.94)",0.0
Amount_shipped,"(160, 4780, 592, 4773, 272.69)",0.0
Amount_shipped,"(160, 4780, 303, 4682, 594.76)",0.0
Amount_shipped,"(160, 4780, 519, 4618, 758.82)",0.0
Amount_shipped,"(160, 4780, 190, 4740, 907.18)",0.0
Amount_shipped,"(160, 4780, 604, 4955, 907.45)",0.0
Amount_shipped,"(160, 4780, 334, 4799, 1285.48)",0.0
Amount_shipped,"(160, 4780, 402, 4762, 1356.12)",0.0
Amount_shipped,"(160, 4800, 604, 4556, 10.77)",0.0
Amount_shipped,"(160, 4800, 545, 4715, 11.01)",0.0
Amount_shipped,"(160, 4800, 598, 4885, 11.15)",0.0
Amount_shipped,"(160, 4800, 622, 4729, 11.5)",0.0
Amount_shipped,"(160, 4800, 136, 4692, 11.61)",0.0
Amount_shipped,"(160, 4800, 494, 4926, 11.95)",0.0
Amount_shipped,"(160, 4800, 627, 4796, 12.52)",0.0
Amount_shipped,"(160, 4800, 604, 4624, 12.57)",0.0
Amount_shipped,"(160, 4800, 497, 4720, 12.7)",0.0
Amount_shipped,"(160, 4800, 503, 4807, 16.06)",0.0
Amount_shipped,"(160, 4800, 612, 4678, 16.32)",0.0
Amount_shipped,"(160, 4800, 345, 4695, 23.25)",0.0
Amount_shipped,"(160, 4800, 696, 4535, 23.59)",0.0
Amount_shipped,"(160, 4800, 250, 4682, 28.56)",0.0
Amount_shipped,"(160, 4800, 572, 4680, 30.45)",0.0
Amount_shipped,"(160, 4800, 371, 4764, 52.72)",0.0
Amount_shipped,"(160, 4800, 312, 4747, 62.13)",0.0
Amount_shipped,"(160, 4800, 417, 4874, 76.13)",0.0
Amount_shipped,"(160, 4800, 350, 4738, 111.96)",0.0
Amount_shipped,"(160, 4800, 327, 4722, 125.89)",0.0
Amount_shipped,"(160, 4800, 555, 4937, 127.49)",0.0
Amount_shipped,"(160, 4800, 239, 4765, 151.68)",0.0
Amount_shipped,"(160, 4800, 558, 4583, 208.94)",0.0
Amount_shipped,"(160, 4800, 592, 4773, 272.69)",0.0
Amount_shipped,"(160, 4800, 303, 4682, 594.76)",0.0
Amount_shipped,"(160, 4800, 519, 4618, 758.82)",0.0
Amount_shipped,"(160, 4800, 190, 4740, 907.18)",0.0
Amount_shipped,"(160, 4800, 604, 4955, 907.45)",0.0
Amount_shipped,"(160, 4800, 334, 4799, 1285.48)",0.0
Amount_shipped,"(160, 4800, 402, 4762, 1356.12)",0.0
Amount_shipped,"(160, 4820, 604, 4556, 10.77)",0.0
Amount_shipped,"(160, 4820, 545, 4715, 11.01)",0.0
Amount_shipped,"(160, 4820, 598, 4885, 11.15)",0.0
Amount_shipped,"(160, 4820, 622, 4729, 11.5)",0.0
Amount_shipped,"(160, 4820, 136, 4692, 11.61)",0.0
Amount_shipped,"(160, 4820, 494, 4926, 11.95)",0.0
Amount_shipped,"(160, 4820, 627, 4796, 12.52)",0.0
Amount_shipped,"(160, 4820, 604, 4624, 12.57)",0.0
Amount_shipped,"(160, 4820, 497, 4720, 12.7)",0.0
Amount_shipped,"(160, 4820, 503, 4807, 16.06)",0.0
Amount_shipped,"(160, 4820, 612, 4678, 16.32)",0.0
Amount_shipped,"(160, 4820, 345, 4695, 23.25)",0.0
Amount_shipped,"(160, 4820, 696, 4535, 23.59)",0.0
Amount_shipped,"(160, 4820, 250, 4682, 28.56)",0.0
Amount_shipped,"(160, 4820, 572, 4680, 30.45)",0.0
Amount_shipped,"(160, 4820, 371, 4764, 52.72)",0.0
Amount_shipped,"(160, 4820, 312, 4747, 62.13)",0.0
Amount_shipped,"(160, 4820, 417, 4874, 76.13)",0.0
Amount_shipped,"(160, 4820, 350, 4738, 111.96)",0.0
Amount_shipped,"(160, 4820, 327, 4722, 125.89)",0.0
Amount_shipped,"(160, 4820, 555, 4937, 127.49)",0.0
Amount_shipped,"(160, 4820, 239, 4765, 151.68)",0.0
Amount_shipped,"(160, 4820, 558, 4583, 208.94)",0.0
Amount_shipped,"(160, 4820, 592, 4773, 272.69)",0.0
Amount_shipped,"(160, 4820, 303, 4682, 594.76)",0.0
Amount_shipped,"(160, 4820, 519, 4618, 758.82)",0.0
Amount_shipped,"(160, 4820, 190, 4740, 907.18)",0.0
Amount_shipped,"(160, 4820, 604, 4955, 907.45)",0.0
Amount_shipped,"(160, 4820, 334, 4799, 1285.48)",0.0
Amount_shipped,"(160, 4820, 402, 4762, 1356.12)",0.0
Amount_shipped,"(160, 4840, 604, 4556, 10.77)",0.0
Amount_shipped,"(160, 4840, 545, 4715, 11.01)",0.0
Amount_shipped,"(160, 4840, 598, 4885, 11.15)",0.0
Amount_shipped,"(160, 4840, 622, 4729, 11.5)",0.0
Amount_shipped,"(160, 4840, 136, 4692, 11.61)",0.0
Amount_shipped,"(160, 4840, 494, 4926, 11.95)",0.0
Amount_shipped,"(160, 4840, 627, 4796, 12.52)",0.0
Amount_shipped,"(160, 4840, 604, 4624, 12.57)",0.0
Amount_shipped,"(160, 4840, 497, 4720, 12.7)",0.0
Amount_shipped,"(160, 4840, 503, 4807, 16.06)",0.0
Amount_shipped,"(160, 4840, 612, 4678, 16.32)",0.0
Amount_shipped,"(160, 4840, 345, 4695, 23.25)",0.0
Amount_shipped,"(160, 4840, 696, 4535, 23.59)",0.0
Amount_shipped,"(160, 4840, 250, 4682, 28.56)",0.0
Amount_shipped,"(160, 4840, 572, 4680, 30.45)",0.0
Amount_shipped,"(160, 4840, 371, 4764, 52.72)",0.0
Amount_shipped,"(160, 4840, 312, 4747, 62.13)",0.0
Amount_shipped,"(160, 4840, 417, 4874, 76.13)",0.0
Amount_shipped,"(160, 4840, 350, 4738, 111.96)",0.0
Amount_shipped,"(160, 4840, 327, 4722, 125.89)",0.0
Amount_shipped,"(160, 4840, 555, 4937, 127.49)",0.0
Amount_shipped,"(160, 4840, 239, 4765, 151.68)",0.0
Amount_shipped,"(160, 4840, 558, 4583, 208.94)",0.0
Amount_shipped,"(160, 4840, 592, 4773, 272.69)",0.0
Amount_shipped,"(160, 4840, 303, 4682, 594.76)",0.0
Amount_shipped,"(160, 4840, 519, 4618, 758.82)",0.0
Amount_shipped,"(160, 4840, 190, 4740, 907.18)",0.0
Amount_shipped,"(160, 4840, 604, 4955, 907.45)",0.0
Amount_shipped,"(160, 4840, 334, 4799, 1285.48)",0.0
Amount_shipped,"(160, 4840, 402, 4762, 1356.12)",0.0
Amount_shipped,"(160, 4860, 604, 4556, 10.77)",0.0
Amount_shipped,"(160, 4860, 545, 4715, 11.01)",0.0
Amount_shipped,"(160, 4860, 598, 4885, 11.15)",0.0
Amount_shipped,"(160, 4860, 622, 4729, 11.5)",0.0
Amount_shipped,"(160, 4860, 136, 4692, 11.61)",0.0
Amount_shipped,"(160, 4860, 494, 4926, 11.95)",0.0
Amount_shipped,"(160, 4860, 627, 4796, 12.52)",0.0
Amount_shipped,"(160, 4860, 604, 4624, 12.57)",0.0
Amount_shipped,"(160, 4860, 497, 4720, 12.7)",0.0
Amount_shipped,"(160, 4860, 503, 4807, 16.06)",0.0
Amount_shipped,"(160, 4860, 612, 4678, 16.32)",0.0
Amount_shipped,"(160, 4860, 345, 4695, 23.25)",0.0
Amount_shipped,"(160, 4860, 696, 4535, 23.59)",0.0
Amount_shipped,"(160, 4860, 250, 4682, 28.56)",0.0
Amount_shipped,"(160, 4860, 572, 4680, 30.45)",0.0
Amount_shipped,"(160, 4860, 371, 4764, 52.72)",0.0
Amount_shipped,"(160, 4860, 312, 4747, 62.13)",0.0
Amount_shipped,"(160, 4860, 417, 4874, 76.13)",0.0
Amount_shipped,"(160, 4860, 350, 4738, 111.96)",0.0
Amount_shipped,"(160, 4860, 327, 4722, 125.89)",0.0
Amount_shipped,"(160, 4860, 555, 4937, 127.49)",0.0
Amount_shipped,"(160, 4860, 239, 4765, 151.68)",0.0
Amount_shipped,"(160, 4860, 558, 4583, 208.94)",0.0
Amount_shipped,"(160, 4860, 592, 4773, 272.69)",0.0
Amount_shipped,"(160, 4860, 303, 4682, 594.76)",0.0
Amount_shipped,"(160, 4860, 519, 4618, 758.82)",0.0
Amount_shipped,"(160, 4860, 190, 4740, 907.18)",0.0
Amount_shipped,"(160, 4860, 604, 4955, 907.45)",0.0
Amount_shipped,"(160, 4860, 334, 4799, 1285.48)",0.0
Amount_shipped,"(160, 4860, 402, 4762, 1356.12)",0.0
Amount_shipped,"(160, 4880, 604, 4556, 10.77)",0.0
Amount_shipped,"(160, 4880, 545, 4715, 11.01)",0.0
Amount_shipped,"(160, 4880, 598, 4885, 11.15)",0.0
Amount_shipped,"(160, 4880, 622, 4729, 11.5)",0.0
Amount_shipped,"(160, 4880, 136, 4692, 11.61)",0.0
Amount_shipped,"(160, 4880, 494, 4926, 11.95)",0.0
Amount_shipped,"(160, 4880, 627, 4796, 12.52)",0.0
Amount_shipped,"(160, 4880, 604, 4624, 12.57)",0.0
Amount_shipped,"(160, 4880, 497, 4720, 12.7)",0.0
Amount_shipped,"(160, 4880, 503, 4807, 16.06)",0.0
Amount_shipped,"(160, 4880, 612, 4678, 16.32)",0.0
Amount_shipped,"(160, 4880, 345, 4695, 23.25)",0.0
Amount_shipped,"(160, 4880, 696, 4535, 23.59)",0.0
Amount_shipped,"(160, 4880, 250, 4682, 28.56)",0.0
Amount_shipped,"(160, 4880, 572, 4680, 30.45)",0.0
Amount_shipped,"(160, 4880, 371, 4764, 52.72)",0.0
Amount_shipped,"(160, 4880, 312, 4747, 62.13)",0.0
Amount_shipped,"(160, 4880, 417, 4874, 76.13)",0.0
Amount_shipped,"(160, 4880, 350, 4738, 111.96)",0.0
Amount_shipped,"(160, 4880, 327, 4722, 125.89)",0.0
Amount_shipped,"(160, 4880, 555, 4937, 127.49)",0.0
Amount_shipped,"(160, 4880, 239, 4765, 151.68)",0.0
Amount_shipped,"(160, 4880, 558, 4583, 208.94)",0.0
Amount_shipped,"(160, 4880, 592, 4773, 272.69)",0.0
Amount_shipped,"(160, 4880, 303, 4682, 594.76)",0.0
Amount_shipped,"(160, 4880, 519, 4618, 758.82)",0.0
Amount_shipped,"(160, 4880, 190, 4740, 907.18)",0.0
Amount_shipped,"(160, 4880, 604, 4955, 907.45)",0.0
Amount_shipped,"(160, 4880, 334, 4799, 1285.48)",0.0
Amount_shipped,"(160, 4880, 402, 4762, 1356.12)",0.0
Amount_shipped,"(160, 4900, 604, 4556, 10.77)",0.0
Amount_shipped,"(160, 4900, 545, 4715, 11.01)",0.0
Amount_shipped,"(160, 4900, 598, 4885, 11.15)",0.0
Amount_shipped,"(160, 4900, 622, 4729, 11.5)",0.0
Amount_shipped,"(160, 4900, 136, 4692, 11.61)",0.0
Amount_shipped,"(160, 4900, 494, 4926, 11.95)",0.0
Amount_shipped,"(160, 4900, 627, 4796, 12.52)",0.0
Amount_shipped,"(160, 4900, 604, 4624, 12.57)",0.0
Amount_shipped,"(160, 4900, 497, 4720, 12.7)",0.0
Amount_shipped,"(160, 4900, 503, 4807, 16.06)",0.0
Amount_shipped,"(160, 4900, 612, 4678, 16.32)",0.0
Amount_shipped,"(160, 4900, 345, 4695, 23.25)",0.0
Amount_shipped,"(160, 4900, 696, 4535, 23.59)",0.0
Amount_shipped,"(160, 4900, 250, 4682, 28.56)",0.0
Amount_shipped,"(160, 4900, 572, 4680, 30.45)",0.0
Amount_shipped,"(160, 4900, 371, 4764, 52.72)",0.0
Amount_shipped,"(160, 4900, 312, 4747, 62.13)",0.0
Amount_shipped,"(160, 4900, 417, 4874, 76.13)",0.0
Amount_shipped,"(160, 4900, 350, 4738, 111.96)",0.0
Amount_shipped,"(160, 4900, 327, 4722, 125.89)",0.0
Amount_shipped,"(160, 4900, 555, 4937, 127.49)",0.0
Amount_shipped,"(160, 4900, 239, 4765, 151.68)",0.0
Amount_shipped,"(160, 4900, 558, 4583, 208.94)",0.0
Amount_shipped,"(160, 4900, 592, 4773, 272.69)",0.0
Amount_shipped,"(160, 4900, 303, 4682, 594.76)",0.0
Amount_shipped,"(160, 4900, 519, 4618, 758.82)",0.0
Amount_shipped,"(160, 4900, 190, 4740, 907.18)",0.0
Amount_shipped,"(160, 4900, 604, 4955, 907.45)",0.0
Amount_shipped,"(160, 4900, 334, 4799, 1285.48)",0.0
Amount_shipped,"(160, 4900, 402, 4762, 1356.12)",0.0
Amount_shipped,"(160, 4920, 604, 4556, 10.77)",0.0
Amount_shipped,"(160, 4920, 545, 4715, 11.01)",0.0
Amount_shipped,"(160, 4920, 598, 4885, 11.15)",0.0
Amount_shipped,"(160, 4920, 622, 4729, 11.5)",0.0
Amount_shipped,"(160, 4920, 136, 4692, 11.61)",0.0
Amount_shipped,"(160, 4920, 494, 4926, 11.95)",0.0
Amount_shipped,"(160, 4920, 627, 4796, 12.52)",0.0
Amount_shipped,"(160, 4920, 604, 4624, 12.57)",0.0
Amount_shipped,"(160, 4920, 497, 4720, 12.7)",0.0
Amount_shipped,"(160, 4920, 503, 4807, 16.06)",0.0
Amount_shipped,"(160, 4920, 612, 4678, 16.32)",0.0
Amount_shipped,"(160, 4920, 345, 4695, 23.25)",0.0
Amount_shipped,"(160, 4920, 696, 4535, 23.59)",0.0
Amount_shipped,"(160, 4920, 250, 4682, 28.56)",0.0
Amount_shipped,"(160, 4920, 572, 4680, 30.45)",0.0
Amount_shipped,"(160, 4920, 371, 4764, 52.72)",0.0
Amount_shipped,"(160, 4920, 312, 4747, 62.13)",0.0
Amount_shipped,"(160, 4920, 417, 4874, 76.13)",0.0
Amount_shipped,"(160, 4920, 350, 4738, 111.96)",0.0
Amount_shipped,"(160, 4920, 327, 4722, 125.89)",0.0
Amount_shipped,"(160, 4920, 555, 4937, 127.49)",0.0
Amount_shipped,"(160, 4920, 239, 4765, 151.68)",0.0
Amount_shipped,"(160, 4920, 558, 4583, 208.94)",0.0
Amount_shipped,"(160, 4920, 592, 4773, 272.69)",0.0
Amount_shipped,"(160, 4920, 303, 4682, 594.76)",0.0
Amount_shipped,"(160, 4920, 519, 4618, 758.82)",0.0
Amount_shipped,"(160, 4920, 190, 4740, 907.18)",0.0
Amount_shipped,"(160, 4920, 604, 4955, 907.45)",0.0
Amount_shipped,"(160, 4920, 334, 4799, 1285.48)",0.0
Amount_shipped,"(160, 4920, 402, 4762, 1356.12)",0.0
Amount_shipped,"(160, 4940, 604, 4556, 10.77)",0.0
Amount_shipped,"(160, 4940, 545, 4715, 11.01)",0.0
Amount_shipped,"(160, 4940, 598, 4885, 11.15)",0.0
Amount_shipped,"(160, 4940, 622, 4729, 11.5)",0.0
Amount_shipped,"(160, 4940, 136, 4692, 11.61)",0.0
Amount_shipped,"(160, 4940, 494, 4926, 11.95)",0.0
Amount_shipped,"(160, 4940, 627, 4796, 12.52)",0.0
Amount_shipped,"(160, 4940, 604, 4624, 12.57)",0.0
Amount_shipped,"(160, 4940, 497, 4720, 12.7)",0.0
Amount_shipped,"(160, 4940, 503, 4807, 16.06)",0.0
Amount_shipped,"(160, 4940, 612, 4678, 16.32)",0.0
Amount_shipped,"(160, 4940, 345, 4695, 23.25)",0.0
Amount_shipped,"(160, 4940, 696, 4535, 23.59)",0.0
Amount_shipped,"(160, 4940, 250, 4682, 28.56)",0.0
Amount_shipped,"(160, 4940, 572, 4680, 30.45)",0.0
Amount_shipped,"(160, 4940, 371, 4764, 52.72)",0.0
Amount_shipped,"(160, 4940, 312, 4747, 62.13)",0.0
Amount_shipped,"(160, 4940, 417, 4874, 76.13)",0.0
Amount_shipped,"(160, 4940, 350, 4738, 111.96)",0.0
Amount_shipped,"(160, 4940, 327, 4722, 125.89)",0.0
Amount_shipped,"(160, 4940, 555, 4937, 127.49)",0.0
Amount_shipped,"(160, 4940, 239, 4765, 151.68)",0.0
Amount_shipped,"(160, 4940, 558, 4583, 208.94)",0.0
Amount_shipped,"(160, 4940, 592, 4773, 272.69)",0.0
Amount_shipped,"(160, 4940, 303, 4682, 594.76)",0.0
Amount_shipped,"(160, 4940, 519, 4618, 758.82)",0.0
Amount_shipped,"(160, 4940, 190, 4740, 907.18)",0.0
Amount_shipped,"(160, 4940, 604, 4955, 907.45)",0.0
Amount_shipped,"(160, 4940, 334, 4799, 1285.48)",0.0
Amount_shipped,"(160, 4940, 402, 4762, 1356.12)",0.0
Amount_shipped,"(160, 4960, 604, 4556, 10.77)",0.0
Amount_shipped,"(160, 4960, 545, 4715, 11.01)",0.0
Amount_shipped,"(160, 4960, 598, 4885, 11.15)",0.0
Amount_shipped,"(160, 4960, 622, 4729, 11.5)",0.0
Amount_shipped,"(160, 4960, 136, 4692, 11.61)",0.0
Amount_shipped,"(160, 4960, 494, 4926, 11.95)",0.0
Amount_shipped,"(160, 4960, 627, 4796, 12.52)",0.0
Amount_shipped,"(160, 4960, 604, 4624, 12.57)",0.0
Amount_shipped,"(160, 4960, 497, 4720, 12.7)",0.0
Amount_shipped,"(160, 4960, 503, 4807, 16.06)",0.0
Amount_shipped,"(160, 4960, 612, 4678, 16.32)",0.0
Amount_shipped,"(160, 4960, 345, 4695, 23.25)",0.0
Amount_shipped,"(160, 4960, 696, 4535, 23.59)",0.0
Amount_shipped,"(160, 4960, 250, 4682, 28.56)",0.0
Amount_shipped,"(160, 4960, 572, 4680, 30.45)",0.0
Amount_shipped,"(160, 4960, 371, 4764, 52.72)",0.0
Amount_shipped,"(160, 4960, 312, 4747, 62.13)",0.0
Amount_shipped,"(160, 4960, 417, 4874, 76.13)",0.0
Amount_shipped,"(160, 4960, 350, 4738, 111.96)",0.0
Amount_shipped,"(160, 4960, 327, 4722, 125.89)",0.0
Amount_shipped,"(160, 4960, 555, 4937, 127.49)",0.0
Amount_shipped,"(160, 4960, 239, 4765, 151.68)",0.0
Amount_shipped,"(160, 4960, 558, 4583, 208.94)",0.0
Amount_shipped,"(160, 4960, 592, 4773, 272.69)",0.0
Amount_shipped,"(160, 4960, 303, 4682, 594.76)",0.0
Amount_shipped,"(160, 4960, 519, 4618, 758.82)",0.0
Amount_shipped,"(160, 4960, 190, 4740, 907.18)",0.0
Amount_shipped,"(160, 4960, 604, 4955, 907.45)",0.0
Amount_shipped,"(160, 4960, 334, 4799, 1285.48)",0.0
Amount_shipped,"(160, 4960, 402, 4762, 1356.12)",0.0
Amount_shipped,"(160, 4980, 604, 4556, 10.77)",0.0
Amount_shipped,"(160, 4980, 545, 4715, 11.01)",0.0
Amount_shipped,"(160, 4980, 598, 4885, 11.15)",0.0
Amount_shipped,"(160, 4980, 622, 4729, 11.5)",0.0
Amount_shipped,"(160, 4980, 136, 4692, 11.61)",0.0
Amount_shipped,"(160, 4980, 494, 4926, 11.95)",0.0
Amount_shipped,"(160, 4980, 627, 4796, 12.52)",0.0
Amount_shipped,"(160, 4980, 604, 4624, 12.57)",0.0
Amount_shipped,"(160, 4980, 497, 4720, 12.7)",0.0
Amount_shipped,"(160, 4980, 503, 4807, 16.06)",0.0
Amount_shipped,"(160, 4980, 612, 4678, 16.32)",0.0
Amount_shipped,"(160, 4980, 345, 4695, 23.25)",0.0
Amount_shipped,"(160, 4980, 696, 4535, 23.59)",0.0
Amount_shipped,"(160, 4980, 250, 4682, 28.56)",0.0
Amount_shipped,"(160, 4980, 572, 4680, 30.45)",0.0
Amount_shipped,"(160, 4980, 371, 4764, 52.72)",0.0
Amount_shipped,"(160, 4980, 312, 4747, 62.13)",0.0
Amount_shipped,"(160, 4980, 417, 4874, 76.13)",0.0
Amount_shipped,"(160, 4980, 350, 4738, 111.96)",0.0
Amount_shipped,"(160, 4980, 327, 4722, 125.89)",0.0
Amount_shipped,"(160, 4980, 555, 4937, 127.49)",0.0
Amount_shipped,"(160, 4980, 239, 4765, 151.68)",0.0
Amount_shipped,"(160, 4980, 558, 4583, 208.94)",0.0
Amount_shipped,"(160, 4980, 592, 4773, 272.69)",0.0
Amount_shipped,"(160, 4980, 303, 4682, 594.76)",0.0
Amount_shipped,"(160, 4980, 519, 4618, 758.82)",0.0
Amount_shipped,"(160, 4980, 190, 4740, 907.18)",0.0
Amount_shipped,"(160, 4980, 604, 4955, 907.45)",0.0
Amount_shipped,"(160, 4980, 334, 4799, 1285.48)",0.0
Amount_shipped,"(160, 4980, 402, 4762, 1356.12)",0.0
Amount_shipped,"(180, 4440, 604, 4556, 10.77)",0.0
Amount_shipped,"(180, 4440, 545, 4715, 11.01)",0.0
Amount_shipped,"(180, 4440, 598, 4885, 11.15)",0.0
Amount_shipped,"(180, 4440, 622, 4729, 11.5)",0.0
Amount_shipped,"(180, 4440, 136, 4692, 11.61)",0.0
Amount_shipped,"(180, 4440, 494, 4926, 11.95)",0.0
Amount_shipped,"(180, 4440, 627, 4796, 12.52)",0.0
Amount_shipped,"(180, 4440, 604, 4624, 12.57)",0.0
Amount_shipped,"(180, 4440, 497, 4720, 12.7)",0.0
Amount_shipped,"(180, 4440, 503, 4807, 16.06)",0.0
Amount_shipped,"(180, 4440, 612, 4678, 16.32)",0.0
Amount_shipped,"(180, 4440, 345, 4695, 23.25)",0.0
Amount_shipped,"(180, 4440, 696, 4535, 23.59)",0.0
Amount_shipped,"(180, 4440, 250, 4682, 28.56)",0.0
Amount_shipped,"(180, 4440, 572, 4680, 30.45)",0.0
Amount_shipped,"(180, 4440, 371, 4764, 52.72)",0.0
Amount_shipped,"(180, 4440, 312, 4747, 62.13)",0.0
Amount_shipped,"(180, 4440, 417, 4874, 76.13)",0.0
Amount_shipped,"(180, 4440, 350, 4738, 111.96)",0.0
Amount_shipped,"(180, 4440, 327, 4722, 125.89)",0.0
Amount_shipped,"(180, 4440, 555, 4937, 127.49)",0.0
Amount_shipped,"(180, 4440, 239, 4765, 151.68)",0.0
Amount_shipped,"(180, 4440, 558, 4583, 208.94)",0.0
Amount_shipped,"(180, 4440, 592, 4773, 272.69)",0.0
Amount_shipped,"(180, 4440, 303, 4682, 594.76)",0.0
Amount_shipped,"(180, 4440, 519, 4618, 758.82)",0.0
Amount_shipped,"(180, 4440, 190, 4740, 907.18)",0.0
Amount_shipped,"(180, 4440, 604, 4955, 907.45)",0.0
Amount_shipped,"(180, 4440, 334, 4799, 1285.48)",0.0
Amount_shipped,"(180, 4440, 402, 4762, 1356.12)",0.0
Amount_shipped,"(180, 4460, 604, 4556, 10.77)",0.0
Amount_shipped,"(180, 4460, 545, 4715, 11.01)",0.0
Amount_shipped,"(180, 4460, 598, 4885, 11.15)",0.0
Amount_shipped,"(180, 4460, 622, 4729, 11.5)",0.0
Amount_shipped,"(180, 4460, 136, 4692, 11.61)",0.0
Amount_shipped,"(180, 4460, 494, 4926, 11.95)",0.0
Amount_shipped,"(180, 4460, 627, 4796, 12.52)",0.0
Amount_shipped,"(180, 4460, 604, 4624, 12.57)",0.0
Amount_shipped,"(180, 4460, 497, 4720, 12.7)",0.0
Amount_shipped,"(180, 4460, 503, 4807, 16.06)",0.0
Amount_shipped,"(180, 4460, 612, 4678, 16.32)",0.0
Amount_shipped,"(180, 4460, 345, 4695, 23.25)",0.0
Amount_shipped,"(180, 4460, 696, 4535, 23.59)",0.0
Amount_shipped,"(180, 4460, 250, 4682, 28.56)",0.0
Amount_shipped,"(180, 4460, 572, 4680, 30.45)",0.0
Amount_shipped,"(180, 4460, 371, 4764, 52.72)",0.0
Amount_shipped,"(180, 4460, 312, 4747, 62.13)",0.0
Amount_shipped,"(180, 4460, 417, 4874, 76.13)",0.0
Amount_shipped,"(180, 4460, 350, 4738, 111.96)",0.0
Amount_shipped,"(180, 4460, 327, 4722, 125.89)",0.0
Amount_shipped,"(180, 4460, 555, 4937, 127.49)",0.0
Amount_shipped,"(180, 4460, 239, 4765, 151.68)",0.0
Amount_shipped,"(180, 4460, 558, 4583, 208.94)",0.0
Amount_shipped,"(180, 4460, 592, 4773, 272.69)",0.0
Amount_shipped,"(180, 4460, 303, 4682, 594.76)",0.0
Amount_shipped,"(180, 4460, 519, 4618, 758.82)",0.0
Amount_shipped,"(180, 4460, 190, 4740, 907.18)",0.0
Amount_shipped,"(180, 4460, 604, 4955, 907.45)",0.0
Amount_shipped,"(180, 4460, 334, 4799, 1285.48)",0.0
Amount_shipped,"(180, 4460, 402, 4762, 1356.12)",0.0
Amount_shipped,"(180, 4480, 604, 4556, 10.77)",0.0
Amount_shipped,"(180, 4480, 545, 4715, 11.01)",0.0
Amount_shipped,"(180, 4480, 598, 4885, 11.15)",0.0
Amount_shipped,"(180, 4480, 622, 4729, 11.5)",0.0
Amount_shipped,"(180, 4480, 136, 4692, 11.61)",0.0
Amount_shipped,"(180, 4480, 494, 4926, 11.95)",0.0
Amount_shipped,"(180, 4480, 627, 4796, 12.52)",0.0
Amount_shipped,"(180, 4480, 604, 4624, 12.57)",0.0
Amount_shipped,"(180, 4480, 497, 4720, 12.7)",0.0
Amount_shipped,"(180, 4480, 503, 4807, 16.06)",0.0
Amount_shipped,"(180, 4480, 612, 4678, 16.32)",0.0
Amount_shipped,"(180, 4480, 345, 4695, 23.25)",0.0
Amount_shipped,"(180, 4480, 696, 4535, 23.59)",0.0
Amount_shipped,"(180, 4480, 250, 4682, 28.56)",0.0
Amount_shipped,"(180, 4480, 572, 4680, 30.45)",0.0
Amount_shipped,"(180, 4480, 371, 4764, 52.72)",0.0
Amount_shipped,"(180, 4480, 312, 4747, 62.13)",0.0
Amount_shipped,"(180, 4480, 417, 4874, 76.13)",0.0
Amount_shipped,"(180, 4480, 350, 4738, 111.96)",0.0
Amount_shipped,"(180, 4480, 327, 4722, 125.89)",0.0
Amount_shipped,"(180, 4480, 555, 4937, 127.49)",0.0
Amount_shipped,"(180, 4480, 239, 4765, 151.68)",0.0
Amount_shipped,"(180, 4480, 558, 4583, 208.94)",0.0
Amount_shipped,"(180, 4480, 592, 4773, 272.69)",0.0
Amount_shipped,"(180, 4480, 303, 4682, 594.76)",0.0
Amount_shipped,"(180, 4480, 519, 4618, 758.82)",0.0
Amount_shipped,"(180, 4480, 190, 4740, 907.18)",0.0
Amount_shipped,"(180, 4480, 604, 4955, 907.45)",0.0
Amount_shipped,"(180, 4480, 334, 4799, 1285.48)",0.0
Amount_shipped,"(180, 4480, 402, 4762, 1356.12)",0.0
Amount_shipped,"(180, 4500, 604, 4556, 10.77)",0.0
Amount_shipped,"(180, 4500, 545, 4715, 11.01)",0.0
Amount_shipped,"(180, 4500, 598, 4885, 11.15)",0.0
Amount_shipped,"(180, 4500, 622, 4729, 11.5)",0.0
Amount_shipped,"(180, 4500, 136, 4692, 11.61)",0.0
Amount_shipped,"(180, 4500, 494, 4926, 11.95)",0.0
Amount_shipped,"(180, 4500, 627, 4796, 12.52)",0.0
Amount_shipped,"(180, 4500, 604, 4624, 12.57)",0.0
Amount_shipped,"(180, 4500, 497, 4720, 12.7)",0.0
Amount_shipped,"(180, 4500, 503, 4807, 16.06)",0.0
Amount_shipped,"(180, 4500, 612, 4678, 16.32)",0.0
Amount_shipped,"(180, 4500, 345, 4695, 23.25)",0.0
Amount_shipped,"(180, 4500, 696, 4535, 23.59)",0.0
Amount_shipped,"(180, 4500, 250, 4682, 28.56)",0.0
Amount_shipped,"(180, 4500, 572, 4680, 30.45)",0.0
Amount_shipped,"(180, 4500, 371, 4764, 52.72)",0.0
Amount_shipped,"(180, 4500, 312, 4747, 62.13)",0.0
Amount_shipped,"(180, 4500, 417, 4874, 76.13)",0.0
Amount_shipped,"(180, 4500, 350, 4738, 111.96)",0.0
Amount_shipped,"(180, 4500, 327, 4722, 125.89)",0.0
Amount_shipped,"(180, 4500, 555, 4937, 127.49)",0.0
Amount_shipped,"(180, 4500, 239, 4765, 151.68)",0.0
Amount_shipped,"(180, 4500, 558, 4583, 208.94)",0.0
Amount_shipped,"(180, 4500, 592, 4773, 272.69)",0.0
Amount_shipped,"(180, 4500, 303, 4682, 594.76)",0.0
Amount_shipped,"(180, 4500, 519, 4618, 758.82)",0.0
Amount_shipped,"(180, 4500, 190, 4740, 907.18)",0.0
Amount_shipped,"(180, 4500, 604, 4955, 907.45)",0.0
Amount_shipped,"(180, 4500, 334, 4799, 1285.48)",0.0
Amount_shipped,"(180, 4500, 402, 4762, 1356.12)",0.0
Amount_shipped,"(180, 4520, 604, 4556, 10.77)",0.0
Amount_shipped,"(180, 4520, 545, 4715, 11.01)",0.0
Amount_shipped,"(180, 4520, 598, 4885, 11.15)",0.0
Amount_shipped,"(180, 4520, 622, 4729, 11.5)",0.0
Amount_shipped,"(180, 4520, 136, 4692, 11.61)",0.0
Amount_shipped,"(180, 4520, 494, 4926, 11.95)",0.0
Amount_shipped,"(180, 4520, 627, 4796, 12.52)",0.0
Amount_shipped,"(180, 4520, 604, 4624, 12.57)",0.0
Amount_shipped,"(180, 4520, 497, 4720, 12.7)",0.0
Amount_shipped,"(180, 4520, 503, 4807, 16.06)",0.0
Amount_shipped,"(180, 4520, 612, 4678, 16.32)",0.0
Amount_shipped,"(180, 4520, 345, 4695, 23.25)",0.0
Amount_shipped,"(180, 4520, 696, 4535, 23.59)",0.0
Amount_shipped,"(180, 4520, 250, 4682, 28.56)",0.0
Amount_shipped,"(180, 4520, 572, 4680, 30.45)",0.0
Amount_shipped,"(180, 4520, 371, 4764, 52.72)",0.0
Amount_shipped,"(180, 4520, 312, 4747, 62.13)",0.0
Amount_shipped,"(180, 4520, 417, 4874, 76.13)",0.0
Amount_shipped,"(180, 4520, 350, 4738, 111.96)",0.0
Amount_shipped,"(180, 4520, 327, 4722, 125.89)",0.0
Amount_shipped,"(180, 4520, 555, 4937, 127.49)",0.0
Amount_shipped,"(180, 4520, 239, 4765, 151.68)",0.0
Amount_shipped,"(180, 4520, 558, 4583, 208.94)",0.0
Amount_shipped,"(180, 4520, 592, 4773, 272.69)",0.0
Amount_shipped,"(180, 4520, 303, 4682, 594.76)",0.0
Amount_shipped,"(180, 4520, 519, 4618, 758.82)",0.0
Amount_shipped,"(180, 4520, 190, 4740, 907.18)",0.0
Amount_shipped,"(180, 4520, 604, 4955, 907.45)",0.0
Amount_shipped,"(180, 4520, 334, 4799, 1285.48)",0.0
Amount_shipped,"(180, 4520, 402, 4762, 1356.12)",0.0
Amount_shipped,"(180, 4540, 604, 4556, 10.77)",0.0
Amount_shipped,"(180, 4540, 545, 4715, 11.01)",0.0
Amount_shipped,"(180, 4540, 598, 4885, 11.15)",0.0
Amount_shipped,"(180, 4540, 622, 4729, 11.5)",0.0
Amount_shipped,"(180, 4540, 136, 4692, 11.61)",0.0
Amount_shipped,"(180, 4540, 494, 4926, 11.95)",0.0
Amount_shipped,"(180, 4540, 627, 4796, 12.52)",0.0
Amount_shipped,"(180, 4540, 604, 4624, 12.57)",0.0
Amount_shipped,"(180, 4540, 497, 4720, 12.7)",0.0
Amount_shipped,"(180, 4540, 503, 4807, 16.06)",0.0
Amount_shipped,"(180, 4540, 612, 4678, 16.32)",0.0
Amount_shipped,"(180, 4540, 345, 4695, 23.25)",0.0
Amount_shipped,"(180, 4540, 696, 4535, 23.59)",0.0
Amount_shipped,"(180, 4540, 250, 4682, 28.56)",0.0
Amount_shipped,"(180, 4540, 572, 4680, 30.45)",0.0
Amount_shipped,"(180, 4540, 371, 4764, 52.72)",0.0
Amount_shipped,"(180, 4540, 312, 4747, 62.13)",0.0
Amount_shipped,"(180, 4540, 417, 4874, 76.13)",0.0
Amount_shipped,"(180, 4540, 350, 4738, 111.96)",0.0
Amount_shipped,"(180, 4540, 327, 4722, 125.89)",0.0
Amount_shipped,"(180, 4540, 555, 4937, 127.49)",0.0
Amount_shipped,"(180, 4540, 239, 4765, 151.68)",0.0
Amount_shipped,"(180, 4540, 558, 4583, 208.94)",0.0
Amount_shipped,"(180, 4540, 592, 4773, 272.69)",0.0
Amount_shipped,"(180, 4540, 303, 4682, 594.76)",0.0
Amount_shipped,"(180, 4540, 519, 4618, 758.82)",0.0
Amount_shipped,"(180, 4540, 190, 4740, 907.18)",0.0
Amount_shipped,"(180, 4540, 604, 4955, 907.45)",0.0
Amount_shipped,"(180, 4540, 334, 4799, 1285.48)",0.0
Amount_shipped,"(180, 4540, 402, 4762, 1356.12)",0.0
Amount_shipped,"(180, 4560, 604, 4556, 10.77)",0.0
Amount_shipped,"(180, 4560, 545, 4715, 11.01)",0.0
Amount_shipped,"(180, 4560, 598, 4885, 11.15)",0.0
Amount_shipped,"(180, 4560, 622, 4729, 11.5)",0.0
Amount_shipped,"(180, 4560, 136, 4692, 11.61)",0.0
Amount_shipped,"(180, 4560, 494, 4926, 11.95)",0.0
Amount_shipped,"(180, 4560, 627, 4796, 12.52)",0.0
Amount_shipped,"(180, 4560, 604, 4624, 12.57)",0.0
Amount_shipped,"(180, 4560, 497, 4720, 12.7)",0.0
Amount_shipped,"(180, 4560, 503, 4807, 16.06)",0.0
Amount_shipped,"(180, 4560, 612, 4678, 16.32)",0.0
Amount_shipped,"(180, 4560, 345, 4695, 23.25)",0.0
Amount_shipped,"(180, 4560, 696, 4535, 23.59)",0.0
Amount_shipped,"(180, 4560, 250, 4682, 28.56)",0.0
Amount_shipped,"(180, 4560, 572, 4680, 30.45)",0.0
Amount_shipped,"(180, 4560, 371, 4764, 52.72)",0.0
Amount_shipped,"(180, 4560, 312, 4747, 62.13)",0.0
Amount_shipped,"(180, 4560, 417, 4874, 76.13)",0.0
Amount_shipped,"(180, 4560, 350, 4738, 111.96)",0.0
Amount_shipped,"(180, 4560, 327, 4722, 125.89)",0.0
Amount_shipped,"(180, 4560, 555, 4937, 127.49)",0.0
Amount_shipped,"(180, 4560, 239, 4765, 151.68)",0.0
Amount_shipped,"(180, 4560, 558, 4583, 208.94)",0.0
Amount_shipped,"(180, 4560, 592, 4773, 272.69)",0.0
Amount_shipped,"(180, 4560, 303, 4682, 594.76)",0.0
Amount_shipped,"(180, 4560, 519, 4618, 758.82)",0.0
Amount_shipped,"(180, 4560, 190, 4740, 907.18)",0.0
Amount_shipped,"(180, 4560, 604, 4955, 907.45)",0.0
Amount_shipped,"(180, 4560, 334, 4799, 1285.48)",0.0
Amount_shipped,"(180, 4560, 402, 4762, 1356.12)",0.0
Amount_shipped,"(180, 4580, 604, 4556, 10.77)",0.0
Amount_shipped,"(180, 4580, 545, 4715, 11.01)",0.0
Amount_shipped,"(180, 4580, 598, 4885, 11.15)",0.0
Amount_shipped,"(180, 4580, 622, 4729, 11.5)",0.0
Amount_shipped,"(180, 4580, 136, 4692, 11.61)",0.0
Amount_shipped,"(180, 4580, 494, 4926, 11.95)",0.0
Amount_shipped,"(180, 4580, 627, 4796, 12.52)",0.0
Amount_shipped,"(180, 4580, 604, 4624, 12.57)",0.0
Amount_shipped,"(180, 4580, 497, 4720, 12.7)",0.0
Amount_shipped,"(180, 4580, 503, 4807, 16.06)",0.0
Amount_shipped,"(180, 4580, 612, 4678, 16.32)",0.0
Amount_shipped,"(180, 4580, 345, 4695, 23.25)",0.0
Amount_shipped,"(180, 4580, 696, 4535, 23.59)",0.0
Amount_shipped,"(180, 4580, 250, 4682, 28.56)",0.0
Amount_shipped,"(180, 4580, 572, 4680, 30.45)",0.0
Amount_shipped,"(180, 4580, 371, 4764, 52.72)",0.0
Amount_shipped,"(180, 4580, 312, 4747, 62.13)",0.0
Amount_shipped,"(180, 4580, 417, 4874, 76.13)",0.0
Amount_shipped,"(180, 4580, 350, 4738, 111.96)",0.0
Amount_shipped,"(180, 4580, 327, 4722, 125.89)",0.0
Amount_shipped,"(180, 4580, 555, 4937, 127.49)",0.0
Amount_shipped,"(180, 4580, 239, 4765, 151.68)",0.0
Amount_shipped,"(180, 4580, 558, 4583, 208.94)",0.0
Amount_shipped,"(180, 4580, 592, 4773, 272.69)",0.0
Amount_shipped,"(180, 4580, 303, 4682, 594.76)",0.0
Amount_shipped,"(180, 4580, 519, 4618, 758.82)",0.0
Amount_shipped,"(180, 4580, 190, 4740, 907.18)",0.0
Amount_shipped,"(180, 4580, 604, 4955, 907.45)",0.0
Amount_shipped,"(180, 4580, 334, 4799, 1285.48)",0.0
Amount_shipped,"(180, 4580, 402, 4762, 1356.12)",0.0
Amount_shipped,"(180, 4600, 604, 4556, 10.77)",0.0
Amount_shipped,"(180, 4600, 545, 4715, 11.01)",0.0
Amount_shipped,"(180, 4600, 598, 4885, 11.15)",0.0
Amount_shipped,"(180, 4600, 622, 4729, 11.5)",0.0
Amount_shipped,"(180, 4600, 136, 4692, 11.61)",0.0
Amount_shipped,"(180, 4600, 494, 4926, 11.95)",0.0
Amount_shipped,"(180, 4600, 627, 4796, 12.52)",0.0
Amount_shipped,"(180, 4600, 604, 4624, 12.57)",0.0
Amount_shipped,"(180, 4600, 497, 4720, 12.7)",0.0
Amount_shipped,"(180, 4600, 503, 4807, 16.06)",0.0
Amount_shipped,"(180, 4600, 612, 4678, 16.32)",0.0
Amount_shipped,"(180, 4600, 345, 4695, 23.25)",0.0
Amount_shipped,"(180, 4600, 696, 4535, 23.59)",0.0
Amount_shipped,"(180, 4600, 250, 4682, 28.56)",0.0
Amount_shipped,"(180, 4600, 572, 4680, 30.45)",0.0
Amount_shipped,"(180, 4600, 371, 4764, 52.72)",0.0
Amount_shipped,"(180, 4600, 312, 4747, 62.13)",0.0
Amount_shipped,"(180, 4600, 417, 4874, 76.13)",0.0
Amount_shipped,"(180, 4600, 350, 4738, 111.96)",0.0
Amount_shipped,"(180, 4600, 327, 4722, 125.89)",0.0
Amount_shipped,"(180, 4600, 555, 4937, 127.49)",0.0
Amount_shipped,"(180, 4600, 239, 4765, 151.68)",0.0
Amount_shipped,"(180, 4600, 558, 4583, 208.94)",0.0
Amount_shipped,"(180, 4600, 592, 4773, 272.69)",0.0
Amount_shipped,"(180, 4600, 303, 4682, 594.76)",0.0
Amount_shipped,"(180, 4600, 519, 4618, 758.82)",0.0
Amount_shipped,"(180, 4600, 190, 4740, 907.18)",0.0
Amount_shipped,"(180, 4600, 604, 4955, 907.45)",0.0
Amount_shipped,"(180, 4600, 334, 4799, 1285.48)",0.0
Amount_shipped,"(180, 4600, 402, 4762, 1356.12)",0.0
Amount_shipped,"(180, 4620, 604, 4556, 10.77)",0.0
Amount_shipped,"(180, 4620, 545, 4715, 11.01)",0.0
Amount_shipped,"(180, 4620, 598, 4885, 11.15)",0.0
Amount_shipped,"(180, 4620, 622, 4729, 11.5)",0.0
Amount_shipped,"(180, 4620, 136, 4692, 11.61)",0.0
Amount_shipped,"(180, 4620, 494, 4926, 11.95)",0.0
Amount_shipped,"(180, 4620, 627, 4796, 12.52)",0.0
Amount_shipped,"(180, 4620, 604, 4624, 12.57)",0.0
Amount_shipped,"(180, 4620, 497, 4720, 12.7)",0.0
Amount_shipped,"(180, 4620, 503, 4807, 16.06)",0.0
Amount_shipped,"(180, 4620, 612, 4678, 16.32)",0.0
Amount_shipped,"(180, 4620, 345, 4695, 23.25)",0.0
Amount_shipped,"(180, 4620, 696, 4535, 23.59)",0.0
Amount_shipped,"(180, 4620, 250, 4682, 28.56)",0.0
Amount_shipped,"(180, 4620, 572, 4680, 30.45)",0.0
Amount_shipped,"(180, 4620, 371, 4764, 52.72)",0.0
Amount_shipped,"(180, 4620, 312, 4747, 62.13)",0.0
Amount_shipped,"(180, 4620, 417, 4874, 76.13)",0.0
Amount_shipped,"(180, 4620, 350, 4738, 111.96)",0.0
Amount_shipped,"(180, 4620, 327, 4722, 125.89)",0.0
Amount_shipped,"(180, 4620, 555, 4937, 127.49)",0.0
Amount_shipped,"(180, 4620, 239, 4765, 151.68)",0.0
Amount_shipped,"(180, 4620, 558, 4583, 208.94)",0.0
Amount_shipped,"(180, 4620, 592, 4773, 272.69)",0.0
Amount_shipped,"(180, 4620, 303, 4682, 594.76)",0.0
Amount_shipped,"(180, 4620, 519, 4618, 758.82)",0.0
Amount_shipped,"(180, 4620, 190, 4740, 907.18)",0.0
Amount_shipped,"(180, 4620, 604, 4955, 907.45)",0.0
Amount_shipped,"(180, 4620, 334, 4799, 1285.48)",0.0
Amount_shipped,"(180, 4620, 402, 4762, 1356.12)",0.0
Amount_shipped,"(180, 4640, 604, 4556, 10.77)",0.0
Amount_shipped,"(180, 4640, 545, 4715, 11.01)",0.0
Amount_shipped,"(180, 4640, 598, 4885, 11.15)",0.0
Amount_shipped,"(180, 4640, 622, 4729, 11.5)",0.0
Amount_shipped,"(180, 4640, 136, 4692, 11.61)",0.0
Amount_shipped,"(180, 4640, 494, 4926, 11.95)",0.0
Amount_shipped,"(180, 4640, 627, 4796, 12.52)",0.0
Amount_shipped,"(180, 4640, 604, 4624, 12.57)",0.0
Amount_shipped,"(180, 4640, 497, 4720, 12.7)",0.0
Amount_shipped,"(180, 4640, 503, 4807, 16.06)",0.0
Amount_shipped,"(180, 4640, 612, 4678, 16.32)",0.0
Amount_shipped,"(180, 4640, 345, 4695, 23.25)",0.0
Amount_shipped,"(180, 4640, 696, 4535, 23.59)",0.0
Amount_shipped,"(180, 4640, 250, 4682, 28.56)",0.0
Amount_shipped,"(180, 4640, 572, 4680, 30.45)",0.0
Amount_shipped,"(180, 4640, 371, 4764, 52.72)",0.0
Amount_shipped,"(180, 4640, 312, 4747, 62.13)",0.0
Amount_shipped,"(180, 4640, 417, 4874, 76.13)",0.0
Amount_shipped,"(180, 4640, 350, 4738, 111.96)",0.0
Amount_shipped,"(180, 4640, 327, 4722, 125.89)",0.0
Amount_shipped,"(180, 4640, 555, 4937, 127.49)",0.0
Amount_shipped,"(180, 4640, 239, 4765, 151.68)",0.0
Amount_shipped,"(180, 4640, 558, 4583, 208.94)",0.0
Amount_shipped,"(180, 4640, 592, 4773, 272.69)",0.0
Amount_shipped,"(180, 4640, 303, 4682, 594.76)",0.0
Amount_shipped,"(180, 4640, 519, 4618, 758.82)",0.0
Amount_shipped,"(180, 4640, 190, 4740, 907.18)",0.0
Amount_shipped,"(180, 4640, 604, 4955, 907.45)",0.0
Amount_shipped,"(180, 4640, 334, 4799, 1285.48)",0.0
Amount_shipped,"(180, 4640, 402, 4762, 1356.12)",0.0
Amount_shipped,"(180, 4660, 604, 4556, 10.77)",0.0
Amount_shipped,"(180, 4660, 545, 4715, 11.01)",0.0
Amount_shipped,"(180, 4660, 598, 4885, 11.15)",0.0
Amount_shipped,"(180, 4660, 622, 4729, 11.5)",0.0
Amount_shipped,"(180, 4660, 136, 4692, 11.61)",0.0
Amount_shipped,"(180, 4660, 494, 4926, 11.95)",0.0
Amount_shipped,"(180, 4660, 627, 4796, 12.52)",0.0
Amount_shipped,"(180, 4660, 604, 4624, 12.57)",0.0
Amount_shipped,"(180, 4660, 497, 4720, 12.7)",0.0
Amount_shipped,"(180, 4660, 503, 4807, 16.06)",0.0
Amount_shipped,"(180, 4660, 612, 4678, 16.32)",0.0
Amount_shipped,"(180, 4660, 345, 4695, 23.25)",0.0
Amount_shipped,"(180, 4660, 696, 4535, 23.59)",0.0
Amount_shipped,"(180, 4660, 250, 4682, 28.56)",0.0
Amount_shipped,"(180, 4660, 572, 4680, 30.45)",0.0
Amount_shipped,"(180, 4660, 371, 4764, 52.72)",0.0
Amount_shipped,"(180, 4660, 312, 4747, 62.13)",0.0
Amount_shipped,"(180, 4660, 417, 4874, 76.13)",0.0
Amount_shipped,"(180, 4660, 350, 4738, 111.96)",0.0
Amount_shipped,"(180, 4660, 327, 4722, 125.89)",0.0
Amount_shipped,"(180, 4660, 555, 4937, 127.49)",0.0
Amount_shipped,"(180, 4660, 239, 4765, 151.68)",0.0
Amount_shipped,"(180, 4660, 558, 4583, 208.94)",0.0
Amount_shipped,"(180, 4660, 592, 4773, 272.69)",0.0
Amount_shipped,"(180, 4660, 303, 4682, 594.76)",0.0
Amount_shipped,"(180, 4660, 519, 4618, 758.82)",0.0
Amount_shipped,"(180, 4660, 190, 4740, 907.18)",0.0
Amount_shipped,"(180, 4660, 604, 4955, 907.45)",0.0
Amount_shipped,"(180, 4660, 334, 4799, 1285.48)",0.0
Amount_shipped,"(180, 4660, 402, 4762, 1356.12)",0.0
Amount_shipped,"(180, 4680, 604, 4556, 10.77)",0.0
Amount_shipped,"(180, 4680, 545, 4715, 11.01)",0.0
Amount_shipped,"(180, 4680, 598, 4885, 11.15)",0.0
Amount_shipped,"(180, 4680, 622, 4729, 11.5)",0.0
Amount_shipped,"(180, 4680, 136, 4692, 11.61)",0.0
Amount_shipped,"(180, 4680, 494, 4926, 11.95)",0.0
Amount_shipped,"(180, 4680, 627, 4796, 12.52)",0.0
Amount_shipped,"(180, 4680, 604, 4624, 12.57)",0.0
Amount_shipped,"(180, 4680, 497, 4720, 12.7)",0.0
Amount_shipped,"(180, 4680, 503, 4807, 16.06)",0.0
Amount_shipped,"(180, 4680, 612, 4678, 16.32)",0.0
Amount_shipped,"(180, 4680, 345, 4695, 23.25)",0.0
Amount_shipped,"(180, 4680, 696, 4535, 23.59)",0.0
Amount_shipped,"(180, 4680, 250, 4682, 28.56)",0.0
Amount_shipped,"(180, 4680, 572, 4680, 30.45)",0.0
Amount_shipped,"(180, 4680, 371, 4764, 52.72)",0.0
Amount_shipped,"(180, 4680, 312, 4747, 62.13)",0.0
Amount_shipped,"(180, 4680, 417, 4874, 76.13)",0.0
Amount_shipped,"(180, 4680, 350, 4738, 111.96)",0.0
Amount_shipped,"(180, 4680, 327, 4722, 125.89)",0.0
Amount_shipped,"(180, 4680, 555, 4937, 127.49)",0.0
Amount_shipped,"(180, 4680, 239, 4765, 151.68)",0.0
Amount_shipped,"(180, 4680, 558, 4583, 208.94)",0.0
Amount_shipped,"(180, 4680, 592, 4773, 272.69)",0.0
Amount_shipped,"(180, 4680, 303, 4682, 594.76)",0.0
Amount_shipped,"(180, 4680, 519, 4618, 758.82)",0.0
Amount_shipped,"(180, 4680, 190, 4740, 907.18)",0.0
Amount_shipped,"(180, 4680, 604, 4955, 907.45)",0.0
Amount_shipped,"(180, 4680, 334, 4799, 1285.48)",0.0
Amount_shipped,"(180, 4680, 402, 4762, 1356.12)",0.0
Amount_shipped,"(180, 4700, 604, 4556, 10.77)",0.0
Amount_shipped,"(180, 4700, 545, 4715, 11.01)",0.0
Amount_shipped,"(180, 4700, 598, 4885, 11.15)",0.0
Amount_shipped,"(180, 4700, 622, 4729, 11.5)",0.0
Amount_shipped,"(180, 4700, 136, 4692, 11.61)",0.0
Amount_shipped,"(180, 4700, 494, 4926, 11.95)",0.0
Amount_shipped,"(180, 4700, 627, 4796, 12.52)",0.0
Amount_shipped,"(180, 4700, 604, 4624, 12.57)",0.0
Amount_shipped,"(180, 4700, 497, 4720, 12.7)",0.0
Amount_shipped,"(180, 4700, 503, 4807, 16.06)",0.0
Amount_shipped,"(180, 4700, 612, 4678, 16.32)",0.0
Amount_shipped,"(180, 4700, 345, 4695, 23.25)",0.0
Amount_shipped,"(180, 4700, 696, 4535, 23.59)",0.0
Amount_shipped,"(180, 4700, 250, 4682, 28.56)",0.0
Amount_shipped,"(180, 4700, 572, 4680, 30.45)",0.0
Amount_shipped,"(180, 4700, 371, 4764, 52.72)",0.0
Amount_shipped,"(180, 4700, 312, 4747, 62.13)",0.0
Amount_shipped,"(180, 4700, 417, 4874, 76.13)",0.0
Amount_shipped,"(180, 4700, 350, 4738, 111.96)",0.0
Amount_shipped,"(180, 4700, 327, 4722, 125.89)",0.0
Amount_shipped,"(180, 4700, 555, 4937, 127.49)",0.0
Amount_shipped,"(180, 4700, 239, 4765, 151.68)",0.0
Amount_shipped,"(180, 4700, 558, 4583, 208.94)",0.0
Amount_shipped,"(180, 4700, 592, 4773, 272.69)",0.0
Amount_shipped,"(180, 4700, 303, 4682, 594.76)",0.0
Amount_shipped,"(180, 4700, 519, 4618, 758.82)",0.0
Amount_shipped,"(180, 4700, 190, 4740, 907.18)",0.0
Amount_shipped,"(180, 4700, 604, 4955, 907.45)",0.0
Amount_shipped,"(180, 4700, 334, 4799, 1285.48)",0.0
Amount_shipped,"(180, 4700, 402, 4762, 1356.12)",0.0
Amount_shipped,"(180, 4720, 604, 4556, 10.77)",0.0
Amount_shipped,"(180, 4720, 545, 4715, 11.01)",0.0
Amount_shipped,"(180, 4720, 598, 4885, 11.15)",0.0
Amount_shipped,"(180, 4720, 622, 4729, 11.5)",0.0
Amount_shipped,"(180, 4720, 136, 4692, 11.61)",0.0
Amount_shipped,"(180, 4720, 494, 4926, 11.95)",0.0
Amount_shipped,"(180, 4720, 627, 4796, 12.52)",0.0
Amount_shipped,"(180, 4720, 604, 4624, 12.57)",0.0
Amount_shipped,"(180, 4720, 497, 4720, 12.7)",0.0
Amount_shipped,"(180, 4720, 503, 4807, 16.06)",0.0
Amount_shipped,"(180, 4720, 612, 4678, 16.32)",0.0
Amount_shipped,"(180, 4720, 345, 4695, 23.25)",0.0
Amount_shipped,"(180, 4720, 696, 4535, 23.59)",0.0
Amount_shipped,"(180, 4720, 250, 4682, 28.56)",0.0
Amount_shipped,"(180, 4720, 572, 4680, 30.45)",0.0
Amount_shipped,"(180, 4720, 371, 4764, 52.72)",0.0
Amount_shipped,"(180, 4720, 312, 4747, 62.13)",0.0
Amount_shipped,"(180, 4720, 417, 4874, 76.13)",0.0
Amount_shipped,"(180, 4720, 350, 4738, 111.96)",0.0
Amount_shipped,"(180, 4720, 327, 4722, 125.89)",0.0
Amount_shipped,"(180, 4720, 555, 4937, 127.49)",0.0
Amount_shipped,"(180, 4720, 239, 4765, 151.68)",0.0
Amount_shipped,"(180, 4720, 558, 4583, 208.94)",0.0
Amount_shipped,"(180, 4720, 592, 4773, 272.69)",0.0
Amount_shipped,"(180, 4720, 303, 4682, 594.76)",0.0
Amount_shipped,"(180, 4720, 519, 4618, 758.82)",0.0
Amount_shipped,"(180, 4720, 190, 4740, 907.18)",0.0
Amount_shipped,"(180, 4720, 604, 4955, 907.45)",0.0
Amount_shipped,"(180, 4720, 334, 4799, 1285.48)",0.0
Amount_shipped,"(180, 4720, 402, 4762, 1356.12)",0.0
Amount_shipped,"(180, 4740, 604, 4556, 10.77)",0.0
Amount_shipped,"(180, 4740, 545, 4715, 11.01)",0.0
Amount_shipped,"(180, 4740, 598, 4885, 11.15)",0.0
Amount_shipped,"(180, 4740, 622, 4729, 11.5)",0.0
Amount_shipped,"(180, 4740, 136, 4692, 11.61)",0.0
Amount_shipped,"(180, 4740, 494, 4926, 11.95)",0.0
Amount_shipped,"(180, 4740, 627, 4796, 12.52)",0.0
Amount_shipped,"(180, 4740, 604, 4624, 12.57)",0.0
Amount_shipped,"(180, 4740, 497, 4720, 12.7)",0.0
Amount_shipped,"(180, 4740, 503, 4807, 16.06)",0.0
Amount_shipped,"(180, 4740, 612, 4678, 16.32)",0.0
Amount_shipped,"(180, 4740, 345, 4695, 23.25)",0.0
Amount_shipped,"(180, 4740, 696, 4535, 23.59)",0.0
Amount_shipped,"(180, 4740, 250, 4682, 28.56)",0.0
Amount_shipped,"(180, 4740, 572, 4680, 30.45)",0.0
Amount_shipped,"(180, 4740, 371, 4764, 52.72)",0.0
Amount_shipped,"(180, 4740, 312, 4747, 62.13)",0.0
Amount_shipped,"(180, 4740, 417, 4874, 76.13)",0.0
Amount_shipped,"(180, 4740, 350, 4738, 111.96)",0.0
Amount_shipped,"(180, 4740, 327, 4722, 125.89)",0.0
Amount_shipped,"(180, 4740, 555, 4937, 127.49)",0.0
Amount_shipped,"(180, 4740, 239, 4765, 151.68)",0.0
Amount_shipped,"(180, 4740, 558, 4583, 208.94)",0.0
Amount_shipped,"(180, 4740, 592, 4773, 272.69)",0.0
Amount_shipped,"(180, 4740, 303, 4682, 594.76)",0.0
Amount_shipped,"(180, 4740, 519, 4618, 758.82)",0.0
Amount_shipped,"(180, 4740, 190, 4740, 907.18)",0.0
Amount_shipped,"(180, 4740, 604, 4955, 907.45)",0.0
Amount_shipped,"(180, 4740, 334, 4799, 1285.48)",0.0
Amount_shipped,"(180, 4740, 402, 4762, 1356.12)",0.0
Amount_shipped,"(180, 4760, 604, 4556, 10.77)",0.0
Amount_shipped,"(180, 4760, 545, 4715, 11.01)",0.0
Amount_shipped,"(180, 4760, 598, 4885, 11.15)",0.0
Amount_shipped,"(180, 4760, 622, 4729, 11.5)",0.0
Amount_shipped,"(180, 4760, 136, 4692, 11.61)",0.0
Amount_shipped,"(180, 4760, 494, 4926, 11.95)",0.0
Amount_shipped,"(180, 4760, 627, 4796, 12.52)",0.0
Amount_shipped,"(180, 4760, 604, 4624, 12.57)",0.0
Amount_shipped,"(180, 4760, 497, 4720, 12.7)",0.0
Amount_shipped,"(180, 4760, 503, 4807, 16.06)",0.0
Amount_shipped,"(180, 4760, 612, 4678, 16.32)",0.0
Amount_shipped,"(180, 4760, 345, 4695, 23.25)",0.0
Amount_shipped,"(180, 4760, 696, 4535, 23.59)",0.0
Amount_shipped,"(180, 4760, 250, 4682, 28.56)",0.0
Amount_shipped,"(180, 4760, 572, 4680, 30.45)",0.0
Amount_shipped,"(180, 4760, 371, 4764, 52.72)",0.0
Amount_shipped,"(180, 4760, 312, 4747, 62.13)",0.0
Amount_shipped,"(180, 4760, 417, 4874, 76.13)",0.0
Amount_shipped,"(180, 4760, 350, 4738, 111.96)",0.0
Amount_shipped,"(180, 4760, 327, 4722, 125.89)",0.0
Amount_shipped,"(180, 4760, 555, 4937, 127.49)",0.0
Amount_shipped,"(180, 4760, 239, 4765, 151.68)",0.0
Amount_shipped,"(180, 4760, 558, 4583, 208.94)",0.0
Amount_shipped,"(180, 4760, 592, 4773, 272.69)",0.0
Amount_shipped,"(180, 4760, 303, 4682, 594.76)",0.0
Amount_shipped,"(180, 4760, 519, 4618, 758.82)",0.0
Amount_shipped,"(180, 4760, 190, 4740, 907.18)",0.0
Amount_shipped,"(180, 4760, 604, 4955, 907.45)",0.0
Amount_shipped,"(180, 4760, 334, 4799, 1285.48)",0.0
Amount_shipped,"(180, 4760, 402, 4762, 1356.12)",0.0
Amount_shipped,"(180, 4780, 604, 4556, 10.77)",0.0
Amount_shipped,"(180, 4780, 545, 4715, 11.01)",0.0
Amount_shipped,"(180, 4780, 598, 4885, 11.15)",0.0
Amount_shipped,"(180, 4780, 622, 4729, 11.5)",0.0
Amount_shipped,"(180, 4780, 136, 4692, 11.61)",0.0
Amount_shipped,"(180, 4780, 494, 4926, 11.95)",0.0
Amount_shipped,"(180, 4780, 627, 4796, 12.52)",0.0
Amount_shipped,"(180, 4780, 604, 4624, 12.57)",0.0
Amount_shipped,"(180, 4780, 497, 4720, 12.7)",0.0
Amount_shipped,"(180, 4780, 503, 4807, 16.06)",0.0
Amount_shipped,"(180, 4780, 612, 4678, 16.32)",0.0
Amount_shipped,"(180, 4780, 345, 4695, 23.25)",0.0
Amount_shipped,"(180, 4780, 696, 4535, 23.59)",0.0
Amount_shipped,"(180, 4780, 250, 4682, 28.56)",0.0
Amount_shipped,"(180, 4780, 572, 4680, 30.45)",0.0
Amount_shipped,"(180, 4780, 371, 4764, 52.72)",0.0
Amount_shipped,"(180, 4780, 312, 4747, 62.13)",0.0
Amount_shipped,"(180, 4780, 417, 4874, 76.13)",0.0
Amount_shipped,"(180, 4780, 350, 4738, 111.96)",0.0
Amount_shipped,"(180, 4780, 327, 4722, 125.89)",0.0
Amount_shipped,"(180, 4780, 555, 4937, 127.49)",0.0
Amount_shipped,"(180, 4780, 239, 4765, 151.68)",0.0
Amount_shipped,"(180, 4780, 558, 4583, 208.94)",0.0
Amount_shipped,"(180, 4780, 592, 4773, 272.69)",0.0
Amount_shipped,"(180, 4780, 303, 4682, 594.76)",0.0
Amount_shipped,"(180, 4780, 519, 4618, 758.82)",0.0
Amount_shipped,"(180, 4780, 190, 4740, 907.18)",0.0
Amount_shipped,"(180, 4780, 604, 4955, 907.45)",0.0
Amount_shipped,"(180, 4780, 334, 4799, 1285.48)",0.0
Amount_shipped,"(180, 4780, 402, 4762, 1356.12)",0.0
Amount_shipped,"(180, 4800, 604, 4556, 10.77)",0.0
Amount_shipped,"(180, 4800, 545, 4715, 11.01)",0.0
Amount_shipped,"(180, 4800, 598, 4885, 11.15)",0.0
Amount_shipped,"(180, 4800, 622, 4729, 11.5)",0.0
Amount_shipped,"(180, 4800, 136, 4692, 11.61)",0.0
Amount_shipped,"(180, 4800, 494, 4926, 11.95)",0.0
Amount_shipped,"(180, 4800, 627, 4796, 12.52)",0.0
Amount_shipped,"(180, 4800, 604, 4624, 12.57)",0.0
Amount_shipped,"(180, 4800, 497, 4720, 12.7)",0.0
Amount_shipped,"(180, 4800, 503, 4807, 16.06)",0.0
Amount_shipped,"(180, 4800, 612, 4678, 16.32)",0.0
Amount_shipped,"(180, 4800, 345, 4695, 23.25)",0.0
Amount_shipped,"(180, 4800, 696, 4535, 23.59)",0.0
Amount_shipped,"(180, 4800, 250, 4682, 28.56)",0.0
Amount_shipped,"(180, 4800, 572, 4680, 30.45)",0.0
Amount_shipped,"(180, 4800, 371, 4764, 52.72)",0.0
Amount_shipped,"(180, 4800, 312, 4747, 62.13)",0.0
Amount_shipped,"(180, 4800, 417, 4874, 76.13)",0.0
Amount_shipped,"(180, 4800, 350, 4738, 111.96)",0.0
Amount_shipped,"(180, 4800, 327, 4722, 125.89)",0.0
Amount_shipped,"(180, 4800, 555, 4937, 127.49)",0.0
Amount_shipped,"(180, 4800, 239, 4765, 151.68)",0.0
Amount_shipped,"(180, 4800, 558, 4583, 208.94)",0.0
Amount_shipped,"(180, 4800, 592, 4773, 272.69)",0.0
Amount_shipped,"(180, 4800, 303, 4682, 594.76)",0.0
Amount_shipped,"(180, 4800, 519, 4618, 758.82)",0.0
Amount_shipped,"(180, 4800, 190, 4740, 907.18)",0.0
Amount_shipped,"(180, 4800, 604, 4955, 907.45)",0.0
Amount_shipped,"(180, 4800, 334, 4799, 1285.48)",0.0
Amount_shipped,"(180, 4800, 402, 4762, 1356.12)",0.0
Amount_shipped,"(180, 4820, 604, 4556, 10.77)",0.0
Amount_shipped,"(180, 4820, 545, 4715, 11.01)",0.0
Amount_shipped,"(180, 4820, 598, 4885, 11.15)",0.0
Amount_shipped,"(180, 4820, 622, 4729, 11.5)",0.0
Amount_shipped,"(180, 4820, 136, 4692, 11.61)",0.0
Amount_shipped,"(180, 4820, 494, 4926, 11.95)",0.0
Amount_shipped,"(180, 4820, 627, 4796, 12.52)",0.0
Amount_shipped,"(180, 4820, 604, 4624, 12.57)",0.0
Amount_shipped,"(180, 4820, 497, 4720, 12.7)",0.0
Amount_shipped,"(180, 4820, 503, 4807, 16.06)",0.0
Amount_shipped,"(180, 4820, 612, 4678, 16.32)",0.0
Amount_shipped,"(180, 4820, 345, 4695, 23.25)",0.0
Amount_shipped,"(180, 4820, 696, 4535, 23.59)",0.0
Amount_shipped,"(180, 4820, 250, 4682, 28.56)",0.0
Amount_shipped,"(180, 4820, 572, 4680, 30.45)",0.0
Amount_shipped,"(180, 4820, 371, 4764, 52.72)",0.0
Amount_shipped,"(180, 4820, 312, 4747, 62.13)",0.0
Amount_shipped,"(180, 4820, 417, 4874, 76.13)",0.0
Amount_shipped,"(180, 4820, 350, 4738, 111.96)",0.0
Amount_shipped,"(180, 4820, 327, 4722, 125.89)",0.0
Amount_shipped,"(180, 4820, 555, 4937, 127.49)",0.0
Amount_shipped,"(180, 4820, 239, 4765, 151.68)",0.0
Amount_shipped,"(180, 4820, 558, 4583, 208.94)",0.0
Amount_shipped,"(180, 4820, 592, 4773, 272.69)",0.0
Amount_shipped,"(180, 4820, 303, 4682, 594.76)",0.0
Amount_shipped,"(180, 4820, 519, 4618, 758.82)",0.0
Amount_shipped,"(180, 4820, 190, 4740, 907.18)",0.0
Amount_shipped,"(180, 4820, 604, 4955, 907.45)",0.0
Amount_shipped,"(180, 4820, 334, 4799, 1285.48)",0.0
Amount_shipped,"(180, 4820, 402, 4762, 1356.12)",0.0
Amount_shipped,"(180, 4840, 604, 4556, 10.77)",0.0
Amount_shipped,"(180, 4840, 545, 4715, 11.01)",0.0
Amount_shipped,"(180, 4840, 598, 4885, 11.15)",0.0
Amount_shipped,"(180, 4840, 622, 4729, 11.5)",0.0
Amount_shipped,"(180, 4840, 136, 4692, 11.61)",0.0
Amount_shipped,"(180, 4840, 494, 4926, 11.95)",0.0
Amount_shipped,"(180, 4840, 627, 4796, 12.52)",0.0
Amount_shipped,"(180, 4840, 604, 4624, 12.57)",0.0
Amount_shipped,"(180, 4840, 497, 4720, 12.7)",0.0
Amount_shipped,"(180, 4840, 503, 4807, 16.06)",0.0
Amount_shipped,"(180, 4840, 612, 4678, 16.32)",0.0
Amount_shipped,"(180, 4840, 345, 4695, 23.25)",0.0
Amount_shipped,"(180, 4840, 696, 4535, 23.59)",0.0
Amount_shipped,"(180, 4840, 250, 4682, 28.56)",0.0
Amount_shipped,"(180, 4840, 572, 4680, 30.45)",0.0
Amount_shipped,"(180, 4840, 371, 4764, 52.72)",0.0
Amount_shipped,"(180, 4840, 312, 4747, 62.13)",0.0
Amount_shipped,"(180, 4840, 417, 4874, 76.13)",0.0
Amount_shipped,"(180, 4840, 350, 4738, 111.96)",0.0
Amount_shipped,"(180, 4840, 327, 4722, 125.89)",0.0
Amount_shipped,"(180, 4840, 555, 4937, 127.49)",0.0
Amount_shipped,"(180, 4840, 239, 4765, 151.68)",0.0
Amount_shipped,"(180, 4840, 558, 4583, 208.94)",0.0
Amount_shipped,"(180, 4840, 592, 4773, 272.69)",0.0
Amount_shipped,"(180, 4840, 303, 4682, 594.76)",0.0
Amount_shipped,"(180, 4840, 519, 4618, 758.82)",0.0
Amount_shipped,"(180, 4840, 190, 4740, 907.18)",0.0
Amount_shipped,"(180, 4840, 604, 4955, 907.45)",0.0
Amount_shipped,"(180, 4840, 334, 4799, 1285.48)",0.0
Amount_shipped,"(180, 4840, 402, 4762, 1356.12)",0.0
Amount_shipped,"(180, 4860, 604, 4556, 10.77)",0.0
Amount_shipped,"(180, 4860, 545, 4715, 11.01)",0.0
Amount_shipped,"(180, 4860, 598, 4885, 11.15)",0.0
Amount_shipped,"(180, 4860, 622, 4729, 11.5)",0.0
Amount_shipped,"(180, 4860, 136, 4692, 11.61)",0.0
Amount_shipped,"(180, 4860, 494, 4926, 11.95)",0.0
Amount_shipped,"(180, 4860, 627, 4796, 12.52)",0.0
Amount_shipped,"(180, 4860, 604, 4624, 12.57)",0.0
Amount_shipped,"(180, 4860, 497, 4720, 12.7)",0.0
Amount_shipped,"(180, 4860, 503, 4807, 16.06)",0.0
Amount_shipped,"(180, 4860, 612, 4678, 16.32)",0.0
Amount_shipped,"(180, 4860, 345, 4695, 23.25)",0.0
Amount_shipped,"(180, 4860, 696, 4535, 23.59)",0.0
Amount_shipped,"(180, 4860, 250, 4682, 28.56)",0.0
Amount_shipped,"(180, 4860, 572, 4680, 30.45)",0.0
Amount_shipped,"(180, 4860, 371, 4764, 52.72)",0.0
Amount_shipped,"(180, 4860, 312, 4747, 62.13)",0.0
Amount_shipped,"(180, 4860, 417, 4874, 76.13)",0.0
Amount_shipped,"(180, 4860, 350, 4738, 111.96)",0.0
Amount_shipped,"(180, 4860, 327, 4722, 125.89)",0.0
Amount_shipped,"(180, 4860, 555, 4937, 127.49)",0.0
Amount_shipped,"(180, 4860, 239, 4765, 151.68)",0.0
Amount_shipped,"(180, 4860, 558, 4583, 208.94)",0.0
Amount_shipped,"(180, 4860, 592, 4773, 272.69)",0.0
Amount_shipped,"(180, 4860, 303, 4682, 594.76)",0.0
Amount_shipped,"(180, 4860, 519, 4618, 758.82)",0.0
Amount_shipped,"(180, 4860, 190, 4740, 907.18)",0.0
Amount_shipped,"(180, 4860, 604, 4955, 907.45)",0.0
Amount_shipped,"(180, 4860, 334, 4799, 1285.48)",0.0
Amount_shipped,"(180, 4860, 402, 4762, 1356.12)",0.0
Amount_shipped,"(180, 4880, 604, 4556, 10.77)",0.0
Amount_shipped,"(180, 4880, 545, 4715, 11.01)",0.0
Amount_shipped,"(180, 4880, 598, 4885, 11.15)",0.0
Amount_shipped,"(180, 4880, 622, 4729, 11.5)",0.0
Amount_shipped,"(180, 4880, 136, 4692, 11.61)",0.0
Amount_shipped,"(180, 4880, 494, 4926, 11.95)",0.0
Amount_shipped,"(180, 4880, 627, 4796, 12.52)",0.0
Amount_shipped,"(180, 4880, 604, 4624, 12.57)",0.0
Amount_shipped,"(180, 4880, 497, 4720, 12.7)",0.0
Amount_shipped,"(180, 4880, 503, 4807, 16.06)",0.0
Amount_shipped,"(180, 4880, 612, 4678, 16.32)",0.0
Amount_shipped,"(180, 4880, 345, 4695, 23.25)",0.0
Amount_shipped,"(180, 4880, 696, 4535, 23.59)",0.0
Amount_shipped,"(180, 4880, 250, 4682, 28.56)",0.0
Amount_shipped,"(180, 4880, 572, 4680, 30.45)",0.0
Amount_shipped,"(180, 4880, 371, 4764, 52.72)",0.0
Amount_shipped,"(180, 4880, 312, 4747, 62.13)",0.0
Amount_shipped,"(180, 4880, 417, 4874, 76.13)",0.0
Amount_shipped,"(180, 4880, 350, 4738, 111.96)",0.0
Amount_shipped,"(180, 4880, 327, 4722, 125.89)",0.0
Amount_shipped,"(180, 4880, 555, 4937, 127.49)",0.0
Amount_shipped,"(180, 4880, 239, 4765, 151.68)",0.0
Amount_shipped,"(180, 4880, 558, 4583, 208.94)",0.0
Amount_shipped,"(180, 4880, 592, 4773, 272.69)",0.0
Amount_shipped,"(180, 4880, 303, 4682, 594.76)",0.0
Amount_shipped,"(180, 4880, 519, 4618, 758.82)",0.0
Amount_shipped,"(180, 4880, 190, 4740, 907.18)",0.0
Amount_shipped,"(180, 4880, 604, 4955, 907.45)",0.0
Amount_shipped,"(180, 4880, 334, 4799, 1285.48)",0.0
Amount_shipped,"(180, 4880, 402, 4762, 1356.12)",0.0
Amount_shipped,"(180, 4900, 604, 4556, 10.77)",0.0
Amount_shipped,"(180, 4900, 545, 4715, 11.01)",0.0
Amount_shipped,"(180, 4900, 598, 4885, 11.15)",0.0
Amount_shipped,"(180, 4900, 622, 4729, 11.5)",0.0
Amount_shipped,"(180, 4900, 136, 4692, 11.61)",0.0
Amount_shipped,"(180, 4900, 494, 4926, 11.95)",0.0
Amount_shipped,"(180, 4900, 627, 4796, 12.52)",0.0
Amount_shipped,"(180, 4900, 604, 4624, 12.57)",0.0
Amount_shipped,"(180, 4900, 497, 4720, 12.7)",0.0
Amount_shipped,"(180, 4900, 503, 4807, 16.06)",0.0
Amount_shipped,"(180, 4900, 612, 4678, 16.32)",0.0
Amount_shipped,"(180, 4900, 345, 4695, 23.25)",0.0
Amount_shipped,"(180, 4900, 696, 4535, 23.59)",0.0
Amount_shipped,"(180, 4900, 250, 4682, 28.56)",0.0
Amount_shipped,"(180, 4900, 572, 4680, 30.45)",0.0
Amount_shipped,"(180, 4900, 371, 4764, 52.72)",0.0
Amount_shipped,"(180, 4900, 312, 4747, 62.13)",0.0
Amount_shipped,"(180, 4900, 417, 4874, 76.13)",0.0
Amount_shipped,"(180, 4900, 350, 4738, 111.96)",0.0
Amount_shipped,"(180, 4900, 327, 4722, 125.89)",0.0
Amount_shipped,"(180, 4900, 555, 4937, 127.49)",0.0
Amount_shipped,"(180, 4900, 239, 4765, 151.68)",0.0
Amount_shipped,"(180, 4900, 558, 4583, 208.94)",0.0
Amount_shipped,"(180, 4900, 592, 4773, 272.69)",0.0
Amount_shipped,"(180, 4900, 303, 4682, 594.76)",0.0
Amount_shipped,"(180, 4900, 519, 4618, 758.82)",0.0
Amount_shipped,"(180, 4900, 190, 4740, 907.18)",0.0
Amount_shipped,"(180, 4900, 604, 4955, 907.45)",0.0
Amount_shipped,"(180, 4900, 334, 4799, 1285.48)",0.0
Amount_shipped,"(180, 4900, 402, 4762, 1356.12)",0.0
Amount_shipped,"(180, 4920, 604, 4556, 10.77)",0.0
Amount_shipped,"(180, 4920, 545, 4715, 11.01)",0.0
Amount_shipped,"(180, 4920, 598, 4885, 11.15)",0.0
Amount_shipped,"(180, 4920, 622, 4729, 11.5)",0.0
Amount_shipped,"(180, 4920, 136, 4692, 11.61)",0.0
Amount_shipped,"(180, 4920, 494, 4926, 11.95)",0.0
Amount_shipped,"(180, 4920, 627, 4796, 12.52)",0.0
Amount_shipped,"(180, 4920, 604, 4624, 12.57)",0.0
Amount_shipped,"(180, 4920, 497, 4720, 12.7)",0.0
Amount_shipped,"(180, 4920, 503, 4807, 16.06)",0.0
Amount_shipped,"(180, 4920, 612, 4678, 16.32)",0.0
Amount_shipped,"(180, 4920, 345, 4695, 23.25)",0.0
Amount_shipped,"(180, 4920, 696, 4535, 23.59)",0.0
Amount_shipped,"(180, 4920, 250, 4682, 28.56)",0.0
Amount_shipped,"(180, 4920, 572, 4680, 30.45)",0.0
Amount_shipped,"(180, 4920, 371, 4764, 52.72)",0.0
Amount_shipped,"(180, 4920, 312, 4747, 62.13)",0.0
Amount_shipped,"(180, 4920, 417, 4874, 76.13)",0.0
Amount_shipped,"(180, 4920, 350, 4738, 111.96)",0.0
Amount_shipped,"(180, 4920, 327, 4722, 125.89)",0.0
Amount_shipped,"(180, 4920, 555, 4937, 127.49)",0.0
Amount_shipped,"(180, 4920, 239, 4765, 151.68)",0.0
Amount_shipped,"(180, 4920, 558, 4583, 208.94)",0.0
Amount_shipped,"(180, 4920, 592, 4773, 272.69)",0.0
Amount_shipped,"(180, 4920, 303, 4682, 594.76)",0.0
Amount_shipped,"(180, 4920, 519, 4618, 758.82)",0.0
Amount_shipped,"(180, 4920, 190, 4740, 907.18)",0.0
Amount_shipped,"(180, 4920, 604, 4955, 907.45)",0.0
Amount_shipped,"(180, 4920, 334, 4799, 1285.48)",0.0
Amount_shipped,"(180, 4920, 402, 4762, 1356.12)",0.0
Amount_shipped,"(180, 4940, 604, 4556, 10.77)",0.0
Amount_shipped,"(180, 4940, 545, 4715, 11.01)",0.0
Amount_shipped,"(180, 4940, 598, 4885, 11.15)",0.0
Amount_shipped,"(180, 4940, 622, 4729, 11.5)",0.0
Amount_shipped,"(180, 4940, 136, 4692, 11.61)",0.0
Amount_shipped,"(180, 4940, 494, 4926, 11.95)",0.0
Amount_shipped,"(180, 4940, 627, 4796, 12.52)",0.0
Amount_shipped,"(180, 4940, 604, 4624, 12.57)",0.0
Amount_shipped,"(180, 4940, 497, 4720, 12.7)",0.0
Amount_shipped,"(180, 4940, 503, 4807, 16.06)",0.0
Amount_shipped,"(180, 4940, 612, 4678, 16.32)",0.0
Amount_shipped,"(180, 4940, 345, 4695, 23.25)",0.0
Amount_shipped,"(180, 4940, 696, 4535, 23.59)",0.0
Amount_shipped,"(180, 4940, 250, 4682, 28.56)",0.0
Amount_shipped,"(180, 4940, 572, 4680, 30.45)",0.0
Amount_shipped,"(180, 4940, 371, 4764, 52.72)",0.0
Amount_shipped,"(180, 4940, 312, 4747, 62.13)",0.0
Amount_shipped,"(180, 4940, 417, 4874, 76.13)",0.0
Amount_shipped,"(180, 4940, 350, 4738, 111.96)",0.0
Amount_shipped,"(180, 4940, 327, 4722, 125.89)",0.0
Amount_shipped,"(180, 4940, 555, 4937, 127.49)",0.0
Amount_shipped,"(180, 4940, 239, 4765, 151.68)",0.0
Amount_shipped,"(180, 4940, 558, 4583, 208.94)",0.0
Amount_shipped,"(180, 4940, 592, 4773, 272.69)",0.0
Amount_shipped,"(180, 4940, 303, 4682, 594.76)",0.0
Amount_shipped,"(180, 4940, 519, 4618, 758.82)",0.0
Amount_shipped,"(180, 4940, 190, 4740, 907.18)",0.0
Amount_shipped,"(180, 4940, 604, 4955, 907.45)",0.0
Amount_shipped,"(180, 4940, 334, 4799, 1285.48)",0.0
Amount_shipped,"(180, 4940, 402, 4762, 1356.12)",0.0
Amount_shipped,"(180, 4960, 604, 4556, 10.77)",0.0
Amount_shipped,"(180, 4960, 545, 4715, 11.01)",0.0
Amount_shipped,"(180, 4960, 598, 4885, 11.15)",0.0
Amount_shipped,"(180, 4960, 622, 4729, 11.5)",0.0
Amount_shipped,"(180, 4960, 136, 4692, 11.61)",0.0
Amount_shipped,"(180, 4960, 494, 4926, 11.95)",0.0
Amount_shipped,"(180, 4960, 627, 4796, 12.52)",0.0
Amount_shipped,"(180, 4960, 604, 4624, 12.57)",0.0
Amount_shipped,"(180, 4960, 497, 4720, 12.7)",0.0
Amount_shipped,"(180, 4960, 503, 4807, 16.06)",0.0
Amount_shipped,"(180, 4960, 612, 4678, 16.32)",0.0
Amount_shipped,"(180, 4960, 345, 4695, 23.25)",0.0
Amount_shipped,"(180, 4960, 696, 4535, 23.59)",0.0
Amount_shipped,"(180, 4960, 250, 4682, 28.56)",0.0
Amount_shipped,"(180, 4960, 572, 4680, 30.45)",0.0
Amount_shipped,"(180, 4960, 371, 4764, 52.72)",0.0
Amount_shipped,"(180, 4960, 312, 4747, 62.13)",0.0
Amount_shipped,"(180, 4960, 417, 4874, 76.13)",0.0
Amount_shipped,"(180, 4960, 350, 4738, 111.96)",0.0
Amount_shipped,"(180, 4960, 327, 4722, 125.89)",0.0
Amount_shipped,"(180, 4960, 555, 4937, 127.49)",0.0
Amount_shipped,"(180, 4960, 239, 4765, 151.68)",0.0
Amount_shipped,"(180, 4960, 558, 4583, 208.94)",0.0
Amount_shipped,"(180, 4960, 592, 4773, 272.69)",0.0
Amount_shipped,"(180, 4960, 303, 4682, 594.76)",0.0
Amount_shipped,"(180, 4960, 519, 4618, 758.82)",0.0
Amount_shipped,"(180, 4960, 190, 4740, 907.18)",0.0
Amount_shipped,"(180, 4960, 604, 4955, 907.45)",0.0
Amount_shipped,"(180, 4960, 334, 4799, 1285.48)",0.0
Amount_shipped,"(180, 4960, 402, 4762, 1356.12)",0.0
Amount_shipped,"(180, 4980, 604, 4556, 10.77)",0.0
Amount_shipped,"(180, 4980, 545, 4715, 11.01)",0.0
Amount_shipped,"(180, 4980, 598, 4885, 11.15)",0.0
Amount_shipped,"(180, 4980, 622, 4729, 11.5)",0.0
Amount_shipped,"(180, 4980, 136, 4692, 11.61)",0.0
Amount_shipped,"(180, 4980, 494, 4926, 11.95)",0.0
Amount_shipped,"(180, 4980, 627, 4796, 12.52)",0.0
Amount_shipped,"(180, 4980, 604, 4624, 12.57)",0.0
Amount_shipped,"(180, 4980, 497, 4720, 12.7)",0.0
Amount_shipped,"(180, 4980, 503, 4807, 16.06)",0.0
Amount_shipped,"(180, 4980, 612, 4678, 16.32)",0.0
Amount_shipped,"(180, 4980, 345, 4695, 23.25)",0.0
Amount_shipped,"(180, 4980, 696, 4535, 23.59)",0.0
Amount_shipped,"(180, 4980, 250, 4682, 28.56)",0.0
Amount_shipped,"(180, 4980, 572, 4680, 30.45)",0.0
Amount_shipped,"(180, 4980, 371, 4764, 52.72)",0.0
Amount_shipped,"(180, 4980, 312, 4747, 62.13)",0.0
Amount_shipped,"(180, 4980, 417, 4874, 76.13)",0.0
Amount_shipped,"(180, 4980, 350, 4738, 111.96)",0.0
Amount_shipped,"(180, 4980, 327, 4722, 125.89)",0.0
Amount_shipped,"(180, 4980, 555, 4937, 127.49)",0.0
Amount_shipped,"(180, 4980, 239, 4765, 151.68)",0.0
Amount_shipped,"(180, 4980, 558, 4583, 208.94)",0.0
Amount_shipped,"(180, 4980, 592, 4773, 272.69)",0.0
Amount_shipped,"(180, 4980, 303, 4682, 594.76)",0.0
Amount_shipped,"(180, 4980, 519, 4618, 758.82)",0.0
Amount_shipped,"(180, 4980, 190, 4740, 907.18)",0.0
Amount_shipped,"(180, 4980, 604, 4955, 907.45)",0.0
Amount_shipped,"(180, 4980, 334, 4799, 1285.48)",0.0
Amount_shipped,"(180, 4980, 402, 4762, 1356.12)",0.0
Amount_shipped,"(200, 4440, 604, 4556, 10.77)",0.0
Amount_shipped,"(200, 4440, 545, 4715, 11.01)",0.0
Amount_shipped,"(200, 4440, 598, 4885, 11.15)",0.0
Amount_shipped,"(200, 4440, 622, 4729, 11.5)",0.0
Amount_shipped,"(200, 4440, 136, 4692, 11.61)",0.0
Amount_shipped,"(200, 4440, 494, 4926, 11.95)",0.0
Amount_shipped,"(200, 4440, 627, 4796, 12.52)",0.0
Amount_shipped,"(200, 4440, 604, 4624, 12.57)",0.0
Amount_shipped,"(200, 4440, 497, 4720, 12.7)",0.0
Amount_shipped,"(200, 4440, 503, 4807, 16.06)",0.0
Amount_shipped,"(200, 4440, 612, 4678, 16.32)",0.0
Amount_shipped,"(200, 4440, 345, 4695, 23.25)",0.0
Amount_shipped,"(200, 4440, 696, 4535, 23.59)",0.0
Amount_shipped,"(200, 4440, 250, 4682, 28.56)",0.0
Amount_shipped,"(200, 4440, 572, 4680, 30.45)",0.0
Amount_shipped,"(200, 4440, 371, 4764, 52.72)",0.0
Amount_shipped,"(200, 4440, 312, 4747, 62.13)",0.0
Amount_shipped,"(200, 4440, 417, 4874, 76.13)",0.0
Amount_shipped,"(200, 4440, 350, 4738, 111.96)",0.0
Amount_shipped,"(200, 4440, 327, 4722, 125.89)",0.0
Amount_shipped,"(200, 4440, 555, 4937, 127.49)",0.0
Amount_shipped,"(200, 4440, 239, 4765, 151.68)",0.0
Amount_shipped,"(200, 4440, 558, 4583, 208.94)",0.0
Amount_shipped,"(200, 4440, 592, 4773, 272.69)",0.0
Amount_shipped,"(200, 4440, 303, 4682, 594.76)",0.0
Amount_shipped,"(200, 4440, 519, 4618, 758.82)",0.0
Amount_shipped,"(200, 4440, 190, 4740, 907.18)",0.0
Amount_shipped,"(200, 4440, 604, 4955, 907.45)",0.0
Amount_shipped,"(200, 4440, 334, 4799, 1285.48)",0.0
Amount_shipped,"(200, 4440, 402, 4762, 1356.12)",0.0
Amount_shipped,"(200, 4460, 604, 4556, 10.77)",0.0
Amount_shipped,"(200, 4460, 545, 4715, 11.01)",0.0
Amount_shipped,"(200, 4460, 598, 4885, 11.15)",0.0
Amount_shipped,"(200, 4460, 622, 4729, 11.5)",0.0
Amount_shipped,"(200, 4460, 136, 4692, 11.61)",0.0
Amount_shipped,"(200, 4460, 494, 4926, 11.95)",0.0
Amount_shipped,"(200, 4460, 627, 4796, 12.52)",0.0
Amount_shipped,"(200, 4460, 604, 4624, 12.57)",0.0
Amount_shipped,"(200, 4460, 497, 4720, 12.7)",0.0
Amount_shipped,"(200, 4460, 503, 4807, 16.06)",0.0
Amount_shipped,"(200, 4460, 612, 4678, 16.32)",0.0
Amount_shipped,"(200, 4460, 345, 4695, 23.25)",0.0
Amount_shipped,"(200, 4460, 696, 4535, 23.59)",0.0
Amount_shipped,"(200, 4460, 250, 4682, 28.56)",0.0
Amount_shipped,"(200, 4460, 572, 4680, 30.45)",0.0
Amount_shipped,"(200, 4460, 371, 4764, 52.72)",0.0
Amount_shipped,"(200, 4460, 312, 4747, 62.13)",0.0
Amount_shipped,"(200, 4460, 417, 4874, 76.13)",0.0
Amount_shipped,"(200, 4460, 350, 4738, 111.96)",0.0
Amount_shipped,"(200, 4460, 327, 4722, 125.89)",0.0
Amount_shipped,"(200, 4460, 555, 4937, 127.49)",0.0
Amount_shipped,"(200, 4460, 239, 4765, 151.68)",0.0
Amount_shipped,"(200, 4460, 558, 4583, 208.94)",0.0
Amount_shipped,"(200, 4460, 592, 4773, 272.69)",0.0
Amount_shipped,"(200, 4460, 303, 4682, 594.76)",0.0
Amount_shipped,"(200, 4460, 519, 4618, 758.82)",0.0
Amount_shipped,"(200, 4460, 190, 4740, 907.18)",0.0
Amount_shipped,"(200, 4460, 604, 4955, 907.45)",0.0
Amount_shipped,"(200, 4460, 334, 4799, 1285.48)",0.0
Amount_shipped,"(200, 4460, 402, 4762, 1356.12)",0.0
Amount_shipped,"(200, 4480, 604, 4556, 10.77)",0.0
Amount_shipped,"(200, 4480, 545, 4715, 11.01)",0.0
Amount_shipped,"(200, 4480, 598, 4885, 11.15)",0.0
Amount_shipped,"(200, 4480, 622, 4729, 11.5)",0.0
Amount_shipped,"(200, 4480, 136, 4692, 11.61)",0.0
Amount_shipped,"(200, 4480, 494, 4926, 11.95)",0.0
Amount_shipped,"(200, 4480, 627, 4796, 12.52)",0.0
Amount_shipped,"(200, 4480, 604, 4624, 12.57)",0.0
Amount_shipped,"(200, 4480, 497, 4720, 12.7)",0.0
Amount_shipped,"(200, 4480, 503, 4807, 16.06)",0.0
Amount_shipped,"(200, 4480, 612, 4678, 16.32)",0.0
Amount_shipped,"(200, 4480, 345, 4695, 23.25)",0.0
Amount_shipped,"(200, 4480, 696, 4535, 23.59)",0.0
Amount_shipped,"(200, 4480, 250, 4682, 28.56)",0.0
Amount_shipped,"(200, 4480, 572, 4680, 30.45)",0.0
Amount_shipped,"(200, 4480, 371, 4764, 52.72)",0.0
Amount_shipped,"(200, 4480, 312, 4747, 62.13)",0.0
Amount_shipped,"(200, 4480, 417, 4874, 76.13)",0.0
Amount_shipped,"(200, 4480, 350, 4738, 111.96)",0.0
Amount_shipped,"(200, 4480, 327, 4722, 125.89)",0.0
Amount_shipped,"(200, 4480, 555, 4937, 127.49)",0.0
Amount_shipped,"(200, 4480, 239, 4765, 151.68)",0.0
Amount_shipped,"(200, 4480, 558, 4583, 208.94)",0.0
Amount_shipped,"(200, 4480, 592, 4773, 272.69)",0.0
Amount_shipped,"(200, 4480, 303, 4682, 594.76)",0.0
Amount_shipped,"(200, 4480, 519, 4618, 758.82)",0.0
Amount_shipped,"(200, 4480, 190, 4740, 907.18)",0.0
Amount_shipped,"(200, 4480, 604, 4955, 907.45)",0.0
Amount_shipped,"(200, 4480, 334, 4799, 1285.48)",0.0
Amount_shipped,"(200, 4480, 402, 4762, 1356.12)",0.0
Amount_shipped,"(200, 4500, 604, 4556, 10.77)",0.0
Amount_shipped,"(200, 4500, 545, 4715, 11.01)",0.0
Amount_shipped,"(200, 4500, 598, 4885, 11.15)",0.0
Amount_shipped,"(200, 4500, 622, 4729, 11.5)",0.0
Amount_shipped,"(200, 4500, 136, 4692, 11.61)",0.0
Amount_shipped,"(200, 4500, 494, 4926, 11.95)",0.0
Amount_shipped,"(200, 4500, 627, 4796, 12.52)",0.0
Amount_shipped,"(200, 4500, 604, 4624, 12.57)",0.0
Amount_shipped,"(200, 4500, 497, 4720, 12.7)",0.0
Amount_shipped,"(200, 4500, 503, 4807, 16.06)",0.0
Amount_shipped,"(200, 4500, 612, 4678, 16.32)",0.0
Amount_shipped,"(200, 4500, 345, 4695, 23.25)",0.0
Amount_shipped,"(200, 4500, 696, 4535, 23.59)",0.0
Amount_shipped,"(200, 4500, 250, 4682, 28.56)",0.0
Amount_shipped,"(200, 4500, 572, 4680, 30.45)",0.0
Amount_shipped,"(200, 4500, 371, 4764, 52.72)",0.0
Amount_shipped,"(200, 4500, 312, 4747, 62.13)",0.0
Amount_shipped,"(200, 4500, 417, 4874, 76.13)",0.0
Amount_shipped,"(200, 4500, 350, 4738, 111.96)",0.0
Amount_shipped,"(200, 4500, 327, 4722, 125.89)",0.0
Amount_shipped,"(200, 4500, 555, 4937, 127.49)",0.0
Amount_shipped,"(200, 4500, 239, 4765, 151.68)",0.0
Amount_shipped,"(200, 4500, 558, 4583, 208.94)",0.0
Amount_shipped,"(200, 4500, 592, 4773, 272.69)",0.0
Amount_shipped,"(200, 4500, 303, 4682, 594.76)",0.0
Amount_shipped,"(200, 4500, 519, 4618, 758.82)",0.0
Amount_shipped,"(200, 4500, 190, 4740, 907.18)",0.0
Amount_shipped,"(200, 4500, 604, 4955, 907.45)",0.0
Amount_shipped,"(200, 4500, 334, 4799, 1285.48)",0.0
Amount_shipped,"(200, 4500, 402, 4762, 1356.12)",0.0
Amount_shipped,"(200, 4520, 604, 4556, 10.77)",0.0
Amount_shipped,"(200, 4520, 545, 4715, 11.01)",0.0
Amount_shipped,"(200, 4520, 598, 4885, 11.15)",0.0
Amount_shipped,"(200, 4520, 622, 4729, 11.5)",0.0
Amount_shipped,"(200, 4520, 136, 4692, 11.61)",0.0
Amount_shipped,"(200, 4520, 494, 4926, 11.95)",0.0
Amount_shipped,"(200, 4520, 627, 4796, 12.52)",0.0
Amount_shipped,"(200, 4520, 604, 4624, 12.57)",0.0
Amount_shipped,"(200, 4520, 497, 4720, 12.7)",0.0
Amount_shipped,"(200, 4520, 503, 4807, 16.06)",0.0
Amount_shipped,"(200, 4520, 612, 4678, 16.32)",0.0
Amount_shipped,"(200, 4520, 345, 4695, 23.25)",0.0
Amount_shipped,"(200, 4520, 696, 4535, 23.59)",0.0
Amount_shipped,"(200, 4520, 250, 4682, 28.56)",0.0
Amount_shipped,"(200, 4520, 572, 4680, 30.45)",0.0
Amount_shipped,"(200, 4520, 371, 4764, 52.72)",0.0
Amount_shipped,"(200, 4520, 312, 4747, 62.13)",0.0
Amount_shipped,"(200, 4520, 417, 4874, 76.13)",0.0
Amount_shipped,"(200, 4520, 350, 4738, 111.96)",0.0
Amount_shipped,"(200, 4520, 327, 4722, 125.89)",0.0
Amount_shipped,"(200, 4520, 555, 4937, 127.49)",0.0
Amount_shipped,"(200, 4520, 239, 4765, 151.68)",0.0
Amount_shipped,"(200, 4520, 558, 4583, 208.94)",0.0
Amount_shipped,"(200, 4520, 592, 4773, 272.69)",0.0
Amount_shipped,"(200, 4520, 303, 4682, 594.76)",0.0
Amount_shipped,"(200, 4520, 519, 4618, 758.82)",0.0
Amount_shipped,"(200, 4520, 190, 4740, 907.18)",0.0
Amount_shipped,"(200, 4520, 604, 4955, 907.45)",0.0
Amount_shipped,"(200, 4520, 334, 4799, 1285.48)",0.0
Amount_shipped,"(200, 4520, 402, 4762, 1356.12)",0.0
Amount_shipped,"(200, 4540, 604, 4556, 10.77)",0.0
Amount_shipped,"(200, 4540, 545, 4715, 11.01)",0.0
Amount_shipped,"(200, 4540, 598, 4885, 11.15)",0.0
Amount_shipped,"(200, 4540, 622, 4729, 11.5)",0.0
Amount_shipped,"(200, 4540, 136, 4692, 11.61)",0.0
Amount_shipped,"(200, 4540, 494, 4926, 11.95)",0.0
Amount_shipped,"(200, 4540, 627, 4796, 12.52)",0.0
Amount_shipped,"(200, 4540, 604, 4624, 12.57)",0.0
Amount_shipped,"(200, 4540, 497, 4720, 12.7)",0.0
Amount_shipped,"(200, 4540, 503, 4807, 16.06)",0.0
Amount_shipped,"(200, 4540, 612, 4678, 16.32)",0.0
Amount_shipped,"(200, 4540, 345, 4695, 23.25)",0.0
Amount_shipped,"(200, 4540, 696, 4535, 23.59)",0.0
Amount_shipped,"(200, 4540, 250, 4682, 28.56)",0.0
Amount_shipped,"(200, 4540, 572, 4680, 30.45)",0.0
Amount_shipped,"(200, 4540, 371, 4764, 52.72)",0.0
Amount_shipped,"(200, 4540, 312, 4747, 62.13)",0.0
Amount_shipped,"(200, 4540, 417, 4874, 76.13)",0.0
Amount_shipped,"(200, 4540, 350, 4738, 111.96)",0.0
Amount_shipped,"(200, 4540, 327, 4722, 125.89)",0.0
Amount_shipped,"(200, 4540, 555, 4937, 127.49)",0.0
Amount_shipped,"(200, 4540, 239, 4765, 151.68)",0.0
Amount_shipped,"(200, 4540, 558, 4583, 208.94)",0.0
Amount_shipped,"(200, 4540, 592, 4773, 272.69)",0.0
Amount_shipped,"(200, 4540, 303, 4682, 594.76)",0.0
Amount_shipped,"(200, 4540, 519, 4618, 758.82)",0.0
Amount_shipped,"(200, 4540, 190, 4740, 907.18)",0.0
Amount_shipped,"(200, 4540, 604, 4955, 907.45)",0.0
Amount_shipped,"(200, 4540, 334, 4799, 1285.48)",0.0
Amount_shipped,"(200, 4540, 402, 4762, 1356.12)",0.0
Amount_shipped,"(200, 4560, 604, 4556, 10.77)",0.0
Amount_shipped,"(200, 4560, 545, 4715, 11.01)",0.0
Amount_shipped,"(200, 4560, 598, 4885, 11.15)",0.0
Amount_shipped,"(200, 4560, 622, 4729, 11.5)",0.0
Amount_shipped,"(200, 4560, 136, 4692, 11.61)",0.0
Amount_shipped,"(200, 4560, 494, 4926, 11.95)",0.0
Amount_shipped,"(200, 4560, 627, 4796, 12.52)",0.0
Amount_shipped,"(200, 4560, 604, 4624, 12.57)",0.0
Amount_shipped,"(200, 4560, 497, 4720, 12.7)",0.0
Amount_shipped,"(200, 4560, 503, 4807, 16.06)",0.0
Amount_shipped,"(200, 4560, 612, 4678, 16.32)",0.0
Amount_shipped,"(200, 4560, 345, 4695, 23.25)",0.0
Amount_shipped,"(200, 4560, 696, 4535, 23.59)",0.0
Amount_shipped,"(200, 4560, 250, 4682, 28.56)",0.0
Amount_shipped,"(200, 4560, 572, 4680, 30.45)",0.0
Amount_shipped,"(200, 4560, 371, 4764, 52.72)",0.0
Amount_shipped,"(200, 4560, 312, 4747, 62.13)",0.0
Amount_shipped,"(200, 4560, 417, 4874, 76.13)",0.0
Amount_shipped,"(200, 4560, 350, 4738, 111.96)",0.0
Amount_shipped,"(200, 4560, 327, 4722, 125.89)",0.0
Amount_shipped,"(200, 4560, 555, 4937, 127.49)",0.0
Amount_shipped,"(200, 4560, 239, 4765, 151.68)",0.0
Amount_shipped,"(200, 4560, 558, 4583, 208.94)",0.0
Amount_shipped,"(200, 4560, 592, 4773, 272.69)",0.0
Amount_shipped,"(200, 4560, 303, 4682, 594.76)",0.0
Amount_shipped,"(200, 4560, 519, 4618, 758.82)",0.0
Amount_shipped,"(200, 4560, 190, 4740, 907.18)",0.0
Amount_shipped,"(200, 4560, 604, 4955, 907.45)",0.0
Amount_shipped,"(200, 4560, 334, 4799, 1285.48)",0.0
Amount_shipped,"(200, 4560, 402, 4762, 1356.12)",0.0
Amount_shipped,"(200, 4580, 604, 4556, 10.77)",0.0
Amount_shipped,"(200, 4580, 545, 4715, 11.01)",0.0
Amount_shipped,"(200, 4580, 598, 4885, 11.15)",0.0
Amount_shipped,"(200, 4580, 622, 4729, 11.5)",0.0
Amount_shipped,"(200, 4580, 136, 4692, 11.61)",0.0
Amount_shipped,"(200, 4580, 494, 4926, 11.95)",0.0
Amount_shipped,"(200, 4580, 627, 4796, 12.52)",0.0
Amount_shipped,"(200, 4580, 604, 4624, 12.57)",0.0
Amount_shipped,"(200, 4580, 497, 4720, 12.7)",0.0
Amount_shipped,"(200, 4580, 503, 4807, 16.06)",0.0
Amount_shipped,"(200, 4580, 612, 4678, 16.32)",0.0
Amount_shipped,"(200, 4580, 345, 4695, 23.25)",0.0
Amount_shipped,"(200, 4580, 696, 4535, 23.59)",0.0
Amount_shipped,"(200, 4580, 250, 4682, 28.56)",0.0
Amount_shipped,"(200, 4580, 572, 4680, 30.45)",0.0
Amount_shipped,"(200, 4580, 371, 4764, 52.72)",0.0
Amount_shipped,"(200, 4580, 312, 4747, 62.13)",0.0
Amount_shipped,"(200, 4580, 417, 4874, 76.13)",0.0
Amount_shipped,"(200, 4580, 350, 4738, 111.96)",0.0
Amount_shipped,"(200, 4580, 327, 4722, 125.89)",0.0
Amount_shipped,"(200, 4580, 555, 4937, 127.49)",0.0
Amount_shipped,"(200, 4580, 239, 4765, 151.68)",0.0
Amount_shipped,"(200, 4580, 558, 4583, 208.94)",0.0
Amount_shipped,"(200, 4580, 592, 4773, 272.69)",0.0
Amount_shipped,"(200, 4580, 303, 4682, 594.76)",0.0
Amount_shipped,"(200, 4580, 519, 4618, 758.82)",0.0
Amount_shipped,"(200, 4580, 190, 4740, 907.18)",0.0
Amount_shipped,"(200, 4580, 604, 4955, 907.45)",0.0
Amount_shipped,"(200, 4580, 334, 4799, 1285.48)",0.0
Amount_shipped,"(200, 4580, 402, 4762, 1356.12)",0.0
Amount_shipped,"(200, 4600, 604, 4556, 10.77)",0.0
Amount_shipped,"(200, 4600, 545, 4715, 11.01)",0.0
Amount_shipped,"(200, 4600, 598, 4885, 11.15)",0.0
Amount_shipped,"(200, 4600, 622, 4729, 11.5)",0.0
Amount_shipped,"(200, 4600, 136, 4692, 11.61)",0.0
Amount_shipped,"(200, 4600, 494, 4926, 11.95)",0.0
Amount_shipped,"(200, 4600, 627, 4796, 12.52)",0.0
Amount_shipped,"(200, 4600, 604, 4624, 12.57)",0.0
Amount_shipped,"(200, 4600, 497, 4720, 12.7)",0.0
Amount_shipped,"(200, 4600, 503, 4807, 16.06)",0.0
Amount_shipped,"(200, 4600, 612, 4678, 16.32)",0.0
Amount_shipped,"(200, 4600, 345, 4695, 23.25)",0.0
Amount_shipped,"(200, 4600, 696, 4535, 23.59)",0.0
Amount_shipped,"(200, 4600, 250, 4682, 28.56)",0.0
Amount_shipped,"(200, 4600, 572, 4680, 30.45)",0.0
Amount_shipped,"(200, 4600, 371, 4764, 52.72)",0.0
Amount_shipped,"(200, 4600, 312, 4747, 62.13)",0.0
Amount_shipped,"(200, 4600, 417, 4874, 76.13)",0.0
Amount_shipped,"(200, 4600, 350, 4738, 111.96)",0.0
Amount_shipped,"(200, 4600, 327, 4722, 125.89)",0.0
Amount_shipped,"(200, 4600, 555, 4937, 127.49)",0.0
Amount_shipped,"(200, 4600, 239, 4765, 151.68)",0.0
Amount_shipped,"(200, 4600, 558, 4583, 208.94)",0.0
Amount_shipped,"(200, 4600, 592, 4773, 272.69)",0.0
Amount_shipped,"(200, 4600, 303, 4682, 594.76)",0.0
Amount_shipped,"(200, 4600, 519, 4618, 758.82)",0.0
Amount_shipped,"(200, 4600, 190, 4740, 907.18)",0.0
Amount_shipped,"(200, 4600, 604, 4955, 907.45)",0.0
Amount_shipped,"(200, 4600, 334, 4799, 1285.48)",0.0
Amount_shipped,"(200, 4600, 402, 4762, 1356.12)",0.0
Amount_shipped,"(200, 4620, 604, 4556, 10.77)",0.0
Amount_shipped,"(200, 4620, 545, 4715, 11.01)",0.0
Amount_shipped,"(200, 4620, 598, 4885, 11.15)",0.0
Amount_shipped,"(200, 4620, 622, 4729, 11.5)",0.0
Amount_shipped,"(200, 4620, 136, 4692, 11.61)",0.0
Amount_shipped,"(200, 4620, 494, 4926, 11.95)",0.0
Amount_shipped,"(200, 4620, 627, 4796, 12.52)",0.0
Amount_shipped,"(200, 4620, 604, 4624, 12.57)",0.0
Amount_shipped,"(200, 4620, 497, 4720, 12.7)",0.0
Amount_shipped,"(200, 4620, 503, 4807, 16.06)",0.0
Amount_shipped,"(200, 4620, 612, 4678, 16.32)",0.0
Amount_shipped,"(200, 4620, 345, 4695, 23.25)",0.0
Amount_shipped,"(200, 4620, 696, 4535, 23.59)",0.0
Amount_shipped,"(200, 4620, 250, 4682, 28.56)",0.0
Amount_shipped,"(200, 4620, 572, 4680, 30.45)",0.0
Amount_shipped,"(200, 4620, 371, 4764, 52.72)",0.0
Amount_shipped,"(200, 4620, 312, 4747, 62.13)",0.0
Amount_shipped,"(200, 4620, 417, 4874, 76.13)",0.0
Amount_shipped,"(200, 4620, 350, 4738, 111.96)",0.0
Amount_shipped,"(200, 4620, 327, 4722, 125.89)",0.0
Amount_shipped,"(200, 4620, 555, 4937, 127.49)",0.0
Amount_shipped,"(200, 4620, 239, 4765, 151.68)",0.0
Amount_shipped,"(200, 4620, 558, 4583, 208.94)",0.0
Amount_shipped,"(200, 4620, 592, 4773, 272.69)",0.0
Amount_shipped,"(200, 4620, 303, 4682, 594.76)",0.0
Amount_shipped,"(200, 4620, 519, 4618, 758.82)",0.0
Amount_shipped,"(200, 4620, 190, 4740, 907.18)",0.0
Amount_shipped,"(200, 4620, 604, 4955, 907.45)",0.0
Amount_shipped,"(200, 4620, 334, 4799, 1285.48)",0.0
Amount_shipped,"(200, 4620, 402, 4762, 1356.12)",0.0
Amount_shipped,"(200, 4640, 604, 4556, 10.77)",0.0
Amount_shipped,"(200, 4640, 545, 4715, 11.01)",0.0
Amount_shipped,"(200, 4640, 598, 4885, 11.15)",0.0
Amount_shipped,"(200, 4640, 622, 4729, 11.5)",0.0
Amount_shipped,"(200, 4640, 136, 4692, 11.61)",0.0
Amount_shipped,"(200, 4640, 494, 4926, 11.95)",0.0
Amount_shipped,"(200, 4640, 627, 4796, 12.52)",0.0
Amount_shipped,"(200, 4640, 604, 4624, 12.57)",0.0
Amount_shipped,"(200, 4640, 497, 4720, 12.7)",0.0
Amount_shipped,"(200, 4640, 503, 4807, 16.06)",0.0
Amount_shipped,"(200, 4640, 612, 4678, 16.32)",0.0
Amount_shipped,"(200, 4640, 345, 4695, 23.25)",0.0
Amount_shipped,"(200, 4640, 696, 4535, 23.59)",0.0
Amount_shipped,"(200, 4640, 250, 4682, 28.56)",0.0
Amount_shipped,"(200, 4640, 572, 4680, 30.45)",0.0
Amount_shipped,"(200, 4640, 371, 4764, 52.72)",0.0
Amount_shipped,"(200, 4640, 312, 4747, 62.13)",0.0
Amount_shipped,"(200, 4640, 417, 4874, 76.13)",0.0
Amount_shipped,"(200, 4640, 350, 4738, 111.96)",0.0
Amount_shipped,"(200, 4640, 327, 4722, 125.89)",0.0
Amount_shipped,"(200, 4640, 555, 4937, 127.49)",0.0
Amount_shipped,"(200, 4640, 239, 4765, 151.68)",0.0
Amount_shipped,"(200, 4640, 558, 4583, 208.94)",0.0
Amount_shipped,"(200, 4640, 592, 4773, 272.69)",0.0
Amount_shipped,"(200, 4640, 303, 4682, 594.76)",0.0
Amount_shipped,"(200, 4640, 519, 4618, 758.82)",0.0
Amount_shipped,"(200, 4640, 190, 4740, 907.18)",0.0
Amount_shipped,"(200, 4640, 604, 4955, 907.45)",0.0
Amount_shipped,"(200, 4640, 334, 4799, 1285.48)",0.0
Amount_shipped,"(200, 4640, 402, 4762, 1356.12)",0.0
Amount_shipped,"(200, 4660, 604, 4556, 10.77)",0.0
Amount_shipped,"(200, 4660, 545, 4715, 11.01)",0.0
Amount_shipped,"(200, 4660, 598, 4885, 11.15)",0.0
Amount_shipped,"(200, 4660, 622, 4729, 11.5)",0.0
Amount_shipped,"(200, 4660, 136, 4692, 11.61)",0.0
Amount_shipped,"(200, 4660, 494, 4926, 11.95)",0.0
Amount_shipped,"(200, 4660, 627, 4796, 12.52)",0.0
Amount_shipped,"(200, 4660, 604, 4624, 12.57)",0.0
Amount_shipped,"(200, 4660, 497, 4720, 12.7)",0.0
Amount_shipped,"(200, 4660, 503, 4807, 16.06)",0.0
Amount_shipped,"(200, 4660, 612, 4678, 16.32)",0.0
Amount_shipped,"(200, 4660, 345, 4695, 23.25)",0.0
Amount_shipped,"(200, 4660, 696, 4535, 23.59)",0.0
Amount_shipped,"(200, 4660, 250, 4682, 28.56)",0.0
Amount_shipped,"(200, 4660, 572, 4680, 30.45)",0.0
Amount_shipped,"(200, 4660, 371, 4764, 52.72)",0.0
Amount_shipped,"(200, 4660, 312, 4747, 62.13)",0.0
Amount_shipped,"(200, 4660, 417, 4874, 76.13)",0.0
Amount_shipped,"(200, 4660, 350, 4738, 111.96)",0.0
Amount_shipped,"(200, 4660, 327, 4722, 125.89)",0.0
Amount_shipped,"(200, 4660, 555, 4937, 127.49)",0.0
Amount_shipped,"(200, 4660, 239, 4765, 151.68)",0.0
Amount_shipped,"(200, 4660, 558, 4583, 208.94)",0.0
Amount_shipped,"(200, 4660, 592, 4773, 272.69)",0.0
Amount_shipped,"(200, 4660, 303, 4682, 594.76)",0.0
Amount_shipped,"(200, 4660, 519, 4618, 758.82)",0.0
Amount_shipped,"(200, 4660, 190, 4740, 907.18)",0.0
Amount_shipped,"(200, 4660, 604, 4955, 907.45)",0.0
Amount_shipped,"(200, 4660, 334, 4799, 1285.48)",0.0
Amount_shipped,"(200, 4660, 402, 4762, 1356.12)",0.0
Amount_shipped,"(200, 4680, 604, 4556, 10.77)",0.0
Amount_shipped,"(200, 4680, 545, 4715, 11.01)",0.0
Amount_shipped,"(200, 4680, 598, 4885, 11.15)",0.0
Amount_shipped,"(200, 4680, 622, 4729, 11.5)",0.0
Amount_shipped,"(200, 4680, 136, 4692, 11.61)",0.0
Amount_shipped,"(200, 4680, 494, 4926, 11.95)",0.0
Amount_shipped,"(200, 4680, 627, 4796, 12.52)",0.0
Amount_shipped,"(200, 4680, 604, 4624, 12.57)",0.0
Amount_shipped,"(200, 4680, 497, 4720, 12.7)",0.0
Amount_shipped,"(200, 4680, 503, 4807, 16.06)",0.0
Amount_shipped,"(200, 4680, 612, 4678, 16.32)",0.0
Amount_shipped,"(200, 4680, 345, 4695, 23.25)",0.0
Amount_shipped,"(200, 4680, 696, 4535, 23.59)",0.0
Amount_shipped,"(200, 4680, 250, 4682, 28.56)",0.0
Amount_shipped,"(200, 4680, 572, 4680, 30.45)",0.0
Amount_shipped,"(200, 4680, 371, 4764, 52.72)",0.0
Amount_shipped,"(200, 4680, 312, 4747, 62.13)",0.0
Amount_shipped,"(200, 4680, 417, 4874, 76.13)",0.0
Amount_shipped,"(200, 4680, 350, 4738, 111.96)",0.0
Amount_shipped,"(200, 4680, 327, 4722, 125.89)",0.0
Amount_shipped,"(200, 4680, 555, 4937, 127.49)",0.0
Amount_shipped,"(200, 4680, 239, 4765, 151.68)",0.0
Amount_shipped,"(200, 4680, 558, 4583, 208.94)",0.0
Amount_shipped,"(200, 4680, 592, 4773, 272.69)",0.0
Amount_shipped,"(200, 4680, 303, 4682, 594.76)",0.0
Amount_shipped,"(200, 4680, 519, 4618, 758.82)",0.0
Amount_shipped,"(200, 4680, 190, 4740, 907.18)",0.0
Amount_shipped,"(200, 4680, 604, 4955, 907.45)",0.0
Amount_shipped,"(200, 4680, 334, 4799, 1285.48)",0.0
Amount_shipped,"(200, 4680, 402, 4762, 1356.12)",0.0
Amount_shipped,"(200, 4700, 604, 4556, 10.77)",0.0
Amount_shipped,"(200, 4700, 545, 4715, 11.01)",0.0
Amount_shipped,"(200, 4700, 598, 4885, 11.15)",0.0
Amount_shipped,"(200, 4700, 622, 4729, 11.5)",0.0
Amount_shipped,"(200, 4700, 136, 4692, 11.61)",0.0
Amount_shipped,"(200, 4700, 494, 4926, 11.95)",0.0
Amount_shipped,"(200, 4700, 627, 4796, 12.52)",0.0
Amount_shipped,"(200, 4700, 604, 4624, 12.57)",0.0
Amount_shipped,"(200, 4700, 497, 4720, 12.7)",0.0
Amount_shipped,"(200, 4700, 503, 4807, 16.06)",0.0
Amount_shipped,"(200, 4700, 612, 4678, 16.32)",0.0
Amount_shipped,"(200, 4700, 345, 4695, 23.25)",0.0
Amount_shipped,"(200, 4700, 696, 4535, 23.59)",0.0
Amount_shipped,"(200, 4700, 250, 4682, 28.56)",0.0
Amount_shipped,"(200, 4700, 572, 4680, 30.45)",0.0
Amount_shipped,"(200, 4700, 371, 4764, 52.72)",0.0
Amount_shipped,"(200, 4700, 312, 4747, 62.13)",0.0
Amount_shipped,"(200, 4700, 417, 4874, 76.13)",0.0
Amount_shipped,"(200, 4700, 350, 4738, 111.96)",0.0
Amount_shipped,"(200, 4700, 327, 4722, 125.89)",0.0
Amount_shipped,"(200, 4700, 555, 4937, 127.49)",0.0
Amount_shipped,"(200, 4700, 239, 4765, 151.68)",0.0
Amount_shipped,"(200, 4700, 558, 4583, 208.94)",0.0
Amount_shipped,"(200, 4700, 592, 4773, 272.69)",0.0
Amount_shipped,"(200, 4700, 303, 4682, 594.76)",0.0
Amount_shipped,"(200, 4700, 519, 4618, 758.82)",0.0
Amount_shipped,"(200, 4700, 190, 4740, 907.18)",0.0
Amount_shipped,"(200, 4700, 604, 4955, 907.45)",0.0
Amount_shipped,"(200, 4700, 334, 4799, 1285.48)",0.0
Amount_shipped,"(200, 4700, 402, 4762, 1356.12)",0.0
Amount_shipped,"(200, 4720, 604, 4556, 10.77)",0.0
Amount_shipped,"(200, 4720, 545, 4715, 11.01)",0.0
Amount_shipped,"(200, 4720, 598, 4885, 11.15)",0.0
Amount_shipped,"(200, 4720, 622, 4729, 11.5)",0.0
Amount_shipped,"(200, 4720, 136, 4692, 11.61)",0.0
Amount_shipped,"(200, 4720, 494, 4926, 11.95)",0.0
Amount_shipped,"(200, 4720, 627, 4796, 12.52)",0.0
Amount_shipped,"(200, 4720, 604, 4624, 12.57)",0.0
Amount_shipped,"(200, 4720, 497, 4720, 12.7)",0.0
Amount_shipped,"(200, 4720, 503, 4807, 16.06)",0.0
Amount_shipped,"(200, 4720, 612, 4678, 16.32)",0.0
Amount_shipped,"(200, 4720, 345, 4695, 23.25)",0.0
Amount_shipped,"(200, 4720, 696, 4535, 23.59)",0.0
Amount_shipped,"(200, 4720, 250, 4682, 28.56)",0.0
Amount_shipped,"(200, 4720, 572, 4680, 30.45)",0.0
Amount_shipped,"(200, 4720, 371, 4764, 52.72)",0.0
Amount_shipped,"(200, 4720, 312, 4747, 62.13)",0.0
Amount_shipped,"(200, 4720, 417, 4874, 76.13)",0.0
Amount_shipped,"(200, 4720, 350, 4738, 111.96)",0.0
Amount_shipped,"(200, 4720, 327, 4722, 125.89)",0.0
Amount_shipped,"(200, 4720, 555, 4937, 127.49)",0.0
Amount_shipped,"(200, 4720, 239, 4765, 151.68)",0.0
Amount_shipped,"(200, 4720, 558, 4583, 208.94)",0.0
Amount_shipped,"(200, 4720, 592, 4773, 272.69)",0.0
Amount_shipped,"(200, 4720, 303, 4682, 594.76)",0.0
Amount_shipped,"(200, 4720, 519, 4618, 758.82)",0.0
Amount_shipped,"(200, 4720, 190, 4740, 907.18)",0.0
Amount_shipped,"(200, 4720, 604, 4955, 907.45)",0.0
Amount_shipped,"(200, 4720, 334, 4799, 1285.48)",0.0
Amount_shipped,"(200, 4720, 402, 4762, 1356.12)",0.0
Amount_shipped,"(200, 4740, 604, 4556, 10.77)",0.0
Amount_shipped,"(200, 4740, 545, 4715, 11.01)",0.0
Amount_shipped,"(200, 4740, 598, 4885, 11.15)",0.0
Amount_shipped,"(200, 4740, 622, 4729, 11.5)",0.0
Amount_shipped,"(200, 4740, 136, 4692, 11.61)",0.0
Amount_shipped,"(200, 4740, 494, 4926, 11.95)",0.0
Amount_shipped,"(200, 4740, 627, 4796, 12.52)",0.0
Amount_shipped,"(200, 4740, 604, 4624, 12.57)",0.0
Amount_shipped,"(200, 4740, 497, 4720, 12.7)",0.0
Amount_shipped,"(200, 4740, 503, 4807, 16.06)",0.0
Amount_shipped,"(200, 4740, 612, 4678, 16.32)",0.0
Amount_shipped,"(200, 4740, 345, 4695, 23.25)",0.0
Amount_shipped,"(200, 4740, 696, 4535, 23.59)",0.0
Amount_shipped,"(200, 4740, 250, 4682, 28.56)",0.0
Amount_shipped,"(200, 4740, 572, 4680, 30.45)",0.0
Amount_shipped,"(200, 4740, 371, 4764, 52.72)",0.0
Amount_shipped,"(200, 4740, 312, 4747, 62.13)",0.0
Amount_shipped,"(200, 4740, 417, 4874, 76.13)",0.0
Amount_shipped,"(200, 4740, 350, 4738, 111.96)",0.0
Amount_shipped,"(200, 4740, 327, 4722, 125.89)",0.0
Amount_shipped,"(200, 4740, 555, 4937, 127.49)",0.0
Amount_shipped,"(200, 4740, 239, 4765, 151.68)",0.0
Amount_shipped,"(200, 4740, 558, 4583, 208.94)",0.0
Amount_shipped,"(200, 4740, 592, 4773, 272.69)",0.0
Amount_shipped,"(200, 4740, 303, 4682, 594.76)",0.0
Amount_shipped,"(200, 4740, 519, 4618, 758.82)",0.0
Amount_shipped,"(200, 4740, 190, 4740, 907.18)",0.0
Amount_shipped,"(200, 4740, 604, 4955, 907.45)",0.0
Amount_shipped,"(200, 4740, 334, 4799, 1285.48)",0.0
Amount_shipped,"(200, 4740, 402, 4762, 1356.12)",0.0
Amount_shipped,"(200, 4760, 604, 4556, 10.77)",0.0
Amount_shipped,"(200, 4760, 545, 4715, 11.01)",0.0
Amount_shipped,"(200, 4760, 598, 4885, 11.15)",0.0
Amount_shipped,"(200, 4760, 622, 4729, 11.5)",0.0
Amount_shipped,"(200, 4760, 136, 4692, 11.61)",0.0
Amount_shipped,"(200, 4760, 494, 4926, 11.95)",0.0
Amount_shipped,"(200, 4760, 627, 4796, 12.52)",0.0
Amount_shipped,"(200, 4760, 604, 4624, 12.57)",0.0
Amount_shipped,"(200, 4760, 497, 4720, 12.7)",0.0
Amount_shipped,"(200, 4760, 503, 4807, 16.06)",0.0
Amount_shipped,"(200, 4760, 612, 4678, 16.32)",0.0
Amount_shipped,"(200, 4760, 345, 4695, 23.25)",0.0
Amount_shipped,"(200, 4760, 696, 4535, 23.59)",0.0
Amount_shipped,"(200, 4760, 250, 4682, 28.56)",0.0
Amount_shipped,"(200, 4760, 572, 4680, 30.45)",0.0
Amount_shipped,"(200, 4760, 371, 4764, 52.72)",0.0
Amount_shipped,"(200, 4760, 312, 4747, 62.13)",0.0
Amount_shipped,"(200, 4760, 417, 4874, 76.13)",0.0
Amount_shipped,"(200, 4760, 350, 4738, 111.96)",0.0
Amount_shipped,"(200, 4760, 327, 4722, 125.89)",0.0
Amount_shipped,"(200, 4760, 555, 4937, 127.49)",0.0
Amount_shipped,"(200, 4760, 239, 4765, 151.68)",0.0
Amount_shipped,"(200, 4760, 558, 4583, 208.94)",0.0
Amount_shipped,"(200, 4760, 592, 4773, 272.69)",0.0
Amount_shipped,"(200, 4760, 303, 4682, 594.76)",0.0
Amount_shipped,"(200, 4760, 519, 4618, 758.82)",0.0
Amount_shipped,"(200, 4760, 190, 4740, 907.18)",0.0
Amount_shipped,"(200, 4760, 604, 4955, 907.45)",0.0
Amount_shipped,"(200, 4760, 334, 4799, 1285.48)",0.0
Amount_shipped,"(200, 4760, 402, 4762, 1356.12)",0.0
Amount_shipped,"(200, 4780, 604, 4556, 10.77)",0.0
Amount_shipped,"(200, 4780, 545, 4715, 11.01)",0.0
Amount_shipped,"(200, 4780, 598, 4885, 11.15)",0.0
Amount_shipped,"(200, 4780, 622, 4729, 11.5)",0.0
Amount_shipped,"(200, 4780, 136, 4692, 11.61)",0.0
Amount_shipped,"(200, 4780, 494, 4926, 11.95)",0.0
Amount_shipped,"(200, 4780, 627, 4796, 12.52)",0.0
Amount_shipped,"(200, 4780, 604, 4624, 12.57)",0.0
Amount_shipped,"(200, 4780, 497, 4720, 12.7)",0.0
Amount_shipped,"(200, 4780, 503, 4807, 16.06)",0.0
Amount_shipped,"(200, 4780, 612, 4678, 16.32)",0.0
Amount_shipped,"(200, 4780, 345, 4695, 23.25)",0.0
Amount_shipped,"(200, 4780, 696, 4535, 23.59)",0.0
Amount_shipped,"(200, 4780, 250, 4682, 28.56)",0.0
Amount_shipped,"(200, 4780, 572, 4680, 30.45)",0.0
Amount_shipped,"(200, 4780, 371, 4764, 52.72)",0.0
Amount_shipped,"(200, 4780, 312, 4747, 62.13)",0.0
Amount_shipped,"(200, 4780, 417, 4874, 76.13)",0.0
Amount_shipped,"(200, 4780, 350, 4738, 111.96)",0.0
Amount_shipped,"(200, 4780, 327, 4722, 125.89)",0.0
Amount_shipped,"(200, 4780, 555, 4937, 127.49)",0.0
Amount_shipped,"(200, 4780, 239, 4765, 151.68)",0.0
Amount_shipped,"(200, 4780, 558, 4583, 208.94)",0.0
Amount_shipped,"(200, 4780, 592, 4773, 272.69)",0.0
Amount_shipped,"(200, 4780, 303, 4682, 594.76)",0.0
Amount_shipped,"(200, 4780, 519, 4618, 758.82)",0.0
Amount_shipped,"(200, 4780, 190, 4740, 907.18)",0.0
Amount_shipped,"(200, 4780, 604, 4955, 907.45)",0.0
Amount_shipped,"(200, 4780, 334, 4799, 1285.48)",0.0
Amount_shipped,"(200, 4780, 402, 4762, 1356.12)",0.0
Amount_shipped,"(200, 4800, 604, 4556, 10.77)",0.0
Amount_shipped,"(200, 4800, 545, 4715, 11.01)",0.0
Amount_shipped,"(200, 4800, 598, 4885, 11.15)",0.0
Amount_shipped,"(200, 4800, 622, 4729, 11.5)",0.0
Amount_shipped,"(200, 4800, 136, 4692, 11.61)",0.0
Amount_shipped,"(200, 4800, 494, 4926, 11.95)",0.0
Amount_shipped,"(200, 4800, 627, 4796, 12.52)",0.0
Amount_shipped,"(200, 4800, 604, 4624, 12.57)",0.0
Amount_shipped,"(200, 4800, 497, 4720, 12.7)",0.0
Amount_shipped,"(200, 4800, 503, 4807, 16.06)",0.0
Amount_shipped,"(200, 4800, 612, 4678, 16.32)",0.0
Amount_shipped,"(200, 4800, 345, 4695, 23.25)",0.0
Amount_shipped,"(200, 4800, 696, 4535, 23.59)",0.0
Amount_shipped,"(200, 4800, 250, 4682, 28.56)",0.0
Amount_shipped,"(200, 4800, 572, 4680, 30.45)",0.0
Amount_shipped,"(200, 4800, 371, 4764, 52.72)",0.0
Amount_shipped,"(200, 4800, 312, 4747, 62.13)",0.0
Amount_shipped,"(200, 4800, 417, 4874, 76.13)",0.0
Amount_shipped,"(200, 4800, 350, 4738, 111.96)",0.0
Amount_shipped,"(200, 4800, 327, 4722, 125.89)",0.0
Amount_shipped,"(200, 4800, 555, 4937, 127.49)",0.0
Amount_shipped,"(200, 4800, 239, 4765, 151.68)",0.0
Amount_shipped,"(200, 4800, 558, 4583, 208.94)",0.0
Amount_shipped,"(200, 4800, 592, 4773, 272.69)",0.0
Amount_shipped,"(200, 4800, 303, 4682, 594.76)",0.0
Amount_shipped,"(200, 4800, 519, 4618, 758.82)",0.0
Amount_shipped,"(200, 4800, 190, 4740, 907.18)",0.0
Amount_shipped,"(200, 4800, 604, 4955, 907.45)",0.0
Amount_shipped,"(200, 4800, 334, 4799, 1285.48)",0.0
Amount_shipped,"(200, 4800, 402, 4762, 1356.12)",0.0
Amount_shipped,"(200, 4820, 604, 4556, 10.77)",0.0
Amount_shipped,"(200, 4820, 545, 4715, 11.01)",0.0
Amount_shipped,"(200, 4820, 598, 4885, 11.15)",0.0
Amount_shipped,"(200, 4820, 622, 4729, 11.5)",0.0
Amount_shipped,"(200, 4820, 136, 4692, 11.61)",0.0
Amount_shipped,"(200, 4820, 494, 4926, 11.95)",0.0
Amount_shipped,"(200, 4820, 627, 4796, 12.52)",0.0
Amount_shipped,"(200, 4820, 604, 4624, 12.57)",0.0
Amount_shipped,"(200, 4820, 497, 4720, 12.7)",0.0
Amount_shipped,"(200, 4820, 503, 4807, 16.06)",0.0
Amount_shipped,"(200, 4820, 612, 4678, 16.32)",0.0
Amount_shipped,"(200, 4820, 345, 4695, 23.25)",0.0
Amount_shipped,"(200, 4820, 696, 4535, 23.59)",0.0
Amount_shipped,"(200, 4820, 250, 4682, 28.56)",0.0
Amount_shipped,"(200, 4820, 572, 4680, 30.45)",0.0
Amount_shipped,"(200, 4820, 371, 4764, 52.72)",0.0
Amount_shipped,"(200, 4820, 312, 4747, 62.13)",0.0
Amount_shipped,"(200, 4820, 417, 4874, 76.13)",0.0
Amount_shipped,"(200, 4820, 350, 4738, 111.96)",0.0
Amount_shipped,"(200, 4820, 327, 4722, 125.89)",0.0
Amount_shipped,"(200, 4820, 555, 4937, 127.49)",0.0
Amount_shipped,"(200, 4820, 239, 4765, 151.68)",0.0
Amount_shipped,"(200, 4820, 558, 4583, 208.94)",0.0
Amount_shipped,"(200, 4820, 592, 4773, 272.69)",0.0
Amount_shipped,"(200, 4820, 303, 4682, 594.76)",0.0
Amount_shipped,"(200, 4820, 519, 4618, 758.82)",0.0
Amount_shipped,"(200, 4820, 190, 4740, 907.18)",0.0
Amount_shipped,"(200, 4820, 604, 4955, 907.45)",0.0
Amount_shipped,"(200, 4820, 334, 4799, 1285.48)",0.0
Amount_shipped,"(200, 4820, 402, 4762, 1356.12)",0.0
Amount_shipped,"(200, 4840, 604, 4556, 10.77)",0.0
Amount_shipped,"(200, 4840, 545, 4715, 11.01)",0.0
Amount_shipped,"(200, 4840, 598, 4885, 11.15)",0.0
Amount_shipped,"(200, 4840, 622, 4729, 11.5)",0.0
Amount_shipped,"(200, 4840, 136, 4692, 11.61)",0.0
Amount_shipped,"(200, 4840, 494, 4926, 11.95)",0.0
Amount_shipped,"(200, 4840, 627, 4796, 12.52)",0.0
Amount_shipped,"(200, 4840, 604, 4624, 12.57)",0.0
Amount_shipped,"(200, 4840, 497, 4720, 12.7)",0.0
Amount_shipped,"(200, 4840, 503, 4807, 16.06)",0.0
Amount_shipped,"(200, 4840, 612, 4678, 16.32)",0.0
Amount_shipped,"(200, 4840, 345, 4695, 23.25)",0.0
Amount_shipped,"(200, 4840, 696, 4535, 23.59)",0.0
Amount_shipped,"(200, 4840, 250, 4682, 28.56)",0.0
Amount_shipped,"(200, 4840, 572, 4680, 30.45)",0.0
Amount_shipped,"(200, 4840, 371, 4764, 52.72)",0.0
Amount_shipped,"(200, 4840, 312, 4747, 62.13)",0.0
Amount_shipped,"(200, 4840, 417, 4874, 76.13)",0.0
Amount_shipped,"(200, 4840, 350, 4738, 111.96)",0.0
Amount_shipped,"(200, 4840, 327, 4722, 125.89)",0.0
Amount_shipped,"(200, 4840, 555, 4937, 127.49)",0.0
Amount_shipped,"(200, 4840, 239, 4765, 151.68)",0.0
Amount_shipped,"(200, 4840, 558, 4583, 208.94)",0.0
Amount_shipped,"(200, 4840, 592, 4773, 272.69)",0.0
Amount_shipped,"(200, 4840, 303, 4682, 594.76)",0.0
Amount_shipped,"(200, 4840, 519, 4618, 758.82)",0.0
Amount_shipped,"(200, 4840, 190, 4740, 907.18)",0.0
Amount_shipped,"(200, 4840, 604, 4955, 907.45)",0.0
Amount_shipped,"(200, 4840, 334, 4799, 1285.48)",0.0
Amount_shipped,"(200, 4840, 402, 4762, 1356.12)",0.0
Amount_shipped,"(200, 4860, 604, 4556, 10.77)",0.0
Amount_shipped,"(200, 4860, 545, 4715, 11.01)",0.0
Amount_shipped,"(200, 4860, 598, 4885, 11.15)",0.0
Amount_shipped,"(200, 4860, 622, 4729, 11.5)",0.0
Amount_shipped,"(200, 4860, 136, 4692, 11.61)",0.0
Amount_shipped,"(200, 4860, 494, 4926, 11.95)",0.0
Amount_shipped,"(200, 4860, 627, 4796, 12.52)",0.0
Amount_shipped,"(200, 4860, 604, 4624, 12.57)",0.0
Amount_shipped,"(200, 4860, 497, 4720, 12.7)",0.0
Amount_shipped,"(200, 4860, 503, 4807, 16.06)",0.0
Amount_shipped,"(200, 4860, 612, 4678, 16.32)",0.0
Amount_shipped,"(200, 4860, 345, 4695, 23.25)",0.0
Amount_shipped,"(200, 4860, 696, 4535, 23.59)",0.0
Amount_shipped,"(200, 4860, 250, 4682, 28.56)",0.0
Amount_shipped,"(200, 4860, 572, 4680, 30.45)",0.0
Amount_shipped,"(200, 4860, 371, 4764, 52.72)",0.0
Amount_shipped,"(200, 4860, 312, 4747, 62.13)",0.0
Amount_shipped,"(200, 4860, 417, 4874, 76.13)",0.0
Amount_shipped,"(200, 4860, 350, 4738, 111.96)",0.0
Amount_shipped,"(200, 4860, 327, 4722, 125.89)",0.0
Amount_shipped,"(200, 4860, 555, 4937, 127.49)",0.0
Amount_shipped,"(200, 4860, 239, 4765, 151.68)",0.0
Amount_shipped,"(200, 4860, 558, 4583, 208.94)",0.0
Amount_shipped,"(200, 4860, 592, 4773, 272.69)",0.0
Amount_shipped,"(200, 4860, 303, 4682, 594.76)",0.0
Amount_shipped,"(200, 4860, 519, 4618, 758.82)",0.0
Amount_shipped,"(200, 4860, 190, 4740, 907.18)",0.0
Amount_shipped,"(200, 4860, 604, 4955, 907.45)",0.0
Amount_shipped,"(200, 4860, 334, 4799, 1285.48)",0.0
Amount_shipped,"(200, 4860, 402, 4762, 1356.12)",0.0
Amount_shipped,"(200, 4880, 604, 4556, 10.77)",0.0
Amount_shipped,"(200, 4880, 545, 4715, 11.01)",0.0
Amount_shipped,"(200, 4880, 598, 4885, 11.15)",0.0
Amount_shipped,"(200, 4880, 622, 4729, 11.5)",0.0
Amount_shipped,"(200, 4880, 136, 4692, 11.61)",0.0
Amount_shipped,"(200, 4880, 494, 4926, 11.95)",0.0
Amount_shipped,"(200, 4880, 627, 4796, 12.52)",0.0
Amount_shipped,"(200, 4880, 604, 4624, 12.57)",0.0
Amount_shipped,"(200, 4880, 497, 4720, 12.7)",0.0
Amount_shipped,"(200, 4880, 503, 4807, 16.06)",0.0
Amount_shipped,"(200, 4880, 612, 4678, 16.32)",0.0
Amount_shipped,"(200, 4880, 345, 4695, 23.25)",0.0
Amount_shipped,"(200, 4880, 696, 4535, 23.59)",0.0
Amount_shipped,"(200, 4880, 250, 4682, 28.56)",0.0
Amount_shipped,"(200, 4880, 572, 4680, 30.45)",0.0
Amount_shipped,"(200, 4880, 371, 4764, 52.72)",0.0
Amount_shipped,"(200, 4880, 312, 4747, 62.13)",0.0
Amount_shipped,"(200, 4880, 417, 4874, 76.13)",0.0
Amount_shipped,"(200, 4880, 350, 4738, 111.96)",0.0
Amount_shipped,"(200, 4880, 327, 4722, 125.89)",0.0
Amount_shipped,"(200, 4880, 555, 4937, 127.49)",0.0
Amount_shipped,"(200, 4880, 239, 4765, 151.68)",0.0
Amount_shipped,"(200, 4880, 558, 4583, 208.94)",0.0
Amount_shipped,"(200, 4880, 592, 4773, 272.69)",0.0
Amount_shipped,"(200, 4880, 303, 4682, 594.76)",0.0
Amount_shipped,"(200, 4880, 519, 4618, 758.82)",0.0
Amount_shipped,"(200, 4880, 190, 4740, 907.18)",0.0
Amount_shipped,"(200, 4880, 604, 4955, 907.45)",0.0
Amount_shipped,"(200, 4880, 334, 4799, 1285.48)",0.0
Amount_shipped,"(200, 4880, 402, 4762, 1356.12)",0.0
Amount_shipped,"(200, 4900, 604, 4556, 10.77)",0.0
Amount_shipped,"(200, 4900, 545, 4715, 11.01)",0.0
Amount_shipped,"(200, 4900, 598, 4885, 11.15)",0.0
Amount_shipped,"(200, 4900, 622, 4729, 11.5)",0.0
Amount_shipped,"(200, 4900, 136, 4692, 11.61)",0.0
Amount_shipped,"(200, 4900, 494, 4926, 11.95)",0.0
Amount_shipped,"(200, 4900, 627, 4796, 12.52)",0.0
Amount_shipped,"(200, 4900, 604, 4624, 12.57)",0.0
Amount_shipped,"(200, 4900, 497, 4720, 12.7)",0.0
Amount_shipped,"(200, 4900, 503, 4807, 16.06)",0.0
Amount_shipped,"(200, 4900, 612, 4678, 16.32)",0.0
Amount_shipped,"(200, 4900, 345, 4695, 23.25)",0.0
Amount_shipped,"(200, 4900, 696, 4535, 23.59)",0.0
Amount_shipped,"(200, 4900, 250, 4682, 28.56)",0.0
Amount_shipped,"(200, 4900, 572, 4680, 30.45)",0.0
Amount_shipped,"(200, 4900, 371, 4764, 52.72)",0.0
Amount_shipped,"(200, 4900, 312, 4747, 62.13)",0.0
Amount_shipped,"(200, 4900, 417, 4874, 76.13)",0.0
Amount_shipped,"(200, 4900, 350, 4738, 111.96)",0.0
Amount_shipped,"(200, 4900, 327, 4722, 125.89)",0.0
Amount_shipped,"(200, 4900, 555, 4937, 127.49)",0.0
Amount_shipped,"(200, 4900, 239, 4765, 151.68)",0.0
Amount_shipped,"(200, 4900, 558, 4583, 208.94)",0.0
Amount_shipped,"(200, 4900, 592, 4773, 272.69)",0.0
Amount_shipped,"(200, 4900, 303, 4682, 594.76)",0.0
Amount_shipped,"(200, 4900, 519, 4618, 758.82)",0.0
Amount_shipped,"(200, 4900, 190, 4740, 907.18)",0.0
Amount_shipped,"(200, 4900, 604, 4955, 907.45)",0.0
Amount_shipped,"(200, 4900, 334, 4799, 1285.48)",0.0
Amount_shipped,"(200, 4900, 402, 4762, 1356.12)",0.0
Amount_shipped,"(200, 4920, 604, 4556, 10.77)",0.0
Amount_shipped,"(200, 4920, 545, 4715, 11.01)",0.0
Amount_shipped,"(200, 4920, 598, 4885, 11.15)",0.0
Amount_shipped,"(200, 4920, 622, 4729, 11.5)",0.0
Amount_shipped,"(200, 4920, 136, 4692, 11.61)",0.0
Amount_shipped,"(200, 4920, 494, 4926, 11.95)",0.0
Amount_shipped,"(200, 4920, 627, 4796, 12.52)",0.0
Amount_shipped,"(200, 4920, 604, 4624, 12.57)",0.0
Amount_shipped,"(200, 4920, 497, 4720, 12.7)",0.0
Amount_shipped,"(200, 4920, 503, 4807, 16.06)",0.0
Amount_shipped,"(200, 4920, 612, 4678, 16.32)",0.0
Amount_shipped,"(200, 4920, 345, 4695, 23.25)",0.0
Amount_shipped,"(200, 4920, 696, 4535, 23.59)",0.0
Amount_shipped,"(200, 4920, 250, 4682, 28.56)",0.0
Amount_shipped,"(200, 4920, 572, 4680, 30.45)",0.0
Amount_shipped,"(200, 4920, 371, 4764, 52.72)",0.0
Amount_shipped,"(200, 4920, 312, 4747, 62.13)",0.0
Amount_shipped,"(200, 4920, 417, 4874, 76.13)",0.0
Amount_shipped,"(200, 4920, 350, 4738, 111.96)",0.0
Amount_shipped,"(200, 4920, 327, 4722, 125.89)",0.0
Amount_shipped,"(200, 4920, 555, 4937, 127.49)",0.0
Amount_shipped,"(200, 4920, 239, 4765, 151.68)",0.0
Amount_shipped,"(200, 4920, 558, 4583, 208.94)",0.0
Amount_shipped,"(200, 4920, 592, 4773, 272.69)",0.0
Amount_shipped,"(200, 4920, 303, 4682, 594.76)",0.0
Amount_shipped,"(200, 4920, 519, 4618, 758.82)",0.0
Amount_shipped,"(200, 4920, 190, 4740, 907.18)",0.0
Amount_shipped,"(200, 4920, 604, 4955, 907.45)",0.0
Amount_shipped,"(200, 4920, 334, 4799, 1285.48)",0.0
Amount_shipped,"(200, 4920, 402, 4762, 1356.12)",0.0
Amount_shipped,"(200, 4940, 604, 4556, 10.77)",0.0
Amount_shipped,"(200, 4940, 545, 4715, 11.01)",0.0
Amount_shipped,"(200, 4940, 598, 4885, 11.15)",0.0
Amount_shipped,"(200, 4940, 622, 4729, 11.5)",0.0
Amount_shipped,"(200, 4940, 136, 4692, 11.61)",0.0
Amount_shipped,"(200, 4940, 494, 4926, 11.95)",0.0
Amount_shipped,"(200, 4940, 627, 4796, 12.52)",0.0
Amount_shipped,"(200, 4940, 604, 4624, 12.57)",0.0
Amount_shipped,"(200, 4940, 497, 4720, 12.7)",0.0
Amount_shipped,"(200, 4940, 503, 4807, 16.06)",0.0
Amount_shipped,"(200, 4940, 612, 4678, 16.32)",0.0
Amount_shipped,"(200, 4940, 345, 4695, 23.25)",0.0
Amount_shipped,"(200, 4940, 696, 4535, 23.59)",0.0
Amount_shipped,"(200, 4940, 250, 4682, 28.56)",0.0
Amount_shipped,"(200, 4940, 572, 4680, 30.45)",0.0
Amount_shipped,"(200, 4940, 371, 4764, 52.72)",0.0
Amount_shipped,"(200, 4940, 312, 4747, 62.13)",0.0
Amount_shipped,"(200, 4940, 417, 4874, 76.13)",0.0
Amount_shipped,"(200, 4940, 350, 4738, 111.96)",0.0
Amount_shipped,"(200, 4940, 327, 4722, 125.89)",0.0
Amount_shipped,"(200, 4940, 555, 4937, 127.49)",0.0
Amount_shipped,"(200, 4940, 239, 4765, 151.68)",0.0
Amount_shipped,"(200, 4940, 558, 4583, 208.94)",0.0
Amount_shipped,"(200, 4940, 592, 4773, 272.69)",0.0
Amount_shipped,"(200, 4940, 303, 4682, 594.76)",0.0
Amount_shipped,"(200, 4940, 519, 4618, 758.82)",0.0
Amount_shipped,"(200, 4940, 190, 4740, 907.18)",0.0
Amount_shipped,"(200, 4940, 604, 4955, 907.45)",0.0
Amount_shipped,"(200, 4940, 334, 4799, 1285.48)",0.0
Amount_shipped,"(200, 4940, 402, 4762, 1356.12)",0.0
Amount_shipped,"(200, 4960, 604, 4556, 10.77)",0.0
Amount_shipped,"(200, 4960, 545, 4715, 11.01)",0.0
Amount_shipped,"(200, 4960, 598, 4885, 11.15)",0.0
Amount_shipped,"(200, 4960, 622, 4729, 11.5)",0.0
Amount_shipped,"(200, 4960, 136, 4692, 11.61)",0.0
Amount_shipped,"(200, 4960, 494, 4926, 11.95)",0.0
Amount_shipped,"(200, 4960, 627, 4796, 12.52)",0.0
Amount_shipped,"(200, 4960, 604, 4624, 12.57)",0.0
Amount_shipped,"(200, 4960, 497, 4720, 12.7)",0.0
Amount_shipped,"(200, 4960, 503, 4807, 16.06)",0.0
Amount_shipped,"(200, 4960, 612, 4678, 16.32)",0.0
Amount_shipped,"(200, 4960, 345, 4695, 23.25)",0.0
Amount_shipped,"(200, 4960, 696, 4535, 23.59)",0.0
Amount_shipped,"(200, 4960, 250, 4682, 28.56)",0.0
Amount_shipped,"(200, 4960, 572, 4680, 30.45)",0.0
Amount_shipped,"(200, 4960, 371, 4764, 52.72)",0.0
Amount_shipped,"(200, 4960, 312, 4747, 62.13)",0.0
Amount_shipped,"(200, 4960, 417, 4874, 76.13)",0.0
Amount_shipped,"(200, 4960, 350, 4738, 111.96)",0.0
Amount_shipped,"(200, 4960, 327, 4722, 125.89)",0.0
Amount_shipped,"(200, 4960, 555, 4937, 127.49)",0.0
Amount_shipped,"(200, 4960, 239, 4765, 151.68)",0.0
Amount_shipped,"(200, 4960, 558, 4583, 208.94)",0.0
Amount_shipped,"(200, 4960, 592, 4773, 272.69)",0.0
Amount_shipped,"(200, 4960, 303, 4682, 594.76)",0.0
Amount_shipped,"(200, 4960, 519, 4618, 758.82)",0.0
Amount_shipped,"(200, 4960, 190, 4740, 907.18)",0.0
Amount_shipped,"(200, 4960, 604, 4955, 907.45)",0.0
Amount_shipped,"(200, 4960, 334, 4799, 1285.48)",0.0
Amount_shipped,"(200, 4960, 402, 4762, 1356.12)",0.0
Amount_shipped,"(200, 4980, 604, 4556, 10.77)",0.0
Amount_shipped,"(200, 4980, 545, 4715, 11.01)",0.0
Amount_shipped,"(200, 4980, 598, 4885, 11.15)",0.0
Amount_shipped,"(200, 4980, 622, 4729, 11.5)",0.0
Amount_shipped,"(200, 4980, 136, 4692, 11.61)",0.0
Amount_shipped,"(200, 4980, 494, 4926, 11.95)",0.0
Amount_shipped,"(200, 4980, 627, 4796, 12.52)",0.0
Amount_shipped,"(200, 4980, 604, 4624, 12.57)",0.0
Amount_shipped,"(200, 4980, 497, 4720, 12.7)",0.0
Amount_shipped,"(200, 4980, 503, 4807, 16.06)",0.0
Amount_shipped,"(200, 4980, 612, 4678, 16.32)",0.0
Amount_shipped,"(200, 4980, 345, 4695, 23.25)",0.0
Amount_shipped,"(200, 4980, 696, 4535, 23.59)",0.0
Amount_shipped,"(200, 4980, 250, 4682, 28.56)",0.0
Amount_shipped,"(200, 4980, 572, 4680, 30.45)",0.0
Amount_shipped,"(200, 4980, 371, 4764, 52.72)",0.0
Amount_shipped,"(200, 4980, 312, 4747, 62.13)",0.0
Amount_shipped,"(200, 4980, 417, 4874, 76.13)",0.0
Amount_shipped,"(200, 4980, 350, 4738, 111.96)",0.0
Amount_shipped,"(200, 4980, 327, 4722, 125.89)",0.0
Amount_shipped,"(200, 4980, 555, 4937, 127.49)",0.0
Amount_shipped,"(200, 4980, 239, 4765, 151.68)",0.0
Amount_shipped,"(200, 4980, 558, 4583, 208.94)",0.0
Amount_shipped,"(200, 4980, 592, 4773, 272.69)",0.0
Amount_shipped,"(200, 4980, 303, 4682, 594.76)",0.0
Amount_shipped,"(200, 4980, 519, 4618, 758.82)",0.0
Amount_shipped,"(200, 4980, 190, 4740, 907.18)",0.0
Amount_shipped,"(200, 4980, 604, 4955, 907.45)",0.0
Amount_shipped,"(200, 4980, 334, 4799, 1285.48)",0.0
Amount_shipped,"(200, 4980, 402, 4762, 1356.12)",0.0
Amount_shipped,"(220, 4440, 604, 4556, 10.77)",0.0
Amount_shipped,"(220, 4440, 545, 4715, 11.01)",0.0
Amount_shipped,"(220, 4440, 598, 4885, 11.15)",0.0
Amount_shipped,"(220, 4440, 622, 4729, 11.5)",0.0
Amount_shipped,"(220, 4440, 136, 4692, 11.61)",0.0
Amount_shipped,"(220, 4440, 494, 4926, 11.95)",0.0
Amount_shipped,"(220, 4440, 627, 4796, 12.52)",0.0
Amount_shipped,"(220, 4440, 604, 4624, 12.57)",0.0
Amount_shipped,"(220, 4440, 497, 4720, 12.7)",0.0
Amount_shipped,"(220, 4440, 503, 4807, 16.06)",0.0
Amount_shipped,"(220, 4440, 612, 4678, 16.32)",0.0
Amount_shipped,"(220, 4440, 345, 4695, 23.25)",0.0
Amount_shipped,"(220, 4440, 696, 4535, 23.59)",0.0
Amount_shipped,"(220, 4440, 250, 4682, 28.56)",0.0
Amount_shipped,"(220, 4440, 572, 4680, 30.45)",0.0
Amount_shipped,"(220, 4440, 371, 4764, 52.72)",0.0
Amount_shipped,"(220, 4440, 312, 4747, 62.13)",0.0
Amount_shipped,"(220, 4440, 417, 4874, 76.13)",0.0
Amount_shipped,"(220, 4440, 350, 4738, 111.96)",0.0
Amount_shipped,"(220, 4440, 327, 4722, 125.89)",0.0
Amount_shipped,"(220, 4440, 555, 4937, 127.49)",0.0
Amount_shipped,"(220, 4440, 239, 4765, 151.68)",0.0
Amount_shipped,"(220, 4440, 558, 4583, 208.94)",0.0
Amount_shipped,"(220, 4440, 592, 4773, 272.69)",0.0
Amount_shipped,"(220, 4440, 303, 4682, 594.76)",0.0
Amount_shipped,"(220, 4440, 519, 4618, 758.82)",0.0
Amount_shipped,"(220, 4440, 190, 4740, 907.18)",0.0
Amount_shipped,"(220, 4440, 604, 4955, 907.45)",0.0
Amount_shipped,"(220, 4440, 334, 4799, 1285.48)",0.0
Amount_shipped,"(220, 4440, 402, 4762, 1356.12)",0.0
Amount_shipped,"(220, 4460, 604, 4556, 10.77)",0.0
Amount_shipped,"(220, 4460, 545, 4715, 11.01)",0.0
Amount_shipped,"(220, 4460, 598, 4885, 11.15)",0.0
Amount_shipped,"(220, 4460, 622, 4729, 11.5)",0.0
Amount_shipped,"(220, 4460, 136, 4692, 11.61)",0.0
Amount_shipped,"(220, 4460, 494, 4926, 11.95)",0.0
Amount_shipped,"(220, 4460, 627, 4796, 12.52)",0.0
Amount_shipped,"(220, 4460, 604, 4624, 12.57)",0.0
Amount_shipped,"(220, 4460, 497, 4720, 12.7)",0.0
Amount_shipped,"(220, 4460, 503, 4807, 16.06)",0.0
Amount_shipped,"(220, 4460, 612, 4678, 16.32)",0.0
Amount_shipped,"(220, 4460, 345, 4695, 23.25)",0.0
Amount_shipped,"(220, 4460, 696, 4535, 23.59)",0.0
Amount_shipped,"(220, 4460, 250, 4682, 28.56)",0.0
Amount_shipped,"(220, 4460, 572, 4680, 30.45)",0.0
Amount_shipped,"(220, 4460, 371, 4764, 52.72)",0.0
Amount_shipped,"(220, 4460, 312, 4747, 62.13)",0.0
Amount_shipped,"(220, 4460, 417, 4874, 76.13)",0.0
Amount_shipped,"(220, 4460, 350, 4738, 111.96)",0.0
Amount_shipped,"(220, 4460, 327, 4722, 125.89)",0.0
Amount_shipped,"(220, 4460, 555, 4937, 127.49)",0.0
Amount_shipped,"(220, 4460, 239, 4765, 151.68)",0.0
Amount_shipped,"(220, 4460, 558, 4583, 208.94)",0.0
Amount_shipped,"(220, 4460, 592, 4773, 272.69)",0.0
Amount_shipped,"(220, 4460, 303, 4682, 594.76)",0.0
Amount_shipped,"(220, 4460, 519, 4618, 758.82)",0.0
Amount_shipped,"(220, 4460, 190, 4740, 907.18)",0.0
Amount_shipped,"(220, 4460, 604, 4955, 907.45)",0.0
Amount_shipped,"(220, 4460, 334, 4799, 1285.48)",0.0
Amount_shipped,"(220, 4460, 402, 4762, 1356.12)",0.0
Amount_shipped,"(220, 4480, 604, 4556, 10.77)",0.0
Amount_shipped,"(220, 4480, 545, 4715, 11.01)",0.0
Amount_shipped,"(220, 4480, 598, 4885, 11.15)",0.0
Amount_shipped,"(220, 4480, 622, 4729, 11.5)",0.0
Amount_shipped,"(220, 4480, 136, 4692, 11.61)",0.0
Amount_shipped,"(220, 4480, 494, 4926, 11.95)",0.0
Amount_shipped,"(220, 4480, 627, 4796, 12.52)",0.0
Amount_shipped,"(220, 4480, 604, 4624, 12.57)",0.0
Amount_shipped,"(220, 4480, 497, 4720, 12.7)",0.0
Amount_shipped,"(220, 4480, 503, 4807, 16.06)",0.0
Amount_shipped,"(220, 4480, 612, 4678, 16.32)",0.0
Amount_shipped,"(220, 4480, 345, 4695, 23.25)",0.0
Amount_shipped,"(220, 4480, 696, 4535, 23.59)",0.0
Amount_shipped,"(220, 4480, 250, 4682, 28.56)",0.0
Amount_shipped,"(220, 4480, 572, 4680, 30.45)",0.0
Amount_shipped,"(220, 4480, 371, 4764, 52.72)",0.0
Amount_shipped,"(220, 4480, 312, 4747, 62.13)",0.0
Amount_shipped,"(220, 4480, 417, 4874, 76.13)",0.0
Amount_shipped,"(220, 4480, 350, 4738, 111.96)",0.0
Amount_shipped,"(220, 4480, 327, 4722, 125.89)",0.0
Amount_shipped,"(220, 4480, 555, 4937, 127.49)",0.0
Amount_shipped,"(220, 4480, 239, 4765, 151.68)",0.0
Amount_shipped,"(220, 4480, 558, 4583, 208.94)",0.0
Amount_shipped,"(220, 4480, 592, 4773, 272.69)",0.0
Amount_shipped,"(220, 4480, 303, 4682, 594.76)",0.0
Amount_shipped,"(220, 4480, 519, 4618, 758.82)",0.0
Amount_shipped,"(220, 4480, 190, 4740, 907.18)",0.0
Amount_shipped,"(220, 4480, 604, 4955, 907.45)",0.0
Amount_shipped,"(220, 4480, 334, 4799, 1285.48)",0.0
Amount_shipped,"(220, 4480, 402, 4762, 1356.12)",0.0
Amount_shipped,"(220, 4500, 604, 4556, 10.77)",0.0
Amount_shipped,"(220, 4500, 545, 4715, 11.01)",0.0
Amount_shipped,"(220, 4500, 598, 4885, 11.15)",0.0
Amount_shipped,"(220, 4500, 622, 4729, 11.5)",0.0
Amount_shipped,"(220, 4500, 136, 4692, 11.61)",0.0
Amount_shipped,"(220, 4500, 494, 4926, 11.95)",0.0
Amount_shipped,"(220, 4500, 627, 4796, 12.52)",0.0
Amount_shipped,"(220, 4500, 604, 4624, 12.57)",0.0
Amount_shipped,"(220, 4500, 497, 4720, 12.7)",0.0
Amount_shipped,"(220, 4500, 503, 4807, 16.06)",0.0
Amount_shipped,"(220, 4500, 612, 4678, 16.32)",0.0
Amount_shipped,"(220, 4500, 345, 4695, 23.25)",0.0
Amount_shipped,"(220, 4500, 696, 4535, 23.59)",0.0
Amount_shipped,"(220, 4500, 250, 4682, 28.56)",0.0
Amount_shipped,"(220, 4500, 572, 4680, 30.45)",0.0
Amount_shipped,"(220, 4500, 371, 4764, 52.72)",0.0
Amount_shipped,"(220, 4500, 312, 4747, 62.13)",0.0
Amount_shipped,"(220, 4500, 417, 4874, 76.13)",0.0
Amount_shipped,"(220, 4500, 350, 4738, 111.96)",0.0
Amount_shipped,"(220, 4500, 327, 4722, 125.89)",0.0
Amount_shipped,"(220, 4500, 555, 4937, 127.49)",0.0
Amount_shipped,"(220, 4500, 239, 4765, 151.68)",0.0
Amount_shipped,"(220, 4500, 558, 4583, 208.94)",0.0
Amount_shipped,"(220, 4500, 592, 4773, 272.69)",0.0
Amount_shipped,"(220, 4500, 303, 4682, 594.76)",0.0
Amount_shipped,"(220, 4500, 519, 4618, 758.82)",0.0
Amount_shipped,"(220, 4500, 190, 4740, 907.18)",0.0
Amount_shipped,"(220, 4500, 604, 4955, 907.45)",0.0
Amount_shipped,"(220, 4500, 334, 4799, 1285.48)",0.0
Amount_shipped,"(220, 4500, 402, 4762, 1356.12)",0.0
Amount_shipped,"(220, 4520, 604, 4556, 10.77)",0.0
Amount_shipped,"(220, 4520, 545, 4715, 11.01)",0.0
Amount_shipped,"(220, 4520, 598, 4885, 11.15)",0.0
Amount_shipped,"(220, 4520, 622, 4729, 11.5)",0.0
Amount_shipped,"(220, 4520, 136, 4692, 11.61)",0.0
Amount_shipped,"(220, 4520, 494, 4926, 11.95)",0.0
Amount_shipped,"(220, 4520, 627, 4796, 12.52)",0.0
Amount_shipped,"(220, 4520, 604, 4624, 12.57)",0.0
Amount_shipped,"(220, 4520, 497, 4720, 12.7)",0.0
Amount_shipped,"(220, 4520, 503, 4807, 16.06)",0.0
Amount_shipped,"(220, 4520, 612, 4678, 16.32)",0.0
Amount_shipped,"(220, 4520, 345, 4695, 23.25)",0.0
Amount_shipped,"(220, 4520, 696, 4535, 23.59)",0.0
Amount_shipped,"(220, 4520, 250, 4682, 28.56)",0.0
Amount_shipped,"(220, 4520, 572, 4680, 30.45)",0.0
Amount_shipped,"(220, 4520, 371, 4764, 52.72)",0.0
Amount_shipped,"(220, 4520, 312, 4747, 62.13)",0.0
Amount_shipped,"(220, 4520, 417, 4874, 76.13)",0.0
Amount_shipped,"(220, 4520, 350, 4738, 111.96)",0.0
Amount_shipped,"(220, 4520, 327, 4722, 125.89)",0.0
Amount_shipped,"(220, 4520, 555, 4937, 127.49)",0.0
Amount_shipped,"(220, 4520, 239, 4765, 151.68)",0.0
Amount_shipped,"(220, 4520, 558, 4583, 208.94)",0.0
Amount_shipped,"(220, 4520, 592, 4773, 272.69)",0.0
Amount_shipped,"(220, 4520, 303, 4682, 594.76)",0.0
Amount_shipped,"(220, 4520, 519, 4618, 758.82)",0.0
Amount_shipped,"(220, 4520, 190, 4740, 907.18)",0.0
Amount_shipped,"(220, 4520, 604, 4955, 907.45)",0.0
Amount_shipped,"(220, 4520, 334, 4799, 1285.48)",0.0
Amount_shipped,"(220, 4520, 402, 4762, 1356.12)",0.0
Amount_shipped,"(220, 4540, 604, 4556, 10.77)",0.0
Amount_shipped,"(220, 4540, 545, 4715, 11.01)",0.0
Amount_shipped,"(220, 4540, 598, 4885, 11.15)",0.0
Amount_shipped,"(220, 4540, 622, 4729, 11.5)",0.0
Amount_shipped,"(220, 4540, 136, 4692, 11.61)",0.0
Amount_shipped,"(220, 4540, 494, 4926, 11.95)",0.0
Amount_shipped,"(220, 4540, 627, 4796, 12.52)",0.0
Amount_shipped,"(220, 4540, 604, 4624, 12.57)",0.0
Amount_shipped,"(220, 4540, 497, 4720, 12.7)",0.0
Amount_shipped,"(220, 4540, 503, 4807, 16.06)",0.0
Amount_shipped,"(220, 4540, 612, 4678, 16.32)",0.0
Amount_shipped,"(220, 4540, 345, 4695, 23.25)",0.0
Amount_shipped,"(220, 4540, 696, 4535, 23.59)",0.0
Amount_shipped,"(220, 4540, 250, 4682, 28.56)",0.0
Amount_shipped,"(220, 4540, 572, 4680, 30.45)",0.0
Amount_shipped,"(220, 4540, 371, 4764, 52.72)",0.0
Amount_shipped,"(220, 4540, 312, 4747, 62.13)",0.0
Amount_shipped,"(220, 4540, 417, 4874, 76.13)",0.0
Amount_shipped,"(220, 4540, 350, 4738, 111.96)",0.0
Amount_shipped,"(220, 4540, 327, 4722, 125.89)",0.0
Amount_shipped,"(220, 4540, 555, 4937, 127.49)",0.0
Amount_shipped,"(220, 4540, 239, 4765, 151.68)",0.0
Amount_shipped,"(220, 4540, 558, 4583, 208.94)",0.0
Amount_shipped,"(220, 4540, 592, 4773, 272.69)",0.0
Amount_shipped,"(220, 4540, 303, 4682, 594.76)",0.0
Amount_shipped,"(220, 4540, 519, 4618, 758.82)",0.0
Amount_shipped,"(220, 4540, 190, 4740, 907.18)",0.0
Amount_shipped,"(220, 4540, 604, 4955, 907.45)",0.0
Amount_shipped,"(220, 4540, 334, 4799, 1285.48)",0.0
Amount_shipped,"(220, 4540, 402, 4762, 1356.12)",0.0
Amount_shipped,"(220, 4560, 604, 4556, 10.77)",0.0
Amount_shipped,"(220, 4560, 545, 4715, 11.01)",0.0
Amount_shipped,"(220, 4560, 598, 4885, 11.15)",0.0
Amount_shipped,"(220, 4560, 622, 4729, 11.5)",0.0
Amount_shipped,"(220, 4560, 136, 4692, 11.61)",0.0
Amount_shipped,"(220, 4560, 494, 4926, 11.95)",0.0
Amount_shipped,"(220, 4560, 627, 4796, 12.52)",0.0
Amount_shipped,"(220, 4560, 604, 4624, 12.57)",0.0
Amount_shipped,"(220, 4560, 497, 4720, 12.7)",0.0
Amount_shipped,"(220, 4560, 503, 4807, 16.06)",0.0
Amount_shipped,"(220, 4560, 612, 4678, 16.32)",0.0
Amount_shipped,"(220, 4560, 345, 4695, 23.25)",0.0
Amount_shipped,"(220, 4560, 696, 4535, 23.59)",0.0
Amount_shipped,"(220, 4560, 250, 4682, 28.56)",0.0
Amount_shipped,"(220, 4560, 572, 4680, 30.45)",0.0
Amount_shipped,"(220, 4560, 371, 4764, 52.72)",0.0
Amount_shipped,"(220, 4560, 312, 4747, 62.13)",0.0
Amount_shipped,"(220, 4560, 417, 4874, 76.13)",0.0
Amount_shipped,"(220, 4560, 350, 4738, 111.96)",0.0
Amount_shipped,"(220, 4560, 327, 4722, 125.89)",0.0
Amount_shipped,"(220, 4560, 555, 4937, 127.49)",0.0
Amount_shipped,"(220, 4560, 239, 4765, 151.68)",0.0
Amount_shipped,"(220, 4560, 558, 4583, 208.94)",0.0
Amount_shipped,"(220, 4560, 592, 4773, 272.69)",0.0
Amount_shipped,"(220, 4560, 303, 4682, 594.76)",0.0
Amount_shipped,"(220, 4560, 519, 4618, 758.82)",0.0
Amount_shipped,"(220, 4560, 190, 4740, 907.18)",0.0
Amount_shipped,"(220, 4560, 604, 4955, 907.45)",0.0
Amount_shipped,"(220, 4560, 334, 4799, 1285.48)",0.0
Amount_shipped,"(220, 4560, 402, 4762, 1356.12)",0.0
Amount_shipped,"(220, 4580, 604, 4556, 10.77)",0.0
Amount_shipped,"(220, 4580, 545, 4715, 11.01)",0.0
Amount_shipped,"(220, 4580, 598, 4885, 11.15)",0.0
Amount_shipped,"(220, 4580, 622, 4729, 11.5)",0.0
Amount_shipped,"(220, 4580, 136, 4692, 11.61)",0.0
Amount_shipped,"(220, 4580, 494, 4926, 11.95)",0.0
Amount_shipped,"(220, 4580, 627, 4796, 12.52)",0.0
Amount_shipped,"(220, 4580, 604, 4624, 12.57)",0.0
Amount_shipped,"(220, 4580, 497, 4720, 12.7)",0.0
Amount_shipped,"(220, 4580, 503, 4807, 16.06)",0.0
Amount_shipped,"(220, 4580, 612, 4678, 16.32)",0.0
Amount_shipped,"(220, 4580, 345, 4695, 23.25)",0.0
Amount_shipped,"(220, 4580, 696, 4535, 23.59)",0.0
Amount_shipped,"(220, 4580, 250, 4682, 28.56)",0.0
Amount_shipped,"(220, 4580, 572, 4680, 30.45)",0.0
Amount_shipped,"(220, 4580, 371, 4764, 52.72)",0.0
Amount_shipped,"(220, 4580, 312, 4747, 62.13)",0.0
Amount_shipped,"(220, 4580, 417, 4874, 76.13)",0.0
Amount_shipped,"(220, 4580, 350, 4738, 111.96)",0.0
Amount_shipped,"(220, 4580, 327, 4722, 125.89)",0.0
Amount_shipped,"(220, 4580, 555, 4937, 127.49)",0.0
Amount_shipped,"(220, 4580, 239, 4765, 151.68)",0.0
Amount_shipped,"(220, 4580, 558, 4583, 208.94)",0.0
Amount_shipped,"(220, 4580, 592, 4773, 272.69)",0.0
Amount_shipped,"(220, 4580, 303, 4682, 594.76)",0.0
Amount_shipped,"(220, 4580, 519, 4618, 758.82)",0.0
Amount_shipped,"(220, 4580, 190, 4740, 907.18)",0.0
Amount_shipped,"(220, 4580, 604, 4955, 907.45)",0.0
Amount_shipped,"(220, 4580, 334, 4799, 1285.48)",0.0
Amount_shipped,"(220, 4580, 402, 4762, 1356.12)",0.0
Amount_shipped,"(220, 4600, 604, 4556, 10.77)",0.0
Amount_shipped,"(220, 4600, 545, 4715, 11.01)",0.0
Amount_shipped,"(220, 4600, 598, 4885, 11.15)",0.0
Amount_shipped,"(220, 4600, 622, 4729, 11.5)",0.0
Amount_shipped,"(220, 4600, 136, 4692, 11.61)",0.0
Amount_shipped,"(220, 4600, 494, 4926, 11.95)",0.0
Amount_shipped,"(220, 4600, 627, 4796, 12.52)",0.0
Amount_shipped,"(220, 4600, 604, 4624, 12.57)",0.0
Amount_shipped,"(220, 4600, 497, 4720, 12.7)",0.0
Amount_shipped,"(220, 4600, 503, 4807, 16.06)",0.0
Amount_shipped,"(220, 4600, 612, 4678, 16.32)",0.0
Amount_shipped,"(220, 4600, 345, 4695, 23.25)",0.0
Amount_shipped,"(220, 4600, 696, 4535, 23.59)",0.0
Amount_shipped,"(220, 4600, 250, 4682, 28.56)",0.0
Amount_shipped,"(220, 4600, 572, 4680, 30.45)",0.0
Amount_shipped,"(220, 4600, 371, 4764, 52.72)",0.0
Amount_shipped,"(220, 4600, 312, 4747, 62.13)",0.0
Amount_shipped,"(220, 4600, 417, 4874, 76.13)",0.0
Amount_shipped,"(220, 4600, 350, 4738, 111.96)",0.0
Amount_shipped,"(220, 4600, 327, 4722, 125.89)",0.0
Amount_shipped,"(220, 4600, 555, 4937, 127.49)",0.0
Amount_shipped,"(220, 4600, 239, 4765, 151.68)",0.0
Amount_shipped,"(220, 4600, 558, 4583, 208.94)",0.0
Amount_shipped,"(220, 4600, 592, 4773, 272.69)",0.0
Amount_shipped,"(220, 4600, 303, 4682, 594.76)",0.0
Amount_shipped,"(220, 4600, 519, 4618, 758.82)",0.0
Amount_shipped,"(220, 4600, 190, 4740, 907.18)",0.0
Amount_shipped,"(220, 4600, 604, 4955, 907.45)",0.0
Amount_shipped,"(220, 4600, 334, 4799, 1285.48)",0.0
Amount_shipped,"(220, 4600, 402, 4762, 1356.12)",0.0
Amount_shipped,"(220, 4620, 604, 4556, 10.77)",0.0
Amount_shipped,"(220, 4620, 545, 4715, 11.01)",0.0
Amount_shipped,"(220, 4620, 598, 4885, 11.15)",0.0
Amount_shipped,"(220, 4620, 622, 4729, 11.5)",0.0
Amount_shipped,"(220, 4620, 136, 4692, 11.61)",0.0
Amount_shipped,"(220, 4620, 494, 4926, 11.95)",0.0
Amount_shipped,"(220, 4620, 627, 4796, 12.52)",0.0
Amount_shipped,"(220, 4620, 604, 4624, 12.57)",0.0
Amount_shipped,"(220, 4620, 497, 4720, 12.7)",0.0
Amount_shipped,"(220, 4620, 503, 4807, 16.06)",0.0
Amount_shipped,"(220, 4620, 612, 4678, 16.32)",0.0
Amount_shipped,"(220, 4620, 345, 4695, 23.25)",0.0
Amount_shipped,"(220, 4620, 696, 4535, 23.59)",0.0
Amount_shipped,"(220, 4620, 250, 4682, 28.56)",0.0
Amount_shipped,"(220, 4620, 572, 4680, 30.45)",0.0
Amount_shipped,"(220, 4620, 371, 4764, 52.72)",0.0
Amount_shipped,"(220, 4620, 312, 4747, 62.13)",0.0
Amount_shipped,"(220, 4620, 417, 4874, 76.13)",0.0
Amount_shipped,"(220, 4620, 350, 4738, 111.96)",0.0
Amount_shipped,"(220, 4620, 327, 4722, 125.89)",0.0
Amount_shipped,"(220, 4620, 555, 4937, 127.49)",0.0
Amount_shipped,"(220, 4620, 239, 4765, 151.68)",0.0
Amount_shipped,"(220, 4620, 558, 4583, 208.94)",0.0
Amount_shipped,"(220, 4620, 592, 4773, 272.69)",0.0
Amount_shipped,"(220, 4620, 303, 4682, 594.76)",0.0
Amount_shipped,"(220, 4620, 519, 4618, 758.82)",0.0
Amount_shipped,"(220, 4620, 190, 4740, 907.18)",0.0
Amount_shipped,"(220, 4620, 604, 4955, 907.45)",0.0
Amount_shipped,"(220, 4620, 334, 4799, 1285.48)",0.0
Amount_shipped,"(220, 4620, 402, 4762, 1356.12)",0.0
Amount_shipped,"(220, 4640, 604, 4556, 10.77)",0.0
Amount_shipped,"(220, 4640, 545, 4715, 11.01)",0.0
Amount_shipped,"(220, 4640, 598, 4885, 11.15)",0.0
Amount_shipped,"(220, 4640, 622, 4729, 11.5)",0.0
Amount_shipped,"(220, 4640, 136, 4692, 11.61)",0.0
Amount_shipped,"(220, 4640, 494, 4926, 11.95)",0.0
Amount_shipped,"(220, 4640, 627, 4796, 12.52)",0.0
Amount_shipped,"(220, 4640, 604, 4624, 12.57)",0.0
Amount_shipped,"(220, 4640, 497, 4720, 12.7)",0.0
Amount_shipped,"(220, 4640, 503, 4807, 16.06)",0.0
Amount_shipped,"(220, 4640, 612, 4678, 16.32)",0.0
Amount_shipped,"(220, 4640, 345, 4695, 23.25)",0.0
Amount_shipped,"(220, 4640, 696, 4535, 23.59)",0.0
Amount_shipped,"(220, 4640, 250, 4682, 28.56)",0.0
Amount_shipped,"(220, 4640, 572, 4680, 30.45)",0.0
Amount_shipped,"(220, 4640, 371, 4764, 52.72)",0.0
Amount_shipped,"(220, 4640, 312, 4747, 62.13)",0.0
Amount_shipped,"(220, 4640, 417, 4874, 76.13)",0.0
Amount_shipped,"(220, 4640, 350, 4738, 111.96)",0.0
Amount_shipped,"(220, 4640, 327, 4722, 125.89)",0.0
Amount_shipped,"(220, 4640, 555, 4937, 127.49)",0.0
Amount_shipped,"(220, 4640, 239, 4765, 151.68)",0.0
Amount_shipped,"(220, 4640, 558, 4583, 208.94)",0.0
Amount_shipped,"(220, 4640, 592, 4773, 272.69)",0.0
Amount_shipped,"(220, 4640, 303, 4682, 594.76)",0.0
Amount_shipped,"(220, 4640, 519, 4618, 758.82)",0.0
Amount_shipped,"(220, 4640, 190, 4740, 907.18)",0.0
Amount_shipped,"(220, 4640, 604, 4955, 907.45)",0.0
Amount_shipped,"(220, 4640, 334, 4799, 1285.48)",0.0
Amount_shipped,"(220, 4640, 402, 4762, 1356.12)",0.0
Amount_shipped,"(220, 4660, 604, 4556, 10.77)",0.0
Amount_shipped,"(220, 4660, 545, 4715, 11.01)",0.0
Amount_shipped,"(220, 4660, 598, 4885, 11.15)",0.0
Amount_shipped,"(220, 4660, 622, 4729, 11.5)",0.0
Amount_shipped,"(220, 4660, 136, 4692, 11.61)",0.0
Amount_shipped,"(220, 4660, 494, 4926, 11.95)",0.0
Amount_shipped,"(220, 4660, 627, 4796, 12.52)",0.0
Amount_shipped,"(220, 4660, 604, 4624, 12.57)",0.0
Amount_shipped,"(220, 4660, 497, 4720, 12.7)",0.0
Amount_shipped,"(220, 4660, 503, 4807, 16.06)",0.0
Amount_shipped,"(220, 4660, 612, 4678, 16.32)",0.0
Amount_shipped,"(220, 4660, 345, 4695, 23.25)",0.0
Amount_shipped,"(220, 4660, 696, 4535, 23.59)",0.0
Amount_shipped,"(220, 4660, 250, 4682, 28.56)",0.0
Amount_shipped,"(220, 4660, 572, 4680, 30.45)",0.0
Amount_shipped,"(220, 4660, 371, 4764, 52.72)",0.0
Amount_shipped,"(220, 4660, 312, 4747, 62.13)",0.0
Amount_shipped,"(220, 4660, 417, 4874, 76.13)",0.0
Amount_shipped,"(220, 4660, 350, 4738, 111.96)",0.0
Amount_shipped,"(220, 4660, 327, 4722, 125.89)",0.0
Amount_shipped,"(220, 4660, 555, 4937, 127.49)",0.0
Amount_shipped,"(220, 4660, 239, 4765, 151.68)",0.0
Amount_shipped,"(220, 4660, 558, 4583, 208.94)",0.0
Amount_shipped,"(220, 4660, 592, 4773, 272.69)",0.0
Amount_shipped,"(220, 4660, 303, 4682, 594.76)",0.0
Amount_shipped,"(220, 4660, 519, 4618, 758.82)",0.0
Amount_shipped,"(220, 4660, 190, 4740, 907.18)",0.0
Amount_shipped,"(220, 4660, 604, 4955, 907.45)",0.0
Amount_shipped,"(220, 4660, 334, 4799, 1285.48)",0.0
Amount_shipped,"(220, 4660, 402, 4762, 1356.12)",0.0
Amount_shipped,"(220, 4680, 604, 4556, 10.77)",0.0
Amount_shipped,"(220, 4680, 545, 4715, 11.01)",0.0
Amount_shipped,"(220, 4680, 598, 4885, 11.15)",0.0
Amount_shipped,"(220, 4680, 622, 4729, 11.5)",0.0
Amount_shipped,"(220, 4680, 136, 4692, 11.61)",0.0
Amount_shipped,"(220, 4680, 494, 4926, 11.95)",0.0
Amount_shipped,"(220, 4680, 627, 4796, 12.52)",0.0
Amount_shipped,"(220, 4680, 604, 4624, 12.57)",0.0
Amount_shipped,"(220, 4680, 497, 4720, 12.7)",0.0
Amount_shipped,"(220, 4680, 503, 4807, 16.06)",0.0
Amount_shipped,"(220, 4680, 612, 4678, 16.32)",0.0
Amount_shipped,"(220, 4680, 345, 4695, 23.25)",0.0
Amount_shipped,"(220, 4680, 696, 4535, 23.59)",0.0
Amount_shipped,"(220, 4680, 250, 4682, 28.56)",0.0
Amount_shipped,"(220, 4680, 572, 4680, 30.45)",0.0
Amount_shipped,"(220, 4680, 371, 4764, 52.72)",0.0
Amount_shipped,"(220, 4680, 312, 4747, 62.13)",0.0
Amount_shipped,"(220, 4680, 417, 4874, 76.13)",0.0
Amount_shipped,"(220, 4680, 350, 4738, 111.96)",0.0
Amount_shipped,"(220, 4680, 327, 4722, 125.89)",0.0
Amount_shipped,"(220, 4680, 555, 4937, 127.49)",0.0
Amount_shipped,"(220, 4680, 239, 4765, 151.68)",0.0
Amount_shipped,"(220, 4680, 558, 4583, 208.94)",0.0
Amount_shipped,"(220, 4680, 592, 4773, 272.69)",0.0
Amount_shipped,"(220, 4680, 303, 4682, 594.76)",0.0
Amount_shipped,"(220, 4680, 519, 4618, 758.82)",0.0
Amount_shipped,"(220, 4680, 190, 4740, 907.18)",0.0
Amount_shipped,"(220, 4680, 604, 4955, 907.45)",0.0
Amount_shipped,"(220, 4680, 334, 4799, 1285.48)",0.0
Amount_shipped,"(220, 4680, 402, 4762, 1356.12)",0.0
Amount_shipped,"(220, 4700, 604, 4556, 10.77)",0.0
Amount_shipped,"(220, 4700, 545, 4715, 11.01)",0.0
Amount_shipped,"(220, 4700, 598, 4885, 11.15)",0.0
Amount_shipped,"(220, 4700, 622, 4729, 11.5)",0.0
Amount_shipped,"(220, 4700, 136, 4692, 11.61)",0.0
Amount_shipped,"(220, 4700, 494, 4926, 11.95)",0.0
Amount_shipped,"(220, 4700, 627, 4796, 12.52)",0.0
Amount_shipped,"(220, 4700, 604, 4624, 12.57)",0.0
Amount_shipped,"(220, 4700, 497, 4720, 12.7)",0.0
Amount_shipped,"(220, 4700, 503, 4807, 16.06)",0.0
Amount_shipped,"(220, 4700, 612, 4678, 16.32)",0.0
Amount_shipped,"(220, 4700, 345, 4695, 23.25)",0.0
Amount_shipped,"(220, 4700, 696, 4535, 23.59)",0.0
Amount_shipped,"(220, 4700, 250, 4682, 28.56)",0.0
Amount_shipped,"(220, 4700, 572, 4680, 30.45)",0.0
Amount_shipped,"(220, 4700, 371, 4764, 52.72)",0.0
Amount_shipped,"(220, 4700, 312, 4747, 62.13)",0.0
Amount_shipped,"(220, 4700, 417, 4874, 76.13)",0.0
Amount_shipped,"(220, 4700, 350, 4738, 111.96)",0.0
Amount_shipped,"(220, 4700, 327, 4722, 125.89)",0.0
Amount_shipped,"(220, 4700, 555, 4937, 127.49)",0.0
Amount_shipped,"(220, 4700, 239, 4765, 151.68)",0.0
Amount_shipped,"(220, 4700, 558, 4583, 208.94)",0.0
Amount_shipped,"(220, 4700, 592, 4773, 272.69)",0.0
Amount_shipped,"(220, 4700, 303, 4682, 594.76)",0.0
Amount_shipped,"(220, 4700, 519, 4618, 758.82)",0.0
Amount_shipped,"(220, 4700, 190, 4740, 907.18)",0.0
Amount_shipped,"(220, 4700, 604, 4955, 907.45)",0.0
Amount_shipped,"(220, 4700, 334, 4799, 1285.48)",0.0
Amount_shipped,"(220, 4700, 402, 4762, 1356.12)",0.0
Amount_shipped,"(220, 4720, 604, 4556, 10.77)",0.0
Amount_shipped,"(220, 4720, 545, 4715, 11.01)",0.0
Amount_shipped,"(220, 4720, 598, 4885, 11.15)",0.0
Amount_shipped,"(220, 4720, 622, 4729, 11.5)",0.0
Amount_shipped,"(220, 4720, 136, 4692, 11.61)",0.0
Amount_shipped,"(220, 4720, 494, 4926, 11.95)",0.0
Amount_shipped,"(220, 4720, 627, 4796, 12.52)",0.0
Amount_shipped,"(220, 4720, 604, 4624, 12.57)",0.0
Amount_shipped,"(220, 4720, 497, 4720, 12.7)",0.0
Amount_shipped,"(220, 4720, 503, 4807, 16.06)",0.0
Amount_shipped,"(220, 4720, 612, 4678, 16.32)",0.0
Amount_shipped,"(220, 4720, 345, 4695, 23.25)",0.0
Amount_shipped,"(220, 4720, 696, 4535, 23.59)",0.0
Amount_shipped,"(220, 4720, 250, 4682, 28.56)",0.0
Amount_shipped,"(220, 4720, 572, 4680, 30.45)",0.0
Amount_shipped,"(220, 4720, 371, 4764, 52.72)",0.0
Amount_shipped,"(220, 4720, 312, 4747, 62.13)",0.0
Amount_shipped,"(220, 4720, 417, 4874, 76.13)",0.0
Amount_shipped,"(220, 4720, 350, 4738, 111.96)",0.0
Amount_shipped,"(220, 4720, 327, 4722, 125.89)",0.0
Amount_shipped,"(220, 4720, 555, 4937, 127.49)",0.0
Amount_shipped,"(220, 4720, 239, 4765, 151.68)",0.0
Amount_shipped,"(220, 4720, 558, 4583, 208.94)",0.0
Amount_shipped,"(220, 4720, 592, 4773, 272.69)",0.0
Amount_shipped,"(220, 4720, 303, 4682, 594.76)",0.0
Amount_shipped,"(220, 4720, 519, 4618, 758.82)",0.0
Amount_shipped,"(220, 4720, 190, 4740, 907.18)",0.0
Amount_shipped,"(220, 4720, 604, 4955, 907.45)",0.0
Amount_shipped,"(220, 4720, 334, 4799, 1285.48)",0.0
Amount_shipped,"(220, 4720, 402, 4762, 1356.12)",0.0
Amount_shipped,"(220, 4740, 604, 4556, 10.77)",0.0
Amount_shipped,"(220, 4740, 545, 4715, 11.01)",0.0
Amount_shipped,"(220, 4740, 598, 4885, 11.15)",0.0
Amount_shipped,"(220, 4740, 622, 4729, 11.5)",0.0
Amount_shipped,"(220, 4740, 136, 4692, 11.61)",0.0
Amount_shipped,"(220, 4740, 494, 4926, 11.95)",0.0
Amount_shipped,"(220, 4740, 627, 4796, 12.52)",0.0
Amount_shipped,"(220, 4740, 604, 4624, 12.57)",0.0
Amount_shipped,"(220, 4740, 497, 4720, 12.7)",0.0
Amount_shipped,"(220, 4740, 503, 4807, 16.06)",0.0
Amount_shipped,"(220, 4740, 612, 4678, 16.32)",0.0
Amount_shipped,"(220, 4740, 345, 4695, 23.25)",0.0
Amount_shipped,"(220, 4740, 696, 4535, 23.59)",0.0
Amount_shipped,"(220, 4740, 250, 4682, 28.56)",0.0
Amount_shipped,"(220, 4740, 572, 4680, 30.45)",0.0
Amount_shipped,"(220, 4740, 371, 4764, 52.72)",0.0
Amount_shipped,"(220, 4740, 312, 4747, 62.13)",0.0
Amount_shipped,"(220, 4740, 417, 4874, 76.13)",0.0
Amount_shipped,"(220, 4740, 350, 4738, 111.96)",0.0
Amount_shipped,"(220, 4740, 327, 4722, 125.89)",0.0
Amount_shipped,"(220, 4740, 555, 4937, 127.49)",0.0
Amount_shipped,"(220, 4740, 239, 4765, 151.68)",0.0
Amount_shipped,"(220, 4740, 558, 4583, 208.94)",0.0
Amount_shipped,"(220, 4740, 592, 4773, 272.69)",0.0
Amount_shipped,"(220, 4740, 303, 4682, 594.76)",0.0
Amount_shipped,"(220, 4740, 519, 4618, 758.82)",0.0
Amount_shipped,"(220, 4740, 190, 4740, 907.18)",0.0
Amount_shipped,"(220, 4740, 604, 4955, 907.45)",0.0
Amount_shipped,"(220, 4740, 334, 4799, 1285.48)",0.0
Amount_shipped,"(220, 4740, 402, 4762, 1356.12)",0.0
Amount_shipped,"(220, 4760, 604, 4556, 10.77)",0.0
Amount_shipped,"(220, 4760, 545, 4715, 11.01)",0.0
Amount_shipped,"(220, 4760, 598, 4885, 11.15)",0.0
Amount_shipped,"(220, 4760, 622, 4729, 11.5)",0.0
Amount_shipped,"(220, 4760, 136, 4692, 11.61)",0.0
Amount_shipped,"(220, 4760, 494, 4926, 11.95)",0.0
Amount_shipped,"(220, 4760, 627, 4796, 12.52)",0.0
Amount_shipped,"(220, 4760, 604, 4624, 12.57)",0.0
Amount_shipped,"(220, 4760, 497, 4720, 12.7)",0.0
Amount_shipped,"(220, 4760, 503, 4807, 16.06)",0.0
Amount_shipped,"(220, 4760, 612, 4678, 16.32)",0.0
Amount_shipped,"(220, 4760, 345, 4695, 23.25)",0.0
Amount_shipped,"(220, 4760, 696, 4535, 23.59)",0.0
Amount_shipped,"(220, 4760, 250, 4682, 28.56)",0.0
Amount_shipped,"(220, 4760, 572, 4680, 30.45)",0.0
Amount_shipped,"(220, 4760, 371, 4764, 52.72)",0.0
Amount_shipped,"(220, 4760, 312, 4747, 62.13)",0.0
Amount_shipped,"(220, 4760, 417, 4874, 76.13)",0.0
Amount_shipped,"(220, 4760, 350, 4738, 111.96)",0.0
Amount_shipped,"(220, 4760, 327, 4722, 125.89)",0.0
Amount_shipped,"(220, 4760, 555, 4937, 127.49)",0.0
Amount_shipped,"(220, 4760, 239, 4765, 151.68)",0.0
Amount_shipped,"(220, 4760, 558, 4583, 208.94)",0.0
Amount_shipped,"(220, 4760, 592, 4773, 272.69)",0.0
Amount_shipped,"(220, 4760, 303, 4682, 594.76)",0.0
Amount_shipped,"(220, 4760, 519, 4618, 758.82)",0.0
Amount_shipped,"(220, 4760, 190, 4740, 907.18)",0.0
Amount_shipped,"(220, 4760, 604, 4955, 907.45)",0.0
Amount_shipped,"(220, 4760, 334, 4799, 1285.48)",0.0
Amount_shipped,"(220, 4760, 402, 4762, 1356.12)",0.0
Amount_shipped,"(220, 4780, 604, 4556, 10.77)",0.0
Amount_shipped,"(220, 4780, 545, 4715, 11.01)",0.0
Amount_shipped,"(220, 4780, 598, 4885, 11.15)",0.0
Amount_shipped,"(220, 4780, 622, 4729, 11.5)",0.0
Amount_shipped,"(220, 4780, 136, 4692, 11.61)",0.0
Amount_shipped,"(220, 4780, 494, 4926, 11.95)",0.0
Amount_shipped,"(220, 4780, 627, 4796, 12.52)",0.0
Amount_shipped,"(220, 4780, 604, 4624, 12.57)",0.0
Amount_shipped,"(220, 4780, 497, 4720, 12.7)",0.0
Amount_shipped,"(220, 4780, 503, 4807, 16.06)",0.0
Amount_shipped,"(220, 4780, 612, 4678, 16.32)",0.0
Amount_shipped,"(220, 4780, 345, 4695, 23.25)",0.0
Amount_shipped,"(220, 4780, 696, 4535, 23.59)",0.0
Amount_shipped,"(220, 4780, 250, 4682, 28.56)",0.0
Amount_shipped,"(220, 4780, 572, 4680, 30.45)",0.0
Amount_shipped,"(220, 4780, 371, 4764, 52.72)",0.0
Amount_shipped,"(220, 4780, 312, 4747, 62.13)",0.0
Amount_shipped,"(220, 4780, 417, 4874, 76.13)",0.0
Amount_shipped,"(220, 4780, 350, 4738, 111.96)",0.0
Amount_shipped,"(220, 4780, 327, 4722, 125.89)",0.0
Amount_shipped,"(220, 4780, 555, 4937, 127.49)",0.0
Amount_shipped,"(220, 4780, 239, 4765, 151.68)",0.0
Amount_shipped,"(220, 4780, 558, 4583, 208.94)",0.0
Amount_shipped,"(220, 4780, 592, 4773, 272.69)",0.0
Amount_shipped,"(220, 4780, 303, 4682, 594.76)",0.0
Amount_shipped,"(220, 4780, 519, 4618, 758.82)",0.0
Amount_shipped,"(220, 4780, 190, 4740, 907.18)",0.0
Amount_shipped,"(220, 4780, 604, 4955, 907.45)",0.0
Amount_shipped,"(220, 4780, 334, 4799, 1285.48)",0.0
Amount_shipped,"(220, 4780, 402, 4762, 1356.12)",0.0
Amount_shipped,"(220, 4800, 604, 4556, 10.77)",0.0
Amount_shipped,"(220, 4800, 545, 4715, 11.01)",0.0
Amount_shipped,"(220, 4800, 598, 4885, 11.15)",0.0
Amount_shipped,"(220, 4800, 622, 4729, 11.5)",0.0
Amount_shipped,"(220, 4800, 136, 4692, 11.61)",0.0
Amount_shipped,"(220, 4800, 494, 4926, 11.95)",0.0
Amount_shipped,"(220, 4800, 627, 4796, 12.52)",0.0
Amount_shipped,"(220, 4800, 604, 4624, 12.57)",0.0
Amount_shipped,"(220, 4800, 497, 4720, 12.7)",0.0
Amount_shipped,"(220, 4800, 503, 4807, 16.06)",0.0
Amount_shipped,"(220, 4800, 612, 4678, 16.32)",0.0
Amount_shipped,"(220, 4800, 345, 4695, 23.25)",0.0
Amount_shipped,"(220, 4800, 696, 4535, 23.59)",0.0
Amount_shipped,"(220, 4800, 250, 4682, 28.56)",0.0
Amount_shipped,"(220, 4800, 572, 4680, 30.45)",0.0
Amount_shipped,"(220, 4800, 371, 4764, 52.72)",0.0
Amount_shipped,"(220, 4800, 312, 4747, 62.13)",0.0
Amount_shipped,"(220, 4800, 417, 4874, 76.13)",0.0
Amount_shipped,"(220, 4800, 350, 4738, 111.96)",0.0
Amount_shipped,"(220, 4800, 327, 4722, 125.89)",0.0
Amount_shipped,"(220, 4800, 555, 4937, 127.49)",0.0
Amount_shipped,"(220, 4800, 239, 4765, 151.68)",0.0
Amount_shipped,"(220, 4800, 558, 4583, 208.94)",0.0
Amount_shipped,"(220, 4800, 592, 4773, 272.69)",0.0
Amount_shipped,"(220, 4800, 303, 4682, 594.76)",0.0
Amount_shipped,"(220, 4800, 519, 4618, 758.82)",0.0
Amount_shipped,"(220, 4800, 190, 4740, 907.18)",0.0
Amount_shipped,"(220, 4800, 604, 4955, 907.45)",0.0
Amount_shipped,"(220, 4800, 334, 4799, 1285.48)",0.0
Amount_shipped,"(220, 4800, 402, 4762, 1356.12)",0.0
Amount_shipped,"(220, 4820, 604, 4556, 10.77)",0.0
Amount_shipped,"(220, 4820, 545, 4715, 11.01)",0.0
Amount_shipped,"(220, 4820, 598, 4885, 11.15)",0.0
Amount_shipped,"(220, 4820, 622, 4729, 11.5)",0.0
Amount_shipped,"(220, 4820, 136, 4692, 11.61)",0.0
Amount_shipped,"(220, 4820, 494, 4926, 11.95)",0.0
Amount_shipped,"(220, 4820, 627, 4796, 12.52)",0.0
Amount_shipped,"(220, 4820, 604, 4624, 12.57)",0.0
Amount_shipped,"(220, 4820, 497, 4720, 12.7)",0.0
Amount_shipped,"(220, 4820, 503, 4807, 16.06)",0.0
Amount_shipped,"(220, 4820, 612, 4678, 16.32)",0.0
Amount_shipped,"(220, 4820, 345, 4695, 23.25)",0.0
Amount_shipped,"(220, 4820, 696, 4535, 23.59)",0.0
Amount_shipped,"(220, 4820, 250, 4682, 28.56)",0.0
Amount_shipped,"(220, 4820, 572, 4680, 30.45)",0.0
Amount_shipped,"(220, 4820, 371, 4764, 52.72)",0.0
Amount_shipped,"(220, 4820, 312, 4747, 62.13)",0.0
Amount_shipped,"(220, 4820, 417, 4874, 76.13)",0.0
Amount_shipped,"(220, 4820, 350, 4738, 111.96)",0.0
Amount_shipped,"(220, 4820, 327, 4722, 125.89)",0.0
Amount_shipped,"(220, 4820, 555, 4937, 127.49)",0.0
Amount_shipped,"(220, 4820, 239, 4765, 151.68)",0.0
Amount_shipped,"(220, 4820, 558, 4583, 208.94)",0.0
Amount_shipped,"(220, 4820, 592, 4773, 272.69)",0.0
Amount_shipped,"(220, 4820, 303, 4682, 594.76)",0.0
Amount_shipped,"(220, 4820, 519, 4618, 758.82)",0.0
Amount_shipped,"(220, 4820, 190, 4740, 907.18)",0.0
Amount_shipped,"(220, 4820, 604, 4955, 907.45)",0.0
Amount_shipped,"(220, 4820, 334, 4799, 1285.48)",0.0
Amount_shipped,"(220, 4820, 402, 4762, 1356.12)",0.0
Amount_shipped,"(220, 4840, 604, 4556, 10.77)",0.0
Amount_shipped,"(220, 4840, 545, 4715, 11.01)",0.0
Amount_shipped,"(220, 4840, 598, 4885, 11.15)",0.0
Amount_shipped,"(220, 4840, 622, 4729, 11.5)",0.0
Amount_shipped,"(220, 4840, 136, 4692, 11.61)",0.0
Amount_shipped,"(220, 4840, 494, 4926, 11.95)",0.0
Amount_shipped,"(220, 4840, 627, 4796, 12.52)",0.0
Amount_shipped,"(220, 4840, 604, 4624, 12.57)",0.0
Amount_shipped,"(220, 4840, 497, 4720, 12.7)",0.0
Amount_shipped,"(220, 4840, 503, 4807, 16.06)",0.0
Amount_shipped,"(220, 4840, 612, 4678, 16.32)",0.0
Amount_shipped,"(220, 4840, 345, 4695, 23.25)",0.0
Amount_shipped,"(220, 4840, 696, 4535, 23.59)",0.0
Amount_shipped,"(220, 4840, 250, 4682, 28.56)",0.0
Amount_shipped,"(220, 4840, 572, 4680, 30.45)",0.0
Amount_shipped,"(220, 4840, 371, 4764, 52.72)",0.0
Amount_shipped,"(220, 4840, 312, 4747, 62.13)",0.0
Amount_shipped,"(220, 4840, 417, 4874, 76.13)",0.0
Amount_shipped,"(220, 4840, 350, 4738, 111.96)",0.0
Amount_shipped,"(220, 4840, 327, 4722, 125.89)",0.0
Amount_shipped,"(220, 4840, 555, 4937, 127.49)",0.0
Amount_shipped,"(220, 4840, 239, 4765, 151.68)",0.0
Amount_shipped,"(220, 4840, 558, 4583, 208.94)",0.0
Amount_shipped,"(220, 4840, 592, 4773, 272.69)",0.0
Amount_shipped,"(220, 4840, 303, 4682, 594.76)",0.0
Amount_shipped,"(220, 4840, 519, 4618, 758.82)",0.0
Amount_shipped,"(220, 4840, 190, 4740, 907.18)",0.0
Amount_shipped,"(220, 4840, 604, 4955, 907.45)",0.0
Amount_shipped,"(220, 4840, 334, 4799, 1285.48)",0.0
Amount_shipped,"(220, 4840, 402, 4762, 1356.12)",0.0
Amount_shipped,"(220, 4860, 604, 4556, 10.77)",0.0
Amount_shipped,"(220, 4860, 545, 4715, 11.01)",0.0
Amount_shipped,"(220, 4860, 598, 4885, 11.15)",0.0
Amount_shipped,"(220, 4860, 622, 4729, 11.5)",0.0
Amount_shipped,"(220, 4860, 136, 4692, 11.61)",0.0
Amount_shipped,"(220, 4860, 494, 4926, 11.95)",0.0
Amount_shipped,"(220, 4860, 627, 4796, 12.52)",0.0
Amount_shipped,"(220, 4860, 604, 4624, 12.57)",0.0
Amount_shipped,"(220, 4860, 497, 4720, 12.7)",0.0
Amount_shipped,"(220, 4860, 503, 4807, 16.06)",0.0
Amount_shipped,"(220, 4860, 612, 4678, 16.32)",0.0
Amount_shipped,"(220, 4860, 345, 4695, 23.25)",0.0
Amount_shipped,"(220, 4860, 696, 4535, 23.59)",0.0
Amount_shipped,"(220, 4860, 250, 4682, 28.56)",0.0
Amount_shipped,"(220, 4860, 572, 4680, 30.45)",0.0
Amount_shipped,"(220, 4860, 371, 4764, 52.72)",0.0
Amount_shipped,"(220, 4860, 312, 4747, 62.13)",0.0
Amount_shipped,"(220, 4860, 417, 4874, 76.13)",0.0
Amount_shipped,"(220, 4860, 350, 4738, 111.96)",0.0
Amount_shipped,"(220, 4860, 327, 4722, 125.89)",0.0
Amount_shipped,"(220, 4860, 555, 4937, 127.49)",0.0
Amount_shipped,"(220, 4860, 239, 4765, 151.68)",0.0
Amount_shipped,"(220, 4860, 558, 4583, 208.94)",0.0
Amount_shipped,"(220, 4860, 592, 4773, 272.69)",0.0
Amount_shipped,"(220, 4860, 303, 4682, 594.76)",0.0
Amount_shipped,"(220, 4860, 519, 4618, 758.82)",0.0
Amount_shipped,"(220, 4860, 190, 4740, 907.18)",0.0
Amount_shipped,"(220, 4860, 604, 4955, 907.45)",0.0
Amount_shipped,"(220, 4860, 334, 4799, 1285.48)",0.0
Amount_shipped,"(220, 4860, 402, 4762, 1356.12)",0.0
Amount_shipped,"(220, 4880, 604, 4556, 10.77)",0.0
Amount_shipped,"(220, 4880, 545, 4715, 11.01)",0.0
Amount_shipped,"(220, 4880, 598, 4885, 11.15)",0.0
Amount_shipped,"(220, 4880, 622, 4729, 11.5)",0.0
Amount_shipped,"(220, 4880, 136, 4692, 11.61)",0.0
Amount_shipped,"(220, 4880, 494, 4926, 11.95)",0.0
Amount_shipped,"(220, 4880, 627, 4796, 12.52)",0.0
Amount_shipped,"(220, 4880, 604, 4624, 12.57)",0.0
Amount_shipped,"(220, 4880, 497, 4720, 12.7)",0.0
Amount_shipped,"(220, 4880, 503, 4807, 16.06)",0.0
Amount_shipped,"(220, 4880, 612, 4678, 16.32)",0.0
Amount_shipped,"(220, 4880, 345, 4695, 23.25)",0.0
Amount_shipped,"(220, 4880, 696, 4535, 23.59)",0.0
Amount_shipped,"(220, 4880, 250, 4682, 28.56)",0.0
Amount_shipped,"(220, 4880, 572, 4680, 30.45)",0.0
Amount_shipped,"(220, 4880, 371, 4764, 52.72)",0.0
Amount_shipped,"(220, 4880, 312, 4747, 62.13)",0.0
Amount_shipped,"(220, 4880, 417, 4874, 76.13)",0.0
Amount_shipped,"(220, 4880, 350, 4738, 111.96)",0.0
Amount_shipped,"(220, 4880, 327, 4722, 125.89)",0.0
Amount_shipped,"(220, 4880, 555, 4937, 127.49)",0.0
Amount_shipped,"(220, 4880, 239, 4765, 151.68)",0.0
Amount_shipped,"(220, 4880, 558, 4583, 208.94)",0.0
Amount_shipped,"(220, 4880, 592, 4773, 272.69)",0.0
Amount_shipped,"(220, 4880, 303, 4682, 594.76)",0.0
Amount_shipped,"(220, 4880, 519, 4618, 758.82)",0.0
Amount_shipped,"(220, 4880, 190, 4740, 907.18)",0.0
Amount_shipped,"(220, 4880, 604, 4955, 907.45)",0.0
Amount_shipped,"(220, 4880, 334, 4799, 1285.48)",0.0
Amount_shipped,"(220, 4880, 402, 4762, 1356.12)",0.0
Amount_shipped,"(220, 4900, 604, 4556, 10.77)",0.0
Amount_shipped,"(220, 4900, 545, 4715, 11.01)",0.0
Amount_shipped,"(220, 4900, 598, 4885, 11.15)",0.0
Amount_shipped,"(220, 4900, 622, 4729, 11.5)",0.0
Amount_shipped,"(220, 4900, 136, 4692, 11.61)",0.0
Amount_shipped,"(220, 4900, 494, 4926, 11.95)",0.0
Amount_shipped,"(220, 4900, 627, 4796, 12.52)",0.0
Amount_shipped,"(220, 4900, 604, 4624, 12.57)",0.0
Amount_shipped,"(220, 4900, 497, 4720, 12.7)",0.0
Amount_shipped,"(220, 4900, 503, 4807, 16.06)",0.0
Amount_shipped,"(220, 4900, 612, 4678, 16.32)",0.0
Amount_shipped,"(220, 4900, 345, 4695, 23.25)",0.0
Amount_shipped,"(220, 4900, 696, 4535, 23.59)",0.0
Amount_shipped,"(220, 4900, 250, 4682, 28.56)",0.0
Amount_shipped,"(220, 4900, 572, 4680, 30.45)",0.0
Amount_shipped,"(220, 4900, 371, 4764, 52.72)",0.0
Amount_shipped,"(220, 4900, 312, 4747, 62.13)",0.0
Amount_shipped,"(220, 4900, 417, 4874, 76.13)",0.0
Amount_shipped,"(220, 4900, 350, 4738, 111.96)",0.0
Amount_shipped,"(220, 4900, 327, 4722, 125.89)",0.0
Amount_shipped,"(220, 4900, 555, 4937, 127.49)",0.0
Amount_shipped,"(220, 4900, 239, 4765, 151.68)",0.0
Amount_shipped,"(220, 4900, 558, 4583, 208.94)",0.0
Amount_shipped,"(220, 4900, 592, 4773, 272.69)",0.0
Amount_shipped,"(220, 4900, 303, 4682, 594.76)",0.0
Amount_shipped,"(220, 4900, 519, 4618, 758.82)",0.0
Amount_shipped,"(220, 4900, 190, 4740, 907.18)",0.0
Amount_shipped,"(220, 4900, 604, 4955, 907.45)",0.0
Amount_shipped,"(220, 4900, 334, 4799, 1285.48)",0.0
Amount_shipped,"(220, 4900, 402, 4762, 1356.12)",0.0
Amount_shipped,"(220, 4920, 604, 4556, 10.77)",0.0
Amount_shipped,"(220, 4920, 545, 4715, 11.01)",0.0
Amount_shipped,"(220, 4920, 598, 4885, 11.15)",0.0
Amount_shipped,"(220, 4920, 622, 4729, 11.5)",0.0
Amount_shipped,"(220, 4920, 136, 4692, 11.61)",0.0
Amount_shipped,"(220, 4920, 494, 4926, 11.95)",0.0
Amount_shipped,"(220, 4920, 627, 4796, 12.52)",0.0
Amount_shipped,"(220, 4920, 604, 4624, 12.57)",0.0
Amount_shipped,"(220, 4920, 497, 4720, 12.7)",0.0
Amount_shipped,"(220, 4920, 503, 4807, 16.06)",0.0
Amount_shipped,"(220, 4920, 612, 4678, 16.32)",0.0
Amount_shipped,"(220, 4920, 345, 4695, 23.25)",0.0
Amount_shipped,"(220, 4920, 696, 4535, 23.59)",0.0
Amount_shipped,"(220, 4920, 250, 4682, 28.56)",0.0
Amount_shipped,"(220, 4920, 572, 4680, 30.45)",0.0
Amount_shipped,"(220, 4920, 371, 4764, 52.72)",0.0
Amount_shipped,"(220, 4920, 312, 4747, 62.13)",0.0
Amount_shipped,"(220, 4920, 417, 4874, 76.13)",0.0
Amount_shipped,"(220, 4920, 350, 4738, 111.96)",0.0
Amount_shipped,"(220, 4920, 327, 4722, 125.89)",0.0
Amount_shipped,"(220, 4920, 555, 4937, 127.49)",0.0
Amount_shipped,"(220, 4920, 239, 4765, 151.68)",0.0
Amount_shipped,"(220, 4920, 558, 4583, 208.94)",0.0
Amount_shipped,"(220, 4920, 592, 4773, 272.69)",0.0
Amount_shipped,"(220, 4920, 303, 4682, 594.76)",0.0
Amount_shipped,"(220, 4920, 519, 4618, 758.82)",0.0
Amount_shipped,"(220, 4920, 190, 4740, 907.18)",0.0
Amount_shipped,"(220, 4920, 604, 4955, 907.45)",0.0
Amount_shipped,"(220, 4920, 334, 4799, 1285.48)",0.0
Amount_shipped,"(220, 4920, 402, 4762, 1356.12)",0.0
Amount_shipped,"(220, 4940, 604, 4556, 10.77)",0.0
Amount_shipped,"(220, 4940, 545, 4715, 11.01)",0.0
Amount_shipped,"(220, 4940, 598, 4885, 11.15)",0.0
Amount_shipped,"(220, 4940, 622, 4729, 11.5)",0.0
Amount_shipped,"(220, 4940, 136, 4692, 11.61)",0.0
Amount_shipped,"(220, 4940, 494, 4926, 11.95)",0.0
Amount_shipped,"(220, 4940, 627, 4796, 12.52)",0.0
Amount_shipped,"(220, 4940, 604, 4624, 12.57)",0.0
Amount_shipped,"(220, 4940, 497, 4720, 12.7)",0.0
Amount_shipped,"(220, 4940, 503, 4807, 16.06)",0.0
Amount_shipped,"(220, 4940, 612, 4678, 16.32)",0.0
Amount_shipped,"(220, 4940, 345, 4695, 23.25)",0.0
Amount_shipped,"(220, 4940, 696, 4535, 23.59)",0.0
Amount_shipped,"(220, 4940, 250, 4682, 28.56)",0.0
Amount_shipped,"(220, 4940, 572, 4680, 30.45)",0.0
Amount_shipped,"(220, 4940, 371, 4764, 52.72)",0.0
Amount_shipped,"(220, 4940, 312, 4747, 62.13)",0.0
Amount_shipped,"(220, 4940, 417, 4874, 76.13)",0.0
Amount_shipped,"(220, 4940, 350, 4738, 111.96)",0.0
Amount_shipped,"(220, 4940, 327, 4722, 125.89)",0.0
Amount_shipped,"(220, 4940, 555, 4937, 127.49)",0.0
Amount_shipped,"(220, 4940, 239, 4765, 151.68)",0.0
Amount_shipped,"(220, 4940, 558, 4583, 208.94)",0.0
Amount_shipped,"(220, 4940, 592, 4773, 272.69)",0.0
Amount_shipped,"(220, 4940, 303, 4682, 594.76)",0.0
Amount_shipped,"(220, 4940, 519, 4618, 758.82)",0.0
Amount_shipped,"(220, 4940, 190, 4740, 907.18)",0.0
Amount_shipped,"(220, 4940, 604, 4955, 907.45)",0.0
Amount_shipped,"(220, 4940, 334, 4799, 1285.48)",0.0
Amount_shipped,"(220, 4940, 402, 4762, 1356.12)",0.0
Amount_shipped,"(220, 4960, 604, 4556, 10.77)",0.0
Amount_shipped,"(220, 4960, 545, 4715, 11.01)",0.0
Amount_shipped,"(220, 4960, 598, 4885, 11.15)",0.0
Amount_shipped,"(220, 4960, 622, 4729, 11.5)",0.0
Amount_shipped,"(220, 4960, 136, 4692, 11.61)",0.0
Amount_shipped,"(220, 4960, 494, 4926, 11.95)",0.0
Amount_shipped,"(220, 4960, 627, 4796, 12.52)",0.0
Amount_shipped,"(220, 4960, 604, 4624, 12.57)",0.0
Amount_shipped,"(220, 4960, 497, 4720, 12.7)",0.0
Amount_shipped,"(220, 4960, 503, 4807, 16.06)",0.0
Amount_shipped,"(220, 4960, 612, 4678, 16.32)",0.0
Amount_shipped,"(220, 4960, 345, 4695, 23.25)",0.0
Amount_shipped,"(220, 4960, 696, 4535, 23.59)",0.0
Amount_shipped,"(220, 4960, 250, 4682, 28.56)",0.0
Amount_shipped,"(220, 4960, 572, 4680, 30.45)",0.0
Amount_shipped,"(220, 4960, 371, 4764, 52.72)",0.0
Amount_shipped,"(220, 4960, 312, 4747, 62.13)",0.0
Amount_shipped,"(220, 4960, 417, 4874, 76.13)",0.0
Amount_shipped,"(220, 4960, 350, 4738, 111.96)",0.0
Amount_shipped,"(220, 4960, 327, 4722, 125.89)",0.0
Amount_shipped,"(220, 4960, 555, 4937, 127.49)",0.0
Amount_shipped,"(220, 4960, 239, 4765, 151.68)",0.0
Amount_shipped,"(220, 4960, 558, 4583, 208.94)",0.0
Amount_shipped,"(220, 4960, 592, 4773, 272.69)",0.0
Amount_shipped,"(220, 4960, 303, 4682, 594.76)",0.0
Amount_shipped,"(220, 4960, 519, 4618, 758.82)",0.0
Amount_shipped,"(220, 4960, 190, 4740, 907.18)",0.0
Amount_shipped,"(220, 4960, 604, 4955, 907.45)",0.0
Amount_shipped,"(220, 4960, 334, 4799, 1285.48)",0.0
Amount_shipped,"(220, 4960, 402, 4762, 1356.12)",0.0
Amount_shipped,"(220, 4980, 604, 4556, 10.77)",0.0
Amount_shipped,"(220, 4980, 545, 4715, 11.01)",0.0
Amount_shipped,"(220, 4980, 598, 4885, 11.15)",0.0
Amount_shipped,"(220, 4980, 622, 4729, 11.5)",0.0
Amount_shipped,"(220, 4980, 136, 4692, 11.61)",0.0
Amount_shipped,"(220, 4980, 494, 4926, 11.95)",0.0
Amount_shipped,"(220, 4980, 627, 4796, 12.52)",0.0
Amount_shipped,"(220, 4980, 604, 4624, 12.57)",0.0
Amount_shipped,"(220, 4980, 497, 4720, 12.7)",0.0
Amount_shipped,"(220, 4980, 503, 4807, 16.06)",0.0
Amount_shipped,"(220, 4980, 612, 4678, 16.32)",0.0
Amount_shipped,"(220, 4980, 345, 4695, 23.25)",0.0
Amount_shipped,"(220, 4980, 696, 4535, 23.59)",0.0
Amount_shipped,"(220, 4980, 250, 4682, 28.56)",0.0
Amount_shipped,"(220, 4980, 572, 4680, 30.45)",0.0
Amount_shipped,"(220, 4980, 371, 4764, 52.72)",0.0
Amount_shipped,"(220, 4980, 312, 4747, 62.13)",0.0
Amount_shipped,"(220, 4980, 417, 4874, 76.13)",0.0
Amount_shipped,"(220, 4980, 350, 4738, 111.96)",0.0
Amount_shipped,"(220, 4980, 327, 4722, 125.89)",0.0
Amount_shipped,"(220, 4980, 555, 4937, 127.49)",0.0
Amount_shipped,"(220, 4980, 239, 4765, 151.68)",0.0
Amount_shipped,"(220, 4980, 558, 4583, 208.94)",0.0
Amount_shipped,"(220, 4980, 592, 4773, 272.69)",0.0
Amount_shipped,"(220, 4980, 303, 4682, 594.76)",0.0
Amount_shipped,"(220, 4980, 519, 4618, 758.82)",0.0
Amount_shipped,"(220, 4980, 190, 4740, 907.18)",0.0
Amount_shipped,"(220, 4980, 604, 4955, 907.45)",0.0
Amount_shipped,"(220, 4980, 334, 4799, 1285.48)",0.0
Amount_shipped,"(220, 4980, 402, 4762, 1356.12)",0.0
Amount_shipped,"(240, 4440, 604, 4556, 10.77)",0.0
Amount_shipped,"(240, 4440, 545, 4715, 11.01)",0.0
Amount_shipped,"(240, 4440, 598, 4885, 11.15)",0.0
Amount_shipped,"(240, 4440, 622, 4729, 11.5)",0.0
Amount_shipped,"(240, 4440, 136, 4692, 11.61)",0.0
Amount_shipped,"(240, 4440, 494, 4926, 11.95)",0.0
Amount_shipped,"(240, 4440, 627, 4796, 12.52)",0.0
Amount_shipped,"(240, 4440, 604, 4624, 12.57)",0.0
Amount_shipped,"(240, 4440, 497, 4720, 12.7)",0.0
Amount_shipped,"(240, 4440, 503, 4807, 16.06)",0.0
Amount_shipped,"(240, 4440, 612, 4678, 16.32)",0.0
Amount_shipped,"(240, 4440, 345, 4695, 23.25)",0.0
Amount_shipped,"(240, 4440, 696, 4535, 23.59)",0.0
Amount_shipped,"(240, 4440, 250, 4682, 28.56)",0.0
Amount_shipped,"(240, 4440, 572, 4680, 30.45)",0.0
Amount_shipped,"(240, 4440, 371, 4764, 52.72)",0.0
Amount_shipped,"(240, 4440, 312, 4747, 62.13)",0.0
Amount_shipped,"(240, 4440, 417, 4874, 76.13)",0.0
Amount_shipped,"(240, 4440, 350, 4738, 111.96)",0.0
Amount_shipped,"(240, 4440, 327, 4722, 125.89)",0.0
Amount_shipped,"(240, 4440, 555, 4937, 127.49)",0.0
Amount_shipped,"(240, 4440, 239, 4765, 151.68)",0.0
Amount_shipped,"(240, 4440, 558, 4583, 208.94)",0.0
Amount_shipped,"(240, 4440, 592, 4773, 272.69)",0.0
Amount_shipped,"(240, 4440, 303, 4682, 594.76)",0.0
Amount_shipped,"(240, 4440, 519, 4618, 758.82)",0.0
Amount_shipped,"(240, 4440, 190, 4740, 907.18)",0.0
Amount_shipped,"(240, 4440, 604, 4955, 907.45)",0.0
Amount_shipped,"(240, 4440, 334, 4799, 1285.48)",0.0
Amount_shipped,"(240, 4440, 402, 4762, 1356.12)",0.0
Amount_shipped,"(240, 4460, 604, 4556, 10.77)",0.0
Amount_shipped,"(240, 4460, 545, 4715, 11.01)",0.0
Amount_shipped,"(240, 4460, 598, 4885, 11.15)",0.0
Amount_shipped,"(240, 4460, 622, 4729, 11.5)",0.0
Amount_shipped,"(240, 4460, 136, 4692, 11.61)",0.0
Amount_shipped,"(240, 4460, 494, 4926, 11.95)",0.0
Amount_shipped,"(240, 4460, 627, 4796, 12.52)",0.0
Amount_shipped,"(240, 4460, 604, 4624, 12.57)",0.0
Amount_shipped,"(240, 4460, 497, 4720, 12.7)",0.0
Amount_shipped,"(240, 4460, 503, 4807, 16.06)",0.0
Amount_shipped,"(240, 4460, 612, 4678, 16.32)",0.0
Amount_shipped,"(240, 4460, 345, 4695, 23.25)",0.0
Amount_shipped,"(240, 4460, 696, 4535, 23.59)",0.0
Amount_shipped,"(240, 4460, 250, 4682, 28.56)",0.0
Amount_shipped,"(240, 4460, 572, 4680, 30.45)",0.0
Amount_shipped,"(240, 4460, 371, 4764, 52.72)",0.0
Amount_shipped,"(240, 4460, 312, 4747, 62.13)",0.0
Amount_shipped,"(240, 4460, 417, 4874, 76.13)",0.0
Amount_shipped,"(240, 4460, 350, 4738, 111.96)",0.0
Amount_shipped,"(240, 4460, 327, 4722, 125.89)",0.0
Amount_shipped,"(240, 4460, 555, 4937, 127.49)",0.0
Amount_shipped,"(240, 4460, 239, 4765, 151.68)",0.0
Amount_shipped,"(240, 4460, 558, 4583, 208.94)",0.0
Amount_shipped,"(240, 4460, 592, 4773, 272.69)",0.0
Amount_shipped,"(240, 4460, 303, 4682, 594.76)",0.0
Amount_shipped,"(240, 4460, 519, 4618, 758.82)",0.0
Amount_shipped,"(240, 4460, 190, 4740, 907.18)",0.0
Amount_shipped,"(240, 4460, 604, 4955, 907.45)",0.0
Amount_shipped,"(240, 4460, 334, 4799, 1285.48)",0.0
Amount_shipped,"(240, 4460, 402, 4762, 1356.12)",0.0
Amount_shipped,"(240, 4480, 604, 4556, 10.77)",0.0
Amount_shipped,"(240, 4480, 545, 4715, 11.01)",0.0
Amount_shipped,"(240, 4480, 598, 4885, 11.15)",0.0
Amount_shipped,"(240, 4480, 622, 4729, 11.5)",0.0
Amount_shipped,"(240, 4480, 136, 4692, 11.61)",0.0
Amount_shipped,"(240, 4480, 494, 4926, 11.95)",0.0
Amount_shipped,"(240, 4480, 627, 4796, 12.52)",0.0
Amount_shipped,"(240, 4480, 604, 4624, 12.57)",0.0
Amount_shipped,"(240, 4480, 497, 4720, 12.7)",0.0
Amount_shipped,"(240, 4480, 503, 4807, 16.06)",0.0
Amount_shipped,"(240, 4480, 612, 4678, 16.32)",0.0
Amount_shipped,"(240, 4480, 345, 4695, 23.25)",0.0
Amount_shipped,"(240, 4480, 696, 4535, 23.59)",0.0
Amount_shipped,"(240, 4480, 250, 4682, 28.56)",0.0
Amount_shipped,"(240, 4480, 572, 4680, 30.45)",0.0
Amount_shipped,"(240, 4480, 371, 4764, 52.72)",0.0
Amount_shipped,"(240, 4480, 312, 4747, 62.13)",0.0
Amount_shipped,"(240, 4480, 417, 4874, 76.13)",0.0
Amount_shipped,"(240, 4480, 350, 4738, 111.96)",0.0
Amount_shipped,"(240, 4480, 327, 4722, 125.89)",0.0
Amount_shipped,"(240, 4480, 555, 4937, 127.49)",0.0
Amount_shipped,"(240, 4480, 239, 4765, 151.68)",0.0
Amount_shipped,"(240, 4480, 558, 4583, 208.94)",0.0
Amount_shipped,"(240, 4480, 592, 4773, 272.69)",0.0
Amount_shipped,"(240, 4480, 303, 4682, 594.76)",0.0
Amount_shipped,"(240, 4480, 519, 4618, 758.82)",0.0
Amount_shipped,"(240, 4480, 190, 4740, 907.18)",0.0
Amount_shipped,"(240, 4480, 604, 4955, 907.45)",0.0
Amount_shipped,"(240, 4480, 334, 4799, 1285.48)",0.0
Amount_shipped,"(240, 4480, 402, 4762, 1356.12)",0.0
Amount_shipped,"(240, 4500, 604, 4556, 10.77)",0.0
Amount_shipped,"(240, 4500, 545, 4715, 11.01)",0.0
Amount_shipped,"(240, 4500, 598, 4885, 11.15)",0.0
Amount_shipped,"(240, 4500, 622, 4729, 11.5)",0.0
Amount_shipped,"(240, 4500, 136, 4692, 11.61)",0.0
Amount_shipped,"(240, 4500, 494, 4926, 11.95)",0.0
Amount_shipped,"(240, 4500, 627, 4796, 12.52)",0.0
Amount_shipped,"(240, 4500, 604, 4624, 12.57)",0.0
Amount_shipped,"(240, 4500, 497, 4720, 12.7)",0.0
Amount_shipped,"(240, 4500, 503, 4807, 16.06)",0.0
Amount_shipped,"(240, 4500, 612, 4678, 16.32)",0.0
Amount_shipped,"(240, 4500, 345, 4695, 23.25)",0.0
Amount_shipped,"(240, 4500, 696, 4535, 23.59)",0.0
Amount_shipped,"(240, 4500, 250, 4682, 28.56)",0.0
Amount_shipped,"(240, 4500, 572, 4680, 30.45)",0.0
Amount_shipped,"(240, 4500, 371, 4764, 52.72)",0.0
Amount_shipped,"(240, 4500, 312, 4747, 62.13)",0.0
Amount_shipped,"(240, 4500, 417, 4874, 76.13)",0.0
Amount_shipped,"(240, 4500, 350, 4738, 111.96)",0.0
Amount_shipped,"(240, 4500, 327, 4722, 125.89)",0.0
Amount_shipped,"(240, 4500, 555, 4937, 127.49)",0.0
Amount_shipped,"(240, 4500, 239, 4765, 151.68)",0.0
Amount_shipped,"(240, 4500, 558, 4583, 208.94)",0.0
Amount_shipped,"(240, 4500, 592, 4773, 272.69)",0.0
Amount_shipped,"(240, 4500, 303, 4682, 594.76)",0.0
Amount_shipped,"(240, 4500, 519, 4618, 758.82)",0.0
Amount_shipped,"(240, 4500, 190, 4740, 907.18)",0.0
Amount_shipped,"(240, 4500, 604, 4955, 907.45)",0.0
Amount_shipped,"(240, 4500, 334, 4799, 1285.48)",0.0
Amount_shipped,"(240, 4500, 402, 4762, 1356.12)",0.0
Amount_shipped,"(240, 4520, 604, 4556, 10.77)",0.0
Amount_shipped,"(240, 4520, 545, 4715, 11.01)",0.0
Amount_shipped,"(240, 4520, 598, 4885, 11.15)",0.0
Amount_shipped,"(240, 4520, 622, 4729, 11.5)",0.0
Amount_shipped,"(240, 4520, 136, 4692, 11.61)",0.0
Amount_shipped,"(240, 4520, 494, 4926, 11.95)",0.0
Amount_shipped,"(240, 4520, 627, 4796, 12.52)",0.0
Amount_shipped,"(240, 4520, 604, 4624, 12.57)",0.0
Amount_shipped,"(240, 4520, 497, 4720, 12.7)",0.0
Amount_shipped,"(240, 4520, 503, 4807, 16.06)",0.0
Amount_shipped,"(240, 4520, 612, 4678, 16.32)",0.0
Amount_shipped,"(240, 4520, 345, 4695, 23.25)",0.0
Amount_shipped,"(240, 4520, 696, 4535, 23.59)",0.0
Amount_shipped,"(240, 4520, 250, 4682, 28.56)",0.0
Amount_shipped,"(240, 4520, 572, 4680, 30.45)",0.0
Amount_shipped,"(240, 4520, 371, 4764, 52.72)",0.0
Amount_shipped,"(240, 4520, 312, 4747, 62.13)",0.0
Amount_shipped,"(240, 4520, 417, 4874, 76.13)",0.0
Amount_shipped,"(240, 4520, 350, 4738, 111.96)",0.0
Amount_shipped,"(240, 4520, 327, 4722, 125.89)",0.0
Amount_shipped,"(240, 4520, 555, 4937, 127.49)",0.0
Amount_shipped,"(240, 4520, 239, 4765, 151.68)",0.0
Amount_shipped,"(240, 4520, 558, 4583, 208.94)",0.0
Amount_shipped,"(240, 4520, 592, 4773, 272.69)",0.0
Amount_shipped,"(240, 4520, 303, 4682, 594.76)",0.0
Amount_shipped,"(240, 4520, 519, 4618, 758.82)",0.0
Amount_shipped,"(240, 4520, 190, 4740, 907.18)",0.0
Amount_shipped,"(240, 4520, 604, 4955, 907.45)",0.0
Amount_shipped,"(240, 4520, 334, 4799, 1285.48)",0.0
Amount_shipped,"(240, 4520, 402, 4762, 1356.12)",0.0
Amount_shipped,"(240, 4540, 604, 4556, 10.77)",0.0
Amount_shipped,"(240, 4540, 545, 4715, 11.01)",0.0
Amount_shipped,"(240, 4540, 598, 4885, 11.15)",0.0
Amount_shipped,"(240, 4540, 622, 4729, 11.5)",0.0
Amount_shipped,"(240, 4540, 136, 4692, 11.61)",0.0
Amount_shipped,"(240, 4540, 494, 4926, 11.95)",0.0
Amount_shipped,"(240, 4540, 627, 4796, 12.52)",0.0
Amount_shipped,"(240, 4540, 604, 4624, 12.57)",0.0
Amount_shipped,"(240, 4540, 497, 4720, 12.7)",0.0
Amount_shipped,"(240, 4540, 503, 4807, 16.06)",0.0
Amount_shipped,"(240, 4540, 612, 4678, 16.32)",0.0
Amount_shipped,"(240, 4540, 345, 4695, 23.25)",0.0
Amount_shipped,"(240, 4540, 696, 4535, 23.59)",0.0
Amount_shipped,"(240, 4540, 250, 4682, 28.56)",0.0
Amount_shipped,"(240, 4540, 572, 4680, 30.45)",0.0
Amount_shipped,"(240, 4540, 371, 4764, 52.72)",0.0
Amount_shipped,"(240, 4540, 312, 4747, 62.13)",0.0
Amount_shipped,"(240, 4540, 417, 4874, 76.13)",0.0
Amount_shipped,"(240, 4540, 350, 4738, 111.96)",0.0
Amount_shipped,"(240, 4540, 327, 4722, 125.89)",0.0
Amount_shipped,"(240, 4540, 555, 4937, 127.49)",0.0
Amount_shipped,"(240, 4540, 239, 4765, 151.68)",0.0
Amount_shipped,"(240, 4540, 558, 4583, 208.94)",0.0
Amount_shipped,"(240, 4540, 592, 4773, 272.69)",0.0
Amount_shipped,"(240, 4540, 303, 4682, 594.76)",0.0
Amount_shipped,"(240, 4540, 519, 4618, 758.82)",0.0
Amount_shipped,"(240, 4540, 190, 4740, 907.18)",0.0
Amount_shipped,"(240, 4540, 604, 4955, 907.45)",0.0
Amount_shipped,"(240, 4540, 334, 4799, 1285.48)",0.0
Amount_shipped,"(240, 4540, 402, 4762, 1356.12)",0.0
Amount_shipped,"(240, 4560, 604, 4556, 10.77)",0.0
Amount_shipped,"(240, 4560, 545, 4715, 11.01)",0.0
Amount_shipped,"(240, 4560, 598, 4885, 11.15)",0.0
Amount_shipped,"(240, 4560, 622, 4729, 11.5)",0.0
Amount_shipped,"(240, 4560, 136, 4692, 11.61)",0.0
Amount_shipped,"(240, 4560, 494, 4926, 11.95)",0.0
Amount_shipped,"(240, 4560, 627, 4796, 12.52)",0.0
Amount_shipped,"(240, 4560, 604, 4624, 12.57)",0.0
Amount_shipped,"(240, 4560, 497, 4720, 12.7)",0.0
Amount_shipped,"(240, 4560, 503, 4807, 16.06)",0.0
Amount_shipped,"(240, 4560, 612, 4678, 16.32)",0.0
Amount_shipped,"(240, 4560, 345, 4695, 23.25)",0.0
Amount_shipped,"(240, 4560, 696, 4535, 23.59)",0.0
Amount_shipped,"(240, 4560, 250, 4682, 28.56)",0.0
Amount_shipped,"(240, 4560, 572, 4680, 30.45)",0.0
Amount_shipped,"(240, 4560, 371, 4764, 52.72)",0.0
Amount_shipped,"(240, 4560, 312, 4747, 62.13)",0.0
Amount_shipped,"(240, 4560, 417, 4874, 76.13)",0.0
Amount_shipped,"(240, 4560, 350, 4738, 111.96)",0.0
Amount_shipped,"(240, 4560, 327, 4722, 125.89)",0.0
Amount_shipped,"(240, 4560, 555, 4937, 127.49)",0.0
Amount_shipped,"(240, 4560, 239, 4765, 151.68)",0.0
Amount_shipped,"(240, 4560, 558, 4583, 208.94)",0.0
Amount_shipped,"(240, 4560, 592, 4773, 272.69)",0.0
Amount_shipped,"(240, 4560, 303, 4682, 594.76)",0.0
Amount_shipped,"(240, 4560, 519, 4618, 758.82)",0.0
Amount_shipped,"(240, 4560, 190, 4740, 907.18)",0.0
Amount_shipped,"(240, 4560, 604, 4955, 907.45)",0.0
Amount_shipped,"(240, 4560, 334, 4799, 1285.48)",0.0
Amount_shipped,"(240, 4560, 402, 4762, 1356.12)",0.0
Amount_shipped,"(240, 4580, 604, 4556, 10.77)",0.0
Amount_shipped,"(240, 4580, 545, 4715, 11.01)",0.0
Amount_shipped,"(240, 4580, 598, 4885, 11.15)",0.0
Amount_shipped,"(240, 4580, 622, 4729, 11.5)",0.0
Amount_shipped,"(240, 4580, 136, 4692, 11.61)",0.0
Amount_shipped,"(240, 4580, 494, 4926, 11.95)",0.0
Amount_shipped,"(240, 4580, 627, 4796, 12.52)",0.0
Amount_shipped,"(240, 4580, 604, 4624, 12.57)",0.0
Amount_shipped,"(240, 4580, 497, 4720, 12.7)",0.0
Amount_shipped,"(240, 4580, 503, 4807, 16.06)",0.0
Amount_shipped,"(240, 4580, 612, 4678, 16.32)",0.0
Amount_shipped,"(240, 4580, 345, 4695, 23.25)",0.0
Amount_shipped,"(240, 4580, 696, 4535, 23.59)",0.0
Amount_shipped,"(240, 4580, 250, 4682, 28.56)",0.0
Amount_shipped,"(240, 4580, 572, 4680, 30.45)",0.0
Amount_shipped,"(240, 4580, 371, 4764, 52.72)",0.0
Amount_shipped,"(240, 4580, 312, 4747, 62.13)",0.0
Amount_shipped,"(240, 4580, 417, 4874, 76.13)",0.0
Amount_shipped,"(240, 4580, 350, 4738, 111.96)",0.0
Amount_shipped,"(240, 4580, 327, 4722, 125.89)",0.0
Amount_shipped,"(240, 4580, 555, 4937, 127.49)",0.0
Amount_shipped,"(240, 4580, 239, 4765, 151.68)",0.0
Amount_shipped,"(240, 4580, 558, 4583, 208.94)",0.0
Amount_shipped,"(240, 4580, 592, 4773, 272.69)",0.0
Amount_shipped,"(240, 4580, 303, 4682, 594.76)",0.0
Amount_shipped,"(240, 4580, 519, 4618, 758.82)",0.0
Amount_shipped,"(240, 4580, 190, 4740, 907.18)",0.0
Amount_shipped,"(240, 4580, 604, 4955, 907.45)",0.0
Amount_shipped,"(240, 4580, 334, 4799, 1285.48)",0.0
Amount_shipped,"(240, 4580, 402, 4762, 1356.12)",0.0
Amount_shipped,"(240, 4600, 604, 4556, 10.77)",0.0
Amount_shipped,"(240, 4600, 545, 4715, 11.01)",0.0
Amount_shipped,"(240, 4600, 598, 4885, 11.15)",0.0
Amount_shipped,"(240, 4600, 622, 4729, 11.5)",0.0
Amount_shipped,"(240, 4600, 136, 4692, 11.61)",0.0
Amount_shipped,"(240, 4600, 494, 4926, 11.95)",0.0
Amount_shipped,"(240, 4600, 627, 4796, 12.52)",0.0
Amount_shipped,"(240, 4600, 604, 4624, 12.57)",0.0
Amount_shipped,"(240, 4600, 497, 4720, 12.7)",0.0
Amount_shipped,"(240, 4600, 503, 4807, 16.06)",0.0
Amount_shipped,"(240, 4600, 612, 4678, 16.32)",0.0
Amount_shipped,"(240, 4600, 345, 4695, 23.25)",0.0
Amount_shipped,"(240, 4600, 696, 4535, 23.59)",0.0
Amount_shipped,"(240, 4600, 250, 4682, 28.56)",0.0
Amount_shipped,"(240, 4600, 572, 4680, 30.45)",0.0
Amount_shipped,"(240, 4600, 371, 4764, 52.72)",0.0
Amount_shipped,"(240, 4600, 312, 4747, 62.13)",0.0
Amount_shipped,"(240, 4600, 417, 4874, 76.13)",0.0
Amount_shipped,"(240, 4600, 350, 4738, 111.96)",0.0
Amount_shipped,"(240, 4600, 327, 4722, 125.89)",0.0
Amount_shipped,"(240, 4600, 555, 4937, 127.49)",0.0
Amount_shipped,"(240, 4600, 239, 4765, 151.68)",0.0
Amount_shipped,"(240, 4600, 558, 4583, 208.94)",0.0
Amount_shipped,"(240, 4600, 592, 4773, 272.69)",0.0
Amount_shipped,"(240, 4600, 303, 4682, 594.76)",0.0
Amount_shipped,"(240, 4600, 519, 4618, 758.82)",0.0
Amount_shipped,"(240, 4600, 190, 4740, 907.18)",0.0
Amount_shipped,"(240, 4600, 604, 4955, 907.45)",0.0
Amount_shipped,"(240, 4600, 334, 4799, 1285.48)",0.0
Amount_shipped,"(240, 4600, 402, 4762, 1356.12)",0.0
Amount_shipped,"(240, 4620, 604, 4556, 10.77)",0.0
Amount_shipped,"(240, 4620, 545, 4715, 11.01)",0.0
Amount_shipped,"(240, 4620, 598, 4885, 11.15)",0.0
Amount_shipped,"(240, 4620, 622, 4729, 11.5)",0.0
Amount_shipped,"(240, 4620, 136, 4692, 11.61)",0.0
Amount_shipped,"(240, 4620, 494, 4926, 11.95)",0.0
Amount_shipped,"(240, 4620, 627, 4796, 12.52)",0.0
Amount_shipped,"(240, 4620, 604, 4624, 12.57)",0.0
Amount_shipped,"(240, 4620, 497, 4720, 12.7)",0.0
Amount_shipped,"(240, 4620, 503, 4807, 16.06)",0.0
Amount_shipped,"(240, 4620, 612, 4678, 16.32)",0.0
Amount_shipped,"(240, 4620, 345, 4695, 23.25)",0.0
Amount_shipped,"(240, 4620, 696, 4535, 23.59)",0.0
Amount_shipped,"(240, 4620, 250, 4682, 28.56)",0.0
Amount_shipped,"(240, 4620, 572, 4680, 30.45)",0.0
Amount_shipped,"(240, 4620, 371, 4764, 52.72)",0.0
Amount_shipped,"(240, 4620, 312, 4747, 62.13)",0.0
Amount_shipped,"(240, 4620, 417, 4874, 76.13)",0.0
Amount_shipped,"(240, 4620, 350, 4738, 111.96)",0.0
Amount_shipped,"(240, 4620, 327, 4722, 125.89)",0.0
Amount_shipped,"(240, 4620, 555, 4937, 127.49)",0.0
Amount_shipped,"(240, 4620, 239, 4765, 151.68)",0.0
Amount_shipped,"(240, 4620, 558, 4583, 208.94)",0.0
Amount_shipped,"(240, 4620, 592, 4773, 272.69)",0.0
Amount_shipped,"(240, 4620, 303, 4682, 594.76)",0.0
Amount_shipped,"(240, 4620, 519, 4618, 758.82)",0.0
Amount_shipped,"(240, 4620, 190, 4740, 907.18)",0.0
Amount_shipped,"(240, 4620, 604, 4955, 907.45)",0.0
Amount_shipped,"(240, 4620, 334, 4799, 1285.48)",0.0
Amount_shipped,"(240, 4620, 402, 4762, 1356.12)",0.0
Amount_shipped,"(240, 4640, 604, 4556, 10.77)",0.0
Amount_shipped,"(240, 4640, 545, 4715, 11.01)",0.0
Amount_shipped,"(240, 4640, 598, 4885, 11.15)",0.0
Amount_shipped,"(240, 4640, 622, 4729, 11.5)",0.0
Amount_shipped,"(240, 4640, 136, 4692, 11.61)",0.0
Amount_shipped,"(240, 4640, 494, 4926, 11.95)",0.0
Amount_shipped,"(240, 4640, 627, 4796, 12.52)",0.0
Amount_shipped,"(240, 4640, 604, 4624, 12.57)",0.0
Amount_shipped,"(240, 4640, 497, 4720, 12.7)",0.0
Amount_shipped,"(240, 4640, 503, 4807, 16.06)",0.0
Amount_shipped,"(240, 4640, 612, 4678, 16.32)",0.0
Amount_shipped,"(240, 4640, 345, 4695, 23.25)",0.0
Amount_shipped,"(240, 4640, 696, 4535, 23.59)",0.0
Amount_shipped,"(240, 4640, 250, 4682, 28.56)",0.0
Amount_shipped,"(240, 4640, 572, 4680, 30.45)",0.0
Amount_shipped,"(240, 4640, 371, 4764, 52.72)",0.0
Amount_shipped,"(240, 4640, 312, 4747, 62.13)",0.0
Amount_shipped,"(240, 4640, 417, 4874, 76.13)",0.0
Amount_shipped,"(240, 4640, 350, 4738, 111.96)",0.0
Amount_shipped,"(240, 4640, 327, 4722, 125.89)",0.0
Amount_shipped,"(240, 4640, 555, 4937, 127.49)",0.0
Amount_shipped,"(240, 4640, 239, 4765, 151.68)",0.0
Amount_shipped,"(240, 4640, 558, 4583, 208.94)",0.0
Amount_shipped,"(240, 4640, 592, 4773, 272.69)",0.0
Amount_shipped,"(240, 4640, 303, 4682, 594.76)",0.0
Amount_shipped,"(240, 4640, 519, 4618, 758.82)",0.0
Amount_shipped,"(240, 4640, 190, 4740, 907.18)",0.0
Amount_shipped,"(240, 4640, 604, 4955, 907.45)",0.0
Amount_shipped,"(240, 4640, 334, 4799, 1285.48)",0.0
Amount_shipped,"(240, 4640, 402, 4762, 1356.12)",0.0
Amount_shipped,"(240, 4660, 604, 4556, 10.77)",0.0
Amount_shipped,"(240, 4660, 545, 4715, 11.01)",0.0
Amount_shipped,"(240, 4660, 598, 4885, 11.15)",0.0
Amount_shipped,"(240, 4660, 622, 4729, 11.5)",0.0
Amount_shipped,"(240, 4660, 136, 4692, 11.61)",0.0
Amount_shipped,"(240, 4660, 494, 4926, 11.95)",0.0
Amount_shipped,"(240, 4660, 627, 4796, 12.52)",0.0
Amount_shipped,"(240, 4660, 604, 4624, 12.57)",0.0
Amount_shipped,"(240, 4660, 497, 4720, 12.7)",0.0
Amount_shipped,"(240, 4660, 503, 4807, 16.06)",0.0
Amount_shipped,"(240, 4660, 612, 4678, 16.32)",0.0
Amount_shipped,"(240, 4660, 345, 4695, 23.25)",0.0
Amount_shipped,"(240, 4660, 696, 4535, 23.59)",0.0
Amount_shipped,"(240, 4660, 250, 4682, 28.56)",0.0
Amount_shipped,"(240, 4660, 572, 4680, 30.45)",0.0
Amount_shipped,"(240, 4660, 371, 4764, 52.72)",0.0
Amount_shipped,"(240, 4660, 312, 4747, 62.13)",0.0
Amount_shipped,"(240, 4660, 417, 4874, 76.13)",0.0
Amount_shipped,"(240, 4660, 350, 4738, 111.96)",0.0
Amount_shipped,"(240, 4660, 327, 4722, 125.89)",0.0
Amount_shipped,"(240, 4660, 555, 4937, 127.49)",0.0
Amount_shipped,"(240, 4660, 239, 4765, 151.68)",0.0
Amount_shipped,"(240, 4660, 558, 4583, 208.94)",0.0
Amount_shipped,"(240, 4660, 592, 4773, 272.69)",0.0
Amount_shipped,"(240, 4660, 303, 4682, 594.76)",0.0
Amount_shipped,"(240, 4660, 519, 4618, 758.82)",0.0
Amount_shipped,"(240, 4660, 190, 4740, 907.18)",0.0
Amount_shipped,"(240, 4660, 604, 4955, 907.45)",0.0
Amount_shipped,"(240, 4660, 334, 4799, 1285.48)",0.0
Amount_shipped,"(240, 4660, 402, 4762, 1356.12)",0.0
Amount_shipped,"(240, 4680, 604, 4556, 10.77)",0.0
Amount_shipped,"(240, 4680, 545, 4715, 11.01)",0.0
Amount_shipped,"(240, 4680, 598, 4885, 11.15)",0.0
Amount_shipped,"(240, 4680, 622, 4729, 11.5)",0.0
Amount_shipped,"(240, 4680, 136, 4692, 11.61)",0.0
Amount_shipped,"(240, 4680, 494, 4926, 11.95)",0.0
Amount_shipped,"(240, 4680, 627, 4796, 12.52)",0.0
Amount_shipped,"(240, 4680, 604, 4624, 12.57)",0.0
Amount_shipped,"(240, 4680, 497, 4720, 12.7)",0.0
Amount_shipped,"(240, 4680, 503, 4807, 16.06)",0.0
Amount_shipped,"(240, 4680, 612, 4678, 16.32)",0.0
Amount_shipped,"(240, 4680, 345, 4695, 23.25)",0.0
Amount_shipped,"(240, 4680, 696, 4535, 23.59)",0.0
Amount_shipped,"(240, 4680, 250, 4682, 28.56)",0.0
Amount_shipped,"(240, 4680, 572, 4680, 30.45)",0.0
Amount_shipped,"(240, 4680, 371, 4764, 52.72)",0.0
Amount_shipped,"(240, 4680, 312, 4747, 62.13)",0.0
Amount_shipped,"(240, 4680, 417, 4874, 76.13)",0.0
Amount_shipped,"(240, 4680, 350, 4738, 111.96)",0.0
Amount_shipped,"(240, 4680, 327, 4722, 125.89)",0.0
Amount_shipped,"(240, 4680, 555, 4937, 127.49)",0.0
Amount_shipped,"(240, 4680, 239, 4765, 151.68)",0.0
Amount_shipped,"(240, 4680, 558, 4583, 208.94)",0.0
Amount_shipped,"(240, 4680, 592, 4773, 272.69)",0.0
Amount_shipped,"(240, 4680, 303, 4682, 594.76)",0.0
Amount_shipped,"(240, 4680, 519, 4618, 758.82)",0.0
Amount_shipped,"(240, 4680, 190, 4740, 907.18)",0.0
Amount_shipped,"(240, 4680, 604, 4955, 907.45)",0.0
Amount_shipped,"(240, 4680, 334, 4799, 1285.48)",0.0
Amount_shipped,"(240, 4680, 402, 4762, 1356.12)",0.0
Amount_shipped,"(240, 4700, 604, 4556, 10.77)",0.0
Amount_shipped,"(240, 4700, 545, 4715, 11.01)",0.0
Amount_shipped,"(240, 4700, 598, 4885, 11.15)",0.0
Amount_shipped,"(240, 4700, 622, 4729, 11.5)",0.0
Amount_shipped,"(240, 4700, 136, 4692, 11.61)",0.0
Amount_shipped,"(240, 4700, 494, 4926, 11.95)",0.0
Amount_shipped,"(240, 4700, 627, 4796, 12.52)",0.0
Amount_shipped,"(240, 4700, 604, 4624, 12.57)",0.0
Amount_shipped,"(240, 4700, 497, 4720, 12.7)",0.0
Amount_shipped,"(240, 4700, 503, 4807, 16.06)",0.0
Amount_shipped,"(240, 4700, 612, 4678, 16.32)",0.0
Amount_shipped,"(240, 4700, 345, 4695, 23.25)",0.0
Amount_shipped,"(240, 4700, 696, 4535, 23.59)",0.0
Amount_shipped,"(240, 4700, 250, 4682, 28.56)",0.0
Amount_shipped,"(240, 4700, 572, 4680, 30.45)",0.0
Amount_shipped,"(240, 4700, 371, 4764, 52.72)",0.0
Amount_shipped,"(240, 4700, 312, 4747, 62.13)",0.0
Amount_shipped,"(240, 4700, 417, 4874, 76.13)",0.0
Amount_shipped,"(240, 4700, 350, 4738, 111.96)",0.0
Amount_shipped,"(240, 4700, 327, 4722, 125.89)",0.0
Amount_shipped,"(240, 4700, 555, 4937, 127.49)",0.0
Amount_shipped,"(240, 4700, 239, 4765, 151.68)",0.0
Amount_shipped,"(240, 4700, 558, 4583, 208.94)",0.0
Amount_shipped,"(240, 4700, 592, 4773, 272.69)",0.0
Amount_shipped,"(240, 4700, 303, 4682, 594.76)",0.0
Amount_shipped,"(240, 4700, 519, 4618, 758.82)",0.0
Amount_shipped,"(240, 4700, 190, 4740, 907.18)",0.0
Amount_shipped,"(240, 4700, 604, 4955, 907.45)",0.0
Amount_shipped,"(240, 4700, 334, 4799, 1285.48)",0.0
Amount_shipped,"(240, 4700, 402, 4762, 1356.12)",0.0
Amount_shipped,"(240, 4720, 604, 4556, 10.77)",0.0
Amount_shipped,"(240, 4720, 545, 4715, 11.01)",0.0
Amount_shipped,"(240, 4720, 598, 4885, 11.15)",0.0
Amount_shipped,"(240, 4720, 622, 4729, 11.5)",0.0
Amount_shipped,"(240, 4720, 136, 4692, 11.61)",0.0
Amount_shipped,"(240, 4720, 494, 4926, 11.95)",0.0
Amount_shipped,"(240, 4720, 627, 4796, 12.52)",0.0
Amount_shipped,"(240, 4720, 604, 4624, 12.57)",0.0
Amount_shipped,"(240, 4720, 497, 4720, 12.7)",0.0
Amount_shipped,"(240, 4720, 503, 4807, 16.06)",0.0
Amount_shipped,"(240, 4720, 612, 4678, 16.32)",0.0
Amount_shipped,"(240, 4720, 345, 4695, 23.25)",0.0
Amount_shipped,"(240, 4720, 696, 4535, 23.59)",0.0
Amount_shipped,"(240, 4720, 250, 4682, 28.56)",0.0
Amount_shipped,"(240, 4720, 572, 4680, 30.45)",0.0
Amount_shipped,"(240, 4720, 371, 4764, 52.72)",0.0
Amount_shipped,"(240, 4720, 312, 4747, 62.13)",0.0
Amount_shipped,"(240, 4720, 417, 4874, 76.13)",0.0
Amount_shipped,"(240, 4720, 350, 4738, 111.96)",0.0
Amount_shipped,"(240, 4720, 327, 4722, 125.89)",0.0
Amount_shipped,"(240, 4720, 555, 4937, 127.49)",0.0
Amount_shipped,"(240, 4720, 239, 4765, 151.68)",0.0
Amount_shipped,"(240, 4720, 558, 4583, 208.94)",0.0
Amount_shipped,"(240, 4720, 592, 4773, 272.69)",0.0
Amount_shipped,"(240, 4720, 303, 4682, 594.76)",0.0
Amount_shipped,"(240, 4720, 519, 4618, 758.82)",0.0
Amount_shipped,"(240, 4720, 190, 4740, 907.18)",0.0
Amount_shipped,"(240, 4720, 604, 4955, 907.45)",0.0
Amount_shipped,"(240, 4720, 334, 4799, 1285.48)",0.0
Amount_shipped,"(240, 4720, 402, 4762, 1356.12)",0.0
Amount_shipped,"(240, 4740, 604, 4556, 10.77)",0.0
Amount_shipped,"(240, 4740, 545, 4715, 11.01)",0.0
Amount_shipped,"(240, 4740, 598, 4885, 11.15)",0.0
Amount_shipped,"(240, 4740, 622, 4729, 11.5)",0.0
Amount_shipped,"(240, 4740, 136, 4692, 11.61)",0.0
Amount_shipped,"(240, 4740, 494, 4926, 11.95)",0.0
Amount_shipped,"(240, 4740, 627, 4796, 12.52)",0.0
Amount_shipped,"(240, 4740, 604, 4624, 12.57)",0.0
Amount_shipped,"(240, 4740, 497, 4720, 12.7)",0.0
Amount_shipped,"(240, 4740, 503, 4807, 16.06)",0.0
Amount_shipped,"(240, 4740, 612, 4678, 16.32)",0.0
Amount_shipped,"(240, 4740, 345, 4695, 23.25)",0.0
Amount_shipped,"(240, 4740, 696, 4535, 23.59)",0.0
Amount_shipped,"(240, 4740, 250, 4682, 28.56)",0.0
Amount_shipped,"(240, 4740, 572, 4680, 30.45)",0.0
Amount_shipped,"(240, 4740, 371, 4764, 52.72)",0.0
Amount_shipped,"(240, 4740, 312, 4747, 62.13)",0.0
Amount_shipped,"(240, 4740, 417, 4874, 76.13)",0.0
Amount_shipped,"(240, 4740, 350, 4738, 111.96)",0.0
Amount_shipped,"(240, 4740, 327, 4722, 125.89)",0.0
Amount_shipped,"(240, 4740, 555, 4937, 127.49)",0.0
Amount_shipped,"(240, 4740, 239, 4765, 151.68)",0.0
Amount_shipped,"(240, 4740, 558, 4583, 208.94)",0.0
Amount_shipped,"(240, 4740, 592, 4773, 272.69)",0.0
Amount_shipped,"(240, 4740, 303, 4682, 594.76)",0.0
Amount_shipped,"(240, 4740, 519, 4618, 758.82)",0.0
Amount_shipped,"(240, 4740, 190, 4740, 907.18)",0.0
Amount_shipped,"(240, 4740, 604, 4955, 907.45)",0.0
Amount_shipped,"(240, 4740, 334, 4799, 1285.48)",0.0
Amount_shipped,"(240, 4740, 402, 4762, 1356.12)",0.0
Amount_shipped,"(240, 4760, 604, 4556, 10.77)",0.0
Amount_shipped,"(240, 4760, 545, 4715, 11.01)",0.0
Amount_shipped,"(240, 4760, 598, 4885, 11.15)",0.0
Amount_shipped,"(240, 4760, 622, 4729, 11.5)",0.0
Amount_shipped,"(240, 4760, 136, 4692, 11.61)",0.0
Amount_shipped,"(240, 4760, 494, 4926, 11.95)",0.0
Amount_shipped,"(240, 4760, 627, 4796, 12.52)",0.0
Amount_shipped,"(240, 4760, 604, 4624, 12.57)",0.0
Amount_shipped,"(240, 4760, 497, 4720, 12.7)",0.0
Amount_shipped,"(240, 4760, 503, 4807, 16.06)",0.0
Amount_shipped,"(240, 4760, 612, 4678, 16.32)",0.0
Amount_shipped,"(240, 4760, 345, 4695, 23.25)",0.0
Amount_shipped,"(240, 4760, 696, 4535, 23.59)",0.0
Amount_shipped,"(240, 4760, 250, 4682, 28.56)",0.0
Amount_shipped,"(240, 4760, 572, 4680, 30.45)",0.0
Amount_shipped,"(240, 4760, 371, 4764, 52.72)",0.0
Amount_shipped,"(240, 4760, 312, 4747, 62.13)",0.0
Amount_shipped,"(240, 4760, 417, 4874, 76.13)",0.0
Amount_shipped,"(240, 4760, 350, 4738, 111.96)",0.0
Amount_shipped,"(240, 4760, 327, 4722, 125.89)",0.0
Amount_shipped,"(240, 4760, 555, 4937, 127.49)",0.0
Amount_shipped,"(240, 4760, 239, 4765, 151.68)",0.0
Amount_shipped,"(240, 4760, 558, 4583, 208.94)",0.0
Amount_shipped,"(240, 4760, 592, 4773, 272.69)",0.0
Amount_shipped,"(240, 4760, 303, 4682, 594.76)",0.0
Amount_shipped,"(240, 4760, 519, 4618, 758.82)",0.0
Amount_shipped,"(240, 4760, 190, 4740, 907.18)",0.0
Amount_shipped,"(240, 4760, 604, 4955, 907.45)",0.0
Amount_shipped,"(240, 4760, 334, 4799, 1285.48)",0.0
Amount_shipped,"(240, 4760, 402, 4762, 1356.12)",0.0
Amount_shipped,"(240, 4780, 604, 4556, 10.77)",0.0
Amount_shipped,"(240, 4780, 545, 4715, 11.01)",0.0
Amount_shipped,"(240, 4780, 598, 4885, 11.15)",0.0
Amount_shipped,"(240, 4780, 622, 4729, 11.5)",0.0
Amount_shipped,"(240, 4780, 136, 4692, 11.61)",0.0
Amount_shipped,"(240, 4780, 494, 4926, 11.95)",0.0
Amount_shipped,"(240, 4780, 627, 4796, 12.52)",0.0
Amount_shipped,"(240, 4780, 604, 4624, 12.57)",0.0
Amount_shipped,"(240, 4780, 497, 4720, 12.7)",0.0
Amount_shipped,"(240, 4780, 503, 4807, 16.06)",0.0
Amount_shipped,"(240, 4780, 612, 4678, 16.32)",0.0
Amount_shipped,"(240, 4780, 345, 4695, 23.25)",0.0
Amount_shipped,"(240, 4780, 696, 4535, 23.59)",0.0
Amount_shipped,"(240, 4780, 250, 4682, 28.56)",0.0
Amount_shipped,"(240, 4780, 572, 4680, 30.45)",0.0
Amount_shipped,"(240, 4780, 371, 4764, 52.72)",0.0
Amount_shipped,"(240, 4780, 312, 4747, 62.13)",0.0
Amount_shipped,"(240, 4780, 417, 4874, 76.13)",0.0
Amount_shipped,"(240, 4780, 350, 4738, 111.96)",0.0
Amount_shipped,"(240, 4780, 327, 4722, 125.89)",0.0
Amount_shipped,"(240, 4780, 555, 4937, 127.49)",0.0
Amount_shipped,"(240, 4780, 239, 4765, 151.68)",0.0
Amount_shipped,"(240, 4780, 558, 4583, 208.94)",0.0
Amount_shipped,"(240, 4780, 592, 4773, 272.69)",0.0
Amount_shipped,"(240, 4780, 303, 4682, 594.76)",0.0
Amount_shipped,"(240, 4780, 519, 4618, 758.82)",0.0
Amount_shipped,"(240, 4780, 190, 4740, 907.18)",0.0
Amount_shipped,"(240, 4780, 604, 4955, 907.45)",0.0
Amount_shipped,"(240, 4780, 334, 4799, 1285.48)",0.0
Amount_shipped,"(240, 4780, 402, 4762, 1356.12)",0.0
Amount_shipped,"(240, 4800, 604, 4556, 10.77)",0.0
Amount_shipped,"(240, 4800, 545, 4715, 11.01)",0.0
Amount_shipped,"(240, 4800, 598, 4885, 11.15)",0.0
Amount_shipped,"(240, 4800, 622, 4729, 11.5)",0.0
Amount_shipped,"(240, 4800, 136, 4692, 11.61)",0.0
Amount_shipped,"(240, 4800, 494, 4926, 11.95)",0.0
Amount_shipped,"(240, 4800, 627, 4796, 12.52)",0.0
Amount_shipped,"(240, 4800, 604, 4624, 12.57)",0.0
Amount_shipped,"(240, 4800, 497, 4720, 12.7)",0.0
Amount_shipped,"(240, 4800, 503, 4807, 16.06)",0.0
Amount_shipped,"(240, 4800, 612, 4678, 16.32)",0.0
Amount_shipped,"(240, 4800, 345, 4695, 23.25)",0.0
Amount_shipped,"(240, 4800, 696, 4535, 23.59)",0.0
Amount_shipped,"(240, 4800, 250, 4682, 28.56)",0.0
Amount_shipped,"(240, 4800, 572, 4680, 30.45)",0.0
Amount_shipped,"(240, 4800, 371, 4764, 52.72)",0.0
Amount_shipped,"(240, 4800, 312, 4747, 62.13)",0.0
Amount_shipped,"(240, 4800, 417, 4874, 76.13)",0.0
Amount_shipped,"(240, 4800, 350, 4738, 111.96)",0.0
Amount_shipped,"(240, 4800, 327, 4722, 125.89)",0.0
Amount_shipped,"(240, 4800, 555, 4937, 127.49)",0.0
Amount_shipped,"(240, 4800, 239, 4765, 151.68)",0.0
Amount_shipped,"(240, 4800, 558, 4583, 208.94)",0.0
Amount_shipped,"(240, 4800, 592, 4773, 272.69)",0.0
Amount_shipped,"(240, 4800, 303, 4682, 594.76)",0.0
Amount_shipped,"(240, 4800, 519, 4618, 758.82)",0.0
Amount_shipped,"(240, 4800, 190, 4740, 907.18)",0.0
Amount_shipped,"(240, 4800, 604, 4955, 907.45)",0.0
Amount_shipped,"(240, 4800, 334, 4799, 1285.48)",0.0
Amount_shipped,"(240, 4800, 402, 4762, 1356.12)",0.0
Amount_shipped,"(240, 4820, 604, 4556, 10.77)",0.0
Amount_shipped,"(240, 4820, 545, 4715, 11.01)",0.0
Amount_shipped,"(240, 4820, 598, 4885, 11.15)",0.0
Amount_shipped,"(240, 4820, 622, 4729, 11.5)",0.0
Amount_shipped,"(240, 4820, 136, 4692, 11.61)",0.0
Amount_shipped,"(240, 4820, 494, 4926, 11.95)",0.0
Amount_shipped,"(240, 4820, 627, 4796, 12.52)",0.0
Amount_shipped,"(240, 4820, 604, 4624, 12.57)",0.0
Amount_shipped,"(240, 4820, 497, 4720, 12.7)",0.0
Amount_shipped,"(240, 4820, 503, 4807, 16.06)",0.0
Amount_shipped,"(240, 4820, 612, 4678, 16.32)",0.0
Amount_shipped,"(240, 4820, 345, 4695, 23.25)",0.0
Amount_shipped,"(240, 4820, 696, 4535, 23.59)",0.0
Amount_shipped,"(240, 4820, 250, 4682, 28.56)",0.0
Amount_shipped,"(240, 4820, 572, 4680, 30.45)",0.0
Amount_shipped,"(240, 4820, 371, 4764, 52.72)",0.0
Amount_shipped,"(240, 4820, 312, 4747, 62.13)",0.0
Amount_shipped,"(240, 4820, 417, 4874, 76.13)",0.0
Amount_shipped,"(240, 4820, 350, 4738, 111.96)",0.0
Amount_shipped,"(240, 4820, 327, 4722, 125.89)",0.0
Amount_shipped,"(240, 4820, 555, 4937, 127.49)",0.0
Amount_shipped,"(240, 4820, 239, 4765, 151.68)",0.0
Amount_shipped,"(240, 4820, 558, 4583, 208.94)",0.0
Amount_shipped,"(240, 4820, 592, 4773, 272.69)",0.0
Amount_shipped,"(240, 4820, 303, 4682, 594.76)",0.0
Amount_shipped,"(240, 4820, 519, 4618, 758.82)",0.0
Amount_shipped,"(240, 4820, 190, 4740, 907.18)",0.0
Amount_shipped,"(240, 4820, 604, 4955, 907.45)",0.0
Amount_shipped,"(240, 4820, 334, 4799, 1285.48)",0.0
Amount_shipped,"(240, 4820, 402, 4762, 1356.12)",0.0
Amount_shipped,"(240, 4840, 604, 4556, 10.77)",0.0
Amount_shipped,"(240, 4840, 545, 4715, 11.01)",0.0
Amount_shipped,"(240, 4840, 598, 4885, 11.15)",0.0
Amount_shipped,"(240, 4840, 622, 4729, 11.5)",0.0
Amount_shipped,"(240, 4840, 136, 4692, 11.61)",0.0
Amount_shipped,"(240, 4840, 494, 4926, 11.95)",0.0
Amount_shipped,"(240, 4840, 627, 4796, 12.52)",0.0
Amount_shipped,"(240, 4840, 604, 4624, 12.57)",0.0
Amount_shipped,"(240, 4840, 497, 4720, 12.7)",0.0
Amount_shipped,"(240, 4840, 503, 4807, 16.06)",0.0
Amount_shipped,"(240, 4840, 612, 4678, 16.32)",0.0
Amount_shipped,"(240, 4840, 345, 4695, 23.25)",0.0
Amount_shipped,"(240, 4840, 696, 4535, 23.59)",0.0
Amount_shipped,"(240, 4840, 250, 4682, 28.56)",0.0
Amount_shipped,"(240, 4840, 572, 4680, 30.45)",0.0
Amount_shipped,"(240, 4840, 371, 4764, 52.72)",0.0
Amount_shipped,"(240, 4840, 312, 4747, 62.13)",0.0
Amount_shipped,"(240, 4840, 417, 4874, 76.13)",0.0
Amount_shipped,"(240, 4840, 350, 4738, 111.96)",0.0
Amount_shipped,"(240, 4840, 327, 4722, 125.89)",0.0
Amount_shipped,"(240, 4840, 555, 4937, 127.49)",0.0
Amount_shipped,"(240, 4840, 239, 4765, 151.68)",0.0
Amount_shipped,"(240, 4840, 558, 4583, 208.94)",0.0
Amount_shipped,"(240, 4840, 592, 4773, 272.69)",0.0
Amount_shipped,"(240, 4840, 303, 4682, 594.76)",0.0
Amount_shipped,"(240, 4840, 519, 4618, 758.82)",0.0
Amount_shipped,"(240, 4840, 190, 4740, 907.18)",0.0
Amount_shipped,"(240, 4840, 604, 4955, 907.45)",0.0
Amount_shipped,"(240, 4840, 334, 4799, 1285.48)",0.0
Amount_shipped,"(240, 4840, 402, 4762, 1356.12)",0.0
Amount_shipped,"(240, 4860, 604, 4556, 10.77)",0.0
Amount_shipped,"(240, 4860, 545, 4715, 11.01)",0.0
Amount_shipped,"(240, 4860, 598, 4885, 11.15)",0.0
Amount_shipped,"(240, 4860, 622, 4729, 11.5)",0.0
Amount_shipped,"(240, 4860, 136, 4692, 11.61)",0.0
Amount_shipped,"(240, 4860, 494, 4926, 11.95)",0.0
Amount_shipped,"(240, 4860, 627, 4796, 12.52)",0.0
Amount_shipped,"(240, 4860, 604, 4624, 12.57)",0.0
Amount_shipped,"(240, 4860, 497, 4720, 12.7)",0.0
Amount_shipped,"(240, 4860, 503, 4807, 16.06)",0.0
Amount_shipped,"(240, 4860, 612, 4678, 16.32)",0.0
Amount_shipped,"(240, 4860, 345, 4695, 23.25)",0.0
Amount_shipped,"(240, 4860, 696, 4535, 23.59)",0.0
Amount_shipped,"(240, 4860, 250, 4682, 28.56)",0.0
Amount_shipped,"(240, 4860, 572, 4680, 30.45)",0.0
Amount_shipped,"(240, 4860, 371, 4764, 52.72)",0.0
Amount_shipped,"(240, 4860, 312, 4747, 62.13)",0.0
Amount_shipped,"(240, 4860, 417, 4874, 76.13)",0.0
Amount_shipped,"(240, 4860, 350, 4738, 111.96)",0.0
Amount_shipped,"(240, 4860, 327, 4722, 125.89)",0.0
Amount_shipped,"(240, 4860, 555, 4937, 127.49)",0.0
Amount_shipped,"(240, 4860, 239, 4765, 151.68)",0.0
Amount_shipped,"(240, 4860, 558, 4583, 208.94)",0.0
Amount_shipped,"(240, 4860, 592, 4773, 272.69)",0.0
Amount_shipped,"(240, 4860, 303, 4682, 594.76)",0.0
Amount_shipped,"(240, 4860, 519, 4618, 758.82)",0.0
Amount_shipped,"(240, 4860, 190, 4740, 907.18)",0.0
Amount_shipped,"(240, 4860, 604, 4955, 907.45)",0.0
Amount_shipped,"(240, 4860, 334, 4799, 1285.48)",0.0
Amount_shipped,"(240, 4860, 402, 4762, 1356.12)",0.0
Amount_shipped,"(240, 4880, 604, 4556, 10.77)",0.0
Amount_shipped,"(240, 4880, 545, 4715, 11.01)",0.0
Amount_shipped,"(240, 4880, 598, 4885, 11.15)",0.0
Amount_shipped,"(240, 4880, 622, 4729, 11.5)",0.0
Amount_shipped,"(240, 4880, 136, 4692, 11.61)",0.0
Amount_shipped,"(240, 4880, 494, 4926, 11.95)",0.0
Amount_shipped,"(240, 4880, 627, 4796, 12.52)",0.0
Amount_shipped,"(240, 4880, 604, 4624, 12.57)",0.0
Amount_shipped,"(240, 4880, 497, 4720, 12.7)",0.0
Amount_shipped,"(240, 4880, 503, 4807, 16.06)",0.0
Amount_shipped,"(240, 4880, 612, 4678, 16.32)",0.0
Amount_shipped,"(240, 4880, 345, 4695, 23.25)",0.0
Amount_shipped,"(240, 4880, 696, 4535, 23.59)",0.0
Amount_shipped,"(240, 4880, 250, 4682, 28.56)",0.0
Amount_shipped,"(240, 4880, 572, 4680, 30.45)",0.0
Amount_shipped,"(240, 4880, 371, 4764, 52.72)",0.0
Amount_shipped,"(240, 4880, 312, 4747, 62.13)",0.0
Amount_shipped,"(240, 4880, 417, 4874, 76.13)",0.0
Amount_shipped,"(240, 4880, 350, 4738, 111.96)",0.0
Amount_shipped,"(240, 4880, 327, 4722, 125.89)",0.0
Amount_shipped,"(240, 4880, 555, 4937, 127.49)",0.0
Amount_shipped,"(240, 4880, 239, 4765, 151.68)",0.0
Amount_shipped,"(240, 4880, 558, 4583, 208.94)",0.0
Amount_shipped,"(240, 4880, 592, 4773, 272.69)",0.0
Amount_shipped,"(240, 4880, 303, 4682, 594.76)",0.0
Amount_shipped,"(240, 4880, 519, 4618, 758.82)",0.0
Amount_shipped,"(240, 4880, 190, 4740, 907.18)",0.0
Amount_shipped,"(240, 4880, 604, 4955, 907.45)",0.0
Amount_shipped,"(240, 4880, 334, 4799, 1285.48)",0.0
Amount_shipped,"(240, 4880, 402, 4762, 1356.12)",0.0
Amount_shipped,"(240, 4900, 604, 4556, 10.77)",0.0
Amount_shipped,"(240, 4900, 545, 4715, 11.01)",0.0
Amount_shipped,"(240, 4900, 598, 4885, 11.15)",0.0
Amount_shipped,"(240, 4900, 622, 4729, 11.5)",0.0
Amount_shipped,"(240, 4900, 136, 4692, 11.61)",0.0
Amount_shipped,"(240, 4900, 494, 4926, 11.95)",0.0
Amount_shipped,"(240, 4900, 627, 4796, 12.52)",0.0
Amount_shipped,"(240, 4900, 604, 4624, 12.57)",0.0
Amount_shipped,"(240, 4900, 497, 4720, 12.7)",0.0
Amount_shipped,"(240, 4900, 503, 4807, 16.06)",0.0
Amount_shipped,"(240, 4900, 612, 4678, 16.32)",0.0
Amount_shipped,"(240, 4900, 345, 4695, 23.25)",0.0
Amount_shipped,"(240, 4900, 696, 4535, 23.59)",0.0
Amount_shipped,"(240, 4900, 250, 4682, 28.56)",0.0
Amount_shipped,"(240, 4900, 572, 4680, 30.45)",0.0
Amount_shipped,"(240, 4900, 371, 4764, 52.72)",0.0
Amount_shipped,"(240, 4900, 312, 4747, 62.13)",0.0
Amount_shipped,"(240, 4900, 417, 4874, 76.13)",0.0
Amount_shipped,"(240, 4900, 350, 4738, 111.96)",0.0
Amount_shipped,"(240, 4900, 327, 4722, 125.89)",0.0
Amount_shipped,"(240, 4900, 555, 4937, 127.49)",0.0
Amount_shipped,"(240, 4900, 239, 4765, 151.68)",0.0
Amount_shipped,"(240, 4900, 558, 4583, 208.94)",0.0
Amount_shipped,"(240, 4900, 592, 4773, 272.69)",0.0
Amount_shipped,"(240, 4900, 303, 4682, 594.76)",0.0
Amount_shipped,"(240, 4900, 519, 4618, 758.82)",0.0
Amount_shipped,"(240, 4900, 190, 4740, 907.18)",0.0
Amount_shipped,"(240, 4900, 604, 4955, 907.45)",0.0
Amount_shipped,"(240, 4900, 334, 4799, 1285.48)",0.0
Amount_shipped,"(240, 4900, 402, 4762, 1356.12)",0.0
Amount_shipped,"(240, 4920, 604, 4556, 10.77)",0.0
Amount_shipped,"(240, 4920, 545, 4715, 11.01)",0.0
Amount_shipped,"(240, 4920, 598, 4885, 11.15)",0.0
Amount_shipped,"(240, 4920, 622, 4729, 11.5)",0.0
Amount_shipped,"(240, 4920, 136, 4692, 11.61)",0.0
Amount_shipped,"(240, 4920, 494, 4926, 11.95)",0.0
Amount_shipped,"(240, 4920, 627, 4796, 12.52)",0.0
Amount_shipped,"(240, 4920, 604, 4624, 12.57)",0.0
Amount_shipped,"(240, 4920, 497, 4720, 12.7)",0.0
Amount_shipped,"(240, 4920, 503, 4807, 16.06)",0.0
Amount_shipped,"(240, 4920, 612, 4678, 16.32)",0.0
Amount_shipped,"(240, 4920, 345, 4695, 23.25)",0.0
Amount_shipped,"(240, 4920, 696, 4535, 23.59)",0.0
Amount_shipped,"(240, 4920, 250, 4682, 28.56)",0.0
Amount_shipped,"(240, 4920, 572, 4680, 30.45)",0.0
Amount_shipped,"(240, 4920, 371, 4764, 52.72)",0.0
Amount_shipped,"(240, 4920, 312, 4747, 62.13)",0.0
Amount_shipped,"(240, 4920, 417, 4874, 76.13)",0.0
Amount_shipped,"(240, 4920, 350, 4738, 111.96)",0.0
Amount_shipped,"(240, 4920, 327, 4722, 125.89)",0.0
Amount_shipped,"(240, 4920, 555, 4937, 127.49)",0.0
Amount_shipped,"(240, 4920, 239, 4765, 151.68)",0.0
Amount_shipped,"(240, 4920, 558, 4583, 208.94)",0.0
Amount_shipped,"(240, 4920, 592, 4773, 272.69)",0.0
Amount_shipped,"(240, 4920, 303, 4682, 594.76)",0.0
Amount_shipped,"(240, 4920, 519, 4618, 758.82)",0.0
Amount_shipped,"(240, 4920, 190, 4740, 907.18)",0.0
Amount_shipped,"(240, 4920, 604, 4955, 907.45)",0.0
Amount_shipped,"(240, 4920, 334, 4799, 1285.48)",0.0
Amount_shipped,"(240, 4920, 402, 4762, 1356.12)",0.0
Amount_shipped,"(240, 4940, 604, 4556, 10.77)",0.0
Amount_shipped,"(240, 4940, 545, 4715, 11.01)",0.0
Amount_shipped,"(240, 4940, 598, 4885, 11.15)",0.0
Amount_shipped,"(240, 4940, 622, 4729, 11.5)",0.0
Amount_shipped,"(240, 4940, 136, 4692, 11.61)",0.0
Amount_shipped,"(240, 4940, 494, 4926, 11.95)",0.0
Amount_shipped,"(240, 4940, 627, 4796, 12.52)",0.0
Amount_shipped,"(240, 4940, 604, 4624, 12.57)",0.0
Amount_shipped,"(240, 4940, 497, 4720, 12.7)",0.0
Amount_shipped,"(240, 4940, 503, 4807, 16.06)",0.0
Amount_shipped,"(240, 4940, 612, 4678, 16.32)",0.0
Amount_shipped,"(240, 4940, 345, 4695, 23.25)",0.0
Amount_shipped,"(240, 4940, 696, 4535, 23.59)",0.0
Amount_shipped,"(240, 4940, 250, 4682, 28.56)",0.0
Amount_shipped,"(240, 4940, 572, 4680, 30.45)",0.0
Amount_shipped,"(240, 4940, 371, 4764, 52.72)",0.0
Amount_shipped,"(240, 4940, 312, 4747, 62.13)",0.0
Amount_shipped,"(240, 4940, 417, 4874, 76.13)",0.0
Amount_shipped,"(240, 4940, 350, 4738, 111.96)",0.0
Amount_shipped,"(240, 4940, 327, 4722, 125.89)",0.0
Amount_shipped,"(240, 4940, 555, 4937, 127.49)",0.0
Amount_shipped,"(240, 4940, 239, 4765, 151.68)",0.0
Amount_shipped,"(240, 4940, 558, 4583, 208.94)",0.0
Amount_shipped,"(240, 4940, 592, 4773, 272.69)",0.0
Amount_shipped,"(240, 4940, 303, 4682, 594.76)",0.0
Amount_shipped,"(240, 4940, 519, 4618, 758.82)",0.0
Amount_shipped,"(240, 4940, 190, 4740, 907.18)",0.0
Amount_shipped,"(240, 4940, 604, 4955, 907.45)",0.0
Amount_shipped,"(240, 4940, 334, 4799, 1285.48)",0.0
Amount_shipped,"(240, 4940, 402, 4762, 1356.12)",0.0
Amount_shipped,"(240, 4960, 604, 4556, 10.77)",0.0
Amount_shipped,"(240, 4960, 545, 4715, 11.01)",0.0
Amount_shipped,"(240, 4960, 598, 4885, 11.15)",0.0
Amount_shipped,"(240, 4960, 622, 4729, 11.5)",0.0
Amount_shipped,"(240, 4960, 136, 4692, 11.61)",0.0
Amount_shipped,"(240, 4960, 494, 4926, 11.95)",0.0
Amount_shipped,"(240, 4960, 627, 4796, 12.52)",0.0
Amount_shipped,"(240, 4960, 604, 4624, 12.57)",0.0
Amount_shipped,"(240, 4960, 497, 4720, 12.7)",0.0
Amount_shipped,"(240, 4960, 503, 4807, 16.06)",0.0
Amount_shipped,"(240, 4960, 612, 4678, 16.32)",0.0
Amount_shipped,"(240, 4960, 345, 4695, 23.25)",0.0
Amount_shipped,"(240, 4960, 696, 4535, 23.59)",0.0
Amount_shipped,"(240, 4960, 250, 4682, 28.56)",0.0
Amount_shipped,"(240, 4960, 572, 4680, 30.45)",0.0
Amount_shipped,"(240, 4960, 371, 4764, 52.72)",0.0
Amount_shipped,"(240, 4960, 312, 4747, 62.13)",0.0
Amount_shipped,"(240, 4960, 417, 4874, 76.13)",0.0
Amount_shipped,"(240, 4960, 350, 4738, 111.96)",0.0
Amount_shipped,"(240, 4960, 327, 4722, 125.89)",0.0
Amount_shipped,"(240, 4960, 555, 4937, 127.49)",0.0
Amount_shipped,"(240, 4960, 239, 4765, 151.68)",0.0
Amount_shipped,"(240, 4960, 558, 4583, 208.94)",0.0
Amount_shipped,"(240, 4960, 592, 4773, 272.69)",0.0
Amount_shipped,"(240, 4960, 303, 4682, 594.76)",0.0
Amount_shipped,"(240, 4960, 519, 4618, 758.82)",0.0
Amount_shipped,"(240, 4960, 190, 4740, 907.18)",0.0
Amount_shipped,"(240, 4960, 604, 4955, 907.45)",0.0
Amount_shipped,"(240, 4960, 334, 4799, 1285.48)",0.0
Amount_shipped,"(240, 4960, 402, 4762, 1356.12)",0.0
Amount_shipped,"(240, 4980, 604, 4556, 10.77)",0.0
Amount_shipped,"(240, 4980, 545, 4715, 11.01)",0.0
Amount_shipped,"(240, 4980, 598, 4885, 11.15)",0.0
Amount_shipped,"(240, 4980, 622, 4729, 11.5)",0.0
Amount_shipped,"(240, 4980, 136, 4692, 11.61)",0.0
Amount_shipped,"(240, 4980, 494, 4926, 11.95)",0.0
Amount_shipped,"(240, 4980, 627, 4796, 12.52)",0.0
Amount_shipped,"(240, 4980, 604, 4624, 12.57)",0.0
Amount_shipped,"(240, 4980, 497, 4720, 12.7)",0.0
Amount_shipped,"(240, 4980, 503, 4807, 16.06)",0.0
Amount_shipped,"(240, 4980, 612, 4678, 16.32)",0.0
Amount_shipped,"(240, 4980, 345, 4695, 23.25)",0.0
Amount_shipped,"(240, 4980, 696, 4535, 23.59)",0.0
Amount_shipped,"(240, 4980, 250, 4682, 28.56)",0.0
Amount_shipped,"(240, 4980, 572, 4680, 30.45)",0.0
Amount_shipped,"(240, 4980, 371, 4764, 52.72)",0.0
Amount_shipped,"(240, 4980, 312, 4747, 62.13)",0.0
Amount_shipped,"(240, 4980, 417, 4874, 76.13)",0.0
Amount_shipped,"(240, 4980, 350, 4738, 111.96)",0.0
Amount_shipped,"(240, 4980, 327, 4722, 125.89)",0.0
Amount_shipped,"(240, 4980, 555, 4937, 127.49)",0.0
Amount_shipped,"(240, 4980, 239, 4765, 151.68)",0.0
Amount_shipped,"(240, 4980, 558, 4583, 208.94)",0.0
Amount_shipped,"(240, 4980, 592, 4773, 272.69)",0.0
Amount_shipped,"(240, 4980, 303, 4682, 594.76)",0.0
Amount_shipped,"(240, 4980, 519, 4618, 758.82)",0.0
Amount_shipped,"(240, 4980, 190, 4740, 907.18)",0.0
Amount_shipped,"(240, 4980, 604, 4955, 907.45)",0.0
Amount_shipped,"(240, 4980, 334, 4799, 1285.48)",0.0
Amount_shipped,"(240, 4980, 402, 4762, 1356.12)",0.0
Amount_shipped,"(260, 4440, 604, 4556, 10.77)",0.0
Amount_shipped,"(260, 4440, 545, 4715, 11.01)",0.0
Amount_shipped,"(260, 4440, 598, 4885, 11.15)",0.0
Amount_shipped,"(260, 4440, 622, 4729, 11.5)",0.0
Amount_shipped,"(260, 4440, 136, 4692, 11.61)",0.0
Amount_shipped,"(260, 4440, 494, 4926, 11.95)",0.0
Amount_shipped,"(260, 4440, 627, 4796, 12.52)",0.0
Amount_shipped,"(260, 4440, 604, 4624, 12.57)",0.0
Amount_shipped,"(260, 4440, 497, 4720, 12.7)",0.0
Amount_shipped,"(260, 4440, 503, 4807, 16.06)",0.0
Amount_shipped,"(260, 4440, 612, 4678, 16.32)",0.0
Amount_shipped,"(260, 4440, 345, 4695, 23.25)",0.0
Amount_shipped,"(260, 4440, 696, 4535, 23.59)",0.0
Amount_shipped,"(260, 4440, 250, 4682, 28.56)",0.0
Amount_shipped,"(260, 4440, 572, 4680, 30.45)",0.0
Amount_shipped,"(260, 4440, 371, 4764, 52.72)",0.0
Amount_shipped,"(260, 4440, 312, 4747, 62.13)",0.0
Amount_shipped,"(260, 4440, 417, 4874, 76.13)",0.0
Amount_shipped,"(260, 4440, 350, 4738, 111.96)",0.0
Amount_shipped,"(260, 4440, 327, 4722, 125.89)",0.0
Amount_shipped,"(260, 4440, 555, 4937, 127.49)",0.0
Amount_shipped,"(260, 4440, 239, 4765, 151.68)",0.0
Amount_shipped,"(260, 4440, 558, 4583, 208.94)",0.0
Amount_shipped,"(260, 4440, 592, 4773, 272.69)",0.0
Amount_shipped,"(260, 4440, 303, 4682, 594.76)",0.0
Amount_shipped,"(260, 4440, 519, 4618, 758.82)",0.0
Amount_shipped,"(260, 4440, 190, 4740, 907.18)",0.0
Amount_shipped,"(260, 4440, 604, 4955, 907.45)",0.0
Amount_shipped,"(260, 4440, 334, 4799, 1285.48)",0.0
Amount_shipped,"(260, 4440, 402, 4762, 1356.12)",0.0
Amount_shipped,"(260, 4460, 604, 4556, 10.77)",0.0
Amount_shipped,"(260, 4460, 545, 4715, 11.01)",0.0
Amount_shipped,"(260, 4460, 598, 4885, 11.15)",0.0
Amount_shipped,"(260, 4460, 622, 4729, 11.5)",0.0
Amount_shipped,"(260, 4460, 136, 4692, 11.61)",0.0
Amount_shipped,"(260, 4460, 494, 4926, 11.95)",0.0
Amount_shipped,"(260, 4460, 627, 4796, 12.52)",0.0
Amount_shipped,"(260, 4460, 604, 4624, 12.57)",0.0
Amount_shipped,"(260, 4460, 497, 4720, 12.7)",0.0
Amount_shipped,"(260, 4460, 503, 4807, 16.06)",0.0
Amount_shipped,"(260, 4460, 612, 4678, 16.32)",0.0
Amount_shipped,"(260, 4460, 345, 4695, 23.25)",0.0
Amount_shipped,"(260, 4460, 696, 4535, 23.59)",0.0
Amount_shipped,"(260, 4460, 250, 4682, 28.56)",0.0
Amount_shipped,"(260, 4460, 572, 4680, 30.45)",0.0
Amount_shipped,"(260, 4460, 371, 4764, 52.72)",0.0
Amount_shipped,"(260, 4460, 312, 4747, 62.13)",0.0
Amount_shipped,"(260, 4460, 417, 4874, 76.13)",0.0
Amount_shipped,"(260, 4460, 350, 4738, 111.96)",0.0
Amount_shipped,"(260, 4460, 327, 4722, 125.89)",0.0
Amount_shipped,"(260, 4460, 555, 4937, 127.49)",0.0
Amount_shipped,"(260, 4460, 239, 4765, 151.68)",0.0
Amount_shipped,"(260, 4460, 558, 4583, 208.94)",0.0
Amount_shipped,"(260, 4460, 592, 4773, 272.69)",0.0
Amount_shipped,"(260, 4460, 303, 4682, 594.76)",0.0
Amount_shipped,"(260, 4460, 519, 4618, 758.82)",0.0
Amount_shipped,"(260, 4460, 190, 4740, 907.18)",0.0
Amount_shipped,"(260, 4460, 604, 4955, 907.45)",0.0
Amount_shipped,"(260, 4460, 334, 4799, 1285.48)",0.0
Amount_shipped,"(260, 4460, 402, 4762, 1356.12)",0.0
Amount_shipped,"(260, 4480, 604, 4556, 10.77)",0.0
Amount_shipped,"(260, 4480, 545, 4715, 11.01)",0.0
Amount_shipped,"(260, 4480, 598, 4885, 11.15)",0.0
Amount_shipped,"(260, 4480, 622, 4729, 11.5)",0.0
Amount_shipped,"(260, 4480, 136, 4692, 11.61)",0.0
Amount_shipped,"(260, 4480, 494, 4926, 11.95)",0.0
Amount_shipped,"(260, 4480, 627, 4796, 12.52)",0.0
Amount_shipped,"(260, 4480, 604, 4624, 12.57)",0.0
Amount_shipped,"(260, 4480, 497, 4720, 12.7)",0.0
Amount_shipped,"(260, 4480, 503, 4807, 16.06)",0.0
Amount_shipped,"(260, 4480, 612, 4678, 16.32)",0.0
Amount_shipped,"(260, 4480, 345, 4695, 23.25)",0.0
Amount_shipped,"(260, 4480, 696, 4535, 23.59)",0.0
Amount_shipped,"(260, 4480, 250, 4682, 28.56)",0.0
Amount_shipped,"(260, 4480, 572, 4680, 30.45)",0.0
Amount_shipped,"(260, 4480, 371, 4764, 52.72)",0.0
Amount_shipped,"(260, 4480, 312, 4747, 62.13)",0.0
Amount_shipped,"(260, 4480, 417, 4874, 76.13)",0.0
Amount_shipped,"(260, 4480, 350, 4738, 111.96)",0.0
Amount_shipped,"(260, 4480, 327, 4722, 125.89)",0.0
Amount_shipped,"(260, 4480, 555, 4937, 127.49)",0.0
Amount_shipped,"(260, 4480, 239, 4765, 151.68)",0.0
Amount_shipped,"(260, 4480, 558, 4583, 208.94)",0.0
Amount_shipped,"(260, 4480, 592, 4773, 272.69)",0.0
Amount_shipped,"(260, 4480, 303, 4682, 594.76)",0.0
Amount_shipped,"(260, 4480, 519, 4618, 758.82)",0.0
Amount_shipped,"(260, 4480, 190, 4740, 907.18)",0.0
Amount_shipped,"(260, 4480, 604, 4955, 907.45)",0.0
Amount_shipped,"(260, 4480, 334, 4799, 1285.48)",0.0
Amount_shipped,"(260, 4480, 402, 4762, 1356.12)",0.0
Amount_shipped,"(260, 4500, 604, 4556, 10.77)",0.0
Amount_shipped,"(260, 4500, 545, 4715, 11.01)",0.0
Amount_shipped,"(260, 4500, 598, 4885, 11.15)",0.0
Amount_shipped,"(260, 4500, 622, 4729, 11.5)",0.0
Amount_shipped,"(260, 4500, 136, 4692, 11.61)",0.0
Amount_shipped,"(260, 4500, 494, 4926, 11.95)",0.0
Amount_shipped,"(260, 4500, 627, 4796, 12.52)",0.0
Amount_shipped,"(260, 4500, 604, 4624, 12.57)",0.0
Amount_shipped,"(260, 4500, 497, 4720, 12.7)",0.0
Amount_shipped,"(260, 4500, 503, 4807, 16.06)",0.0
Amount_shipped,"(260, 4500, 612, 4678, 16.32)",0.0
Amount_shipped,"(260, 4500, 345, 4695, 23.25)",0.0
Amount_shipped,"(260, 4500, 696, 4535, 23.59)",0.0
Amount_shipped,"(260, 4500, 250, 4682, 28.56)",0.0
Amount_shipped,"(260, 4500, 572, 4680, 30.45)",0.0
Amount_shipped,"(260, 4500, 371, 4764, 52.72)",0.0
Amount_shipped,"(260, 4500, 312, 4747, 62.13)",0.0
Amount_shipped,"(260, 4500, 417, 4874, 76.13)",0.0
Amount_shipped,"(260, 4500, 350, 4738, 111.96)",0.0
Amount_shipped,"(260, 4500, 327, 4722, 125.89)",0.0
Amount_shipped,"(260, 4500, 555, 4937, 127.49)",0.0
Amount_shipped,"(260, 4500, 239, 4765, 151.68)",0.0
Amount_shipped,"(260, 4500, 558, 4583, 208.94)",0.0
Amount_shipped,"(260, 4500, 592, 4773, 272.69)",0.0
Amount_shipped,"(260, 4500, 303, 4682, 594.76)",0.0
Amount_shipped,"(260, 4500, 519, 4618, 758.82)",0.0
Amount_shipped,"(260, 4500, 190, 4740, 907.18)",0.0
Amount_shipped,"(260, 4500, 604, 4955, 907.45)",0.0
Amount_shipped,"(260, 4500, 334, 4799, 1285.48)",0.0
Amount_shipped,"(260, 4500, 402, 4762, 1356.12)",0.0
Amount_shipped,"(260, 4520, 604, 4556, 10.77)",0.0
Amount_shipped,"(260, 4520, 545, 4715, 11.01)",0.0
Amount_shipped,"(260, 4520, 598, 4885, 11.15)",0.0
Amount_shipped,"(260, 4520, 622, 4729, 11.5)",0.0
Amount_shipped,"(260, 4520, 136, 4692, 11.61)",0.0
Amount_shipped,"(260, 4520, 494, 4926, 11.95)",0.0
Amount_shipped,"(260, 4520, 627, 4796, 12.52)",0.0
Amount_shipped,"(260, 4520, 604, 4624, 12.57)",0.0
Amount_shipped,"(260, 4520, 497, 4720, 12.7)",0.0
Amount_shipped,"(260, 4520, 503, 4807, 16.06)",0.0
Amount_shipped,"(260, 4520, 612, 4678, 16.32)",0.0
Amount_shipped,"(260, 4520, 345, 4695, 23.25)",0.0
Amount_shipped,"(260, 4520, 696, 4535, 23.59)",0.0
Amount_shipped,"(260, 4520, 250, 4682, 28.56)",0.0
Amount_shipped,"(260, 4520, 572, 4680, 30.45)",0.0
Amount_shipped,"(260, 4520, 371, 4764, 52.72)",0.0
Amount_shipped,"(260, 4520, 312, 4747, 62.13)",0.0
Amount_shipped,"(260, 4520, 417, 4874, 76.13)",0.0
Amount_shipped,"(260, 4520, 350, 4738, 111.96)",0.0
Amount_shipped,"(260, 4520, 327, 4722, 125.89)",0.0
Amount_shipped,"(260, 4520, 555, 4937, 127.49)",0.0
Amount_shipped,"(260, 4520, 239, 4765, 151.68)",0.0
Amount_shipped,"(260, 4520, 558, 4583, 208.94)",0.0
Amount_shipped,"(260, 4520, 592, 4773, 272.69)",0.0
Amount_shipped,"(260, 4520, 303, 4682, 594.76)",0.0
Amount_shipped,"(260, 4520, 519, 4618, 758.82)",0.0
Amount_shipped,"(260, 4520, 190, 4740, 907.18)",0.0
Amount_shipped,"(260, 4520, 604, 4955, 907.45)",0.0
Amount_shipped,"(260, 4520, 334, 4799, 1285.48)",0.0
Amount_shipped,"(260, 4520, 402, 4762, 1356.12)",0.0
Amount_shipped,"(260, 4540, 604, 4556, 10.77)",0.0
Amount_shipped,"(260, 4540, 545, 4715, 11.01)",0.0
Amount_shipped,"(260, 4540, 598, 4885, 11.15)",0.0
Amount_shipped,"(260, 4540, 622, 4729, 11.5)",0.0
Amount_shipped,"(260, 4540, 136, 4692, 11.61)",0.0
Amount_shipped,"(260, 4540, 494, 4926, 11.95)",0.0
Amount_shipped,"(260, 4540, 627, 4796, 12.52)",0.0
Amount_shipped,"(260, 4540, 604, 4624, 12.57)",0.0
Amount_shipped,"(260, 4540, 497, 4720, 12.7)",0.0
Amount_shipped,"(260, 4540, 503, 4807, 16.06)",0.0
Amount_shipped,"(260, 4540, 612, 4678, 16.32)",0.0
Amount_shipped,"(260, 4540, 345, 4695, 23.25)",0.0
Amount_shipped,"(260, 4540, 696, 4535, 23.59)",0.0
Amount_shipped,"(260, 4540, 250, 4682, 28.56)",0.0
Amount_shipped,"(260, 4540, 572, 4680, 30.45)",0.0
Amount_shipped,"(260, 4540, 371, 4764, 52.72)",0.0
Amount_shipped,"(260, 4540, 312, 4747, 62.13)",0.0
Amount_shipped,"(260, 4540, 417, 4874, 76.13)",0.0
Amount_shipped,"(260, 4540, 350, 4738, 111.96)",0.0
Amount_shipped,"(260, 4540, 327, 4722, 125.89)",0.0
Amount_shipped,"(260, 4540, 555, 4937, 127.49)",0.0
Amount_shipped,"(260, 4540, 239, 4765, 151.68)",0.0
Amount_shipped,"(260, 4540, 558, 4583, 208.94)",0.0
Amount_shipped,"(260, 4540, 592, 4773, 272.69)",0.0
Amount_shipped,"(260, 4540, 303, 4682, 594.76)",0.0
Amount_shipped,"(260, 4540, 519, 4618, 758.82)",0.0
Amount_shipped,"(260, 4540, 190, 4740, 907.18)",0.0
Amount_shipped,"(260, 4540, 604, 4955, 907.45)",0.0
Amount_shipped,"(260, 4540, 334, 4799, 1285.48)",0.0
Amount_shipped,"(260, 4540, 402, 4762, 1356.12)",0.0
Amount_shipped,"(260, 4560, 604, 4556, 10.77)",0.0
Amount_shipped,"(260, 4560, 545, 4715, 11.01)",0.0
Amount_shipped,"(260, 4560, 598, 4885, 11.15)",0.0
Amount_shipped,"(260, 4560, 622, 4729, 11.5)",0.0
Amount_shipped,"(260, 4560, 136, 4692, 11.61)",0.0
Amount_shipped,"(260, 4560, 494, 4926, 11.95)",0.0
Amount_shipped,"(260, 4560, 627, 4796, 12.52)",0.0
Amount_shipped,"(260, 4560, 604, 4624, 12.57)",0.0
Amount_shipped,"(260, 4560, 497, 4720, 12.7)",0.0
Amount_shipped,"(260, 4560, 503, 4807, 16.06)",0.0
Amount_shipped,"(260, 4560, 612, 4678, 16.32)",0.0
Amount_shipped,"(260, 4560, 345, 4695, 23.25)",0.0
Amount_shipped,"(260, 4560, 696, 4535, 23.59)",0.0
Amount_shipped,"(260, 4560, 250, 4682, 28.56)",0.0
Amount_shipped,"(260, 4560, 572, 4680, 30.45)",0.0
Amount_shipped,"(260, 4560, 371, 4764, 52.72)",0.0
Amount_shipped,"(260, 4560, 312, 4747, 62.13)",0.0
Amount_shipped,"(260, 4560, 417, 4874, 76.13)",0.0
Amount_shipped,"(260, 4560, 350, 4738, 111.96)",0.0
Amount_shipped,"(260, 4560, 327, 4722, 125.89)",0.0
Amount_shipped,"(260, 4560, 555, 4937, 127.49)",0.0
Amount_shipped,"(260, 4560, 239, 4765, 151.68)",0.0
Amount_shipped,"(260, 4560, 558, 4583, 208.94)",0.0
Amount_shipped,"(260, 4560, 592, 4773, 272.69)",0.0
Amount_shipped,"(260, 4560, 303, 4682, 594.76)",0.0
Amount_shipped,"(260, 4560, 519, 4618, 758.82)",0.0
Amount_shipped,"(260, 4560, 190, 4740, 907.18)",0.0
Amount_shipped,"(260, 4560, 604, 4955, 907.45)",0.0
Amount_shipped,"(260, 4560, 334, 4799, 1285.48)",0.0
Amount_shipped,"(260, 4560, 402, 4762, 1356.12)",0.0
Amount_shipped,"(260, 4580, 604, 4556, 10.77)",0.0
Amount_shipped,"(260, 4580, 545, 4715, 11.01)",0.0
Amount_shipped,"(260, 4580, 598, 4885, 11.15)",0.0
Amount_shipped,"(260, 4580, 622, 4729, 11.5)",0.0
Amount_shipped,"(260, 4580, 136, 4692, 11.61)",0.0
Amount_shipped,"(260, 4580, 494, 4926, 11.95)",0.0
Amount_shipped,"(260, 4580, 627, 4796, 12.52)",0.0
Amount_shipped,"(260, 4580, 604, 4624, 12.57)",0.0
Amount_shipped,"(260, 4580, 497, 4720, 12.7)",0.0
Amount_shipped,"(260, 4580, 503, 4807, 16.06)",0.0
Amount_shipped,"(260, 4580, 612, 4678, 16.32)",0.0
Amount_shipped,"(260, 4580, 345, 4695, 23.25)",0.0
Amount_shipped,"(260, 4580, 696, 4535, 23.59)",0.0
Amount_shipped,"(260, 4580, 250, 4682, 28.56)",0.0
Amount_shipped,"(260, 4580, 572, 4680, 30.45)",0.0
Amount_shipped,"(260, 4580, 371, 4764, 52.72)",0.0
Amount_shipped,"(260, 4580, 312, 4747, 62.13)",0.0
Amount_shipped,"(260, 4580, 417, 4874, 76.13)",0.0
Amount_shipped,"(260, 4580, 350, 4738, 111.96)",0.0
Amount_shipped,"(260, 4580, 327, 4722, 125.89)",0.0
Amount_shipped,"(260, 4580, 555, 4937, 127.49)",0.0
Amount_shipped,"(260, 4580, 239, 4765, 151.68)",0.0
Amount_shipped,"(260, 4580, 558, 4583, 208.94)",0.0
Amount_shipped,"(260, 4580, 592, 4773, 272.69)",0.0
Amount_shipped,"(260, 4580, 303, 4682, 594.76)",0.0
Amount_shipped,"(260, 4580, 519, 4618, 758.82)",0.0
Amount_shipped,"(260, 4580, 190, 4740, 907.18)",0.0
Amount_shipped,"(260, 4580, 604, 4955, 907.45)",0.0
Amount_shipped,"(260, 4580, 334, 4799, 1285.48)",0.0
Amount_shipped,"(260, 4580, 402, 4762, 1356.12)",0.0
Amount_shipped,"(260, 4600, 604, 4556, 10.77)",0.0
Amount_shipped,"(260, 4600, 545, 4715, 11.01)",0.0
Amount_shipped,"(260, 4600, 598, 4885, 11.15)",0.0
Amount_shipped,"(260, 4600, 622, 4729, 11.5)",0.0
Amount_shipped,"(260, 4600, 136, 4692, 11.61)",0.0
Amount_shipped,"(260, 4600, 494, 4926, 11.95)",0.0
Amount_shipped,"(260, 4600, 627, 4796, 12.52)",0.0
Amount_shipped,"(260, 4600, 604, 4624, 12.57)",0.0
Amount_shipped,"(260, 4600, 497, 4720, 12.7)",0.0
Amount_shipped,"(260, 4600, 503, 4807, 16.06)",0.0
Amount_shipped,"(260, 4600, 612, 4678, 16.32)",0.0
Amount_shipped,"(260, 4600, 345, 4695, 23.25)",0.0
Amount_shipped,"(260, 4600, 696, 4535, 23.59)",0.0
Amount_shipped,"(260, 4600, 250, 4682, 28.56)",0.0
Amount_shipped,"(260, 4600, 572, 4680, 30.45)",0.0
Amount_shipped,"(260, 4600, 371, 4764, 52.72)",0.0
Amount_shipped,"(260, 4600, 312, 4747, 62.13)",0.0
Amount_shipped,"(260, 4600, 417, 4874, 76.13)",0.0
Amount_shipped,"(260, 4600, 350, 4738, 111.96)",0.0
Amount_shipped,"(260, 4600, 327, 4722, 125.89)",0.0
Amount_shipped,"(260, 4600, 555, 4937, 127.49)",0.0
Amount_shipped,"(260, 4600, 239, 4765, 151.68)",0.0
Amount_shipped,"(260, 4600, 558, 4583, 208.94)",0.0
Amount_shipped,"(260, 4600, 592, 4773, 272.69)",0.0
Amount_shipped,"(260, 4600, 303, 4682, 594.76)",0.0
Amount_shipped,"(260, 4600, 519, 4618, 758.82)",0.0
Amount_shipped,"(260, 4600, 190, 4740, 907.18)",0.0
Amount_shipped,"(260, 4600, 604, 4955, 907.45)",0.0
Amount_shipped,"(260, 4600, 334, 4799, 1285.48)",0.0
Amount_shipped,"(260, 4600, 402, 4762, 1356.12)",0.0
Amount_shipped,"(260, 4620, 604, 4556, 10.77)",0.0
Amount_shipped,"(260, 4620, 545, 4715, 11.01)",0.0
Amount_shipped,"(260, 4620, 598, 4885, 11.15)",0.0
Amount_shipped,"(260, 4620, 622, 4729, 11.5)",0.0
Amount_shipped,"(260, 4620, 136, 4692, 11.61)",0.0
Amount_shipped,"(260, 4620, 494, 4926, 11.95)",0.0
Amount_shipped,"(260, 4620, 627, 4796, 12.52)",0.0
Amount_shipped,"(260, 4620, 604, 4624, 12.57)",0.0
Amount_shipped,"(260, 4620, 497, 4720, 12.7)",0.0
Amount_shipped,"(260, 4620, 503, 4807, 16.06)",0.0
Amount_shipped,"(260, 4620, 612, 4678, 16.32)",0.0
Amount_shipped,"(260, 4620, 345, 4695, 23.25)",0.0
Amount_shipped,"(260, 4620, 696, 4535, 23.59)",0.0
Amount_shipped,"(260, 4620, 250, 4682, 28.56)",0.0
Amount_shipped,"(260, 4620, 572, 4680, 30.45)",0.0
Amount_shipped,"(260, 4620, 371, 4764, 52.72)",0.0
Amount_shipped,"(260, 4620, 312, 4747, 62.13)",0.0
Amount_shipped,"(260, 4620, 417, 4874, 76.13)",0.0
Amount_shipped,"(260, 4620, 350, 4738, 111.96)",0.0
Amount_shipped,"(260, 4620, 327, 4722, 125.89)",0.0
Amount_shipped,"(260, 4620, 555, 4937, 127.49)",0.0
Amount_shipped,"(260, 4620, 239, 4765, 151.68)",0.0
Amount_shipped,"(260, 4620, 558, 4583, 208.94)",0.0
Amount_shipped,"(260, 4620, 592, 4773, 272.69)",0.0
Amount_shipped,"(260, 4620, 303, 4682, 594.76)",0.0
Amount_shipped,"(260, 4620, 519, 4618, 758.82)",0.0
Amount_shipped,"(260, 4620, 190, 4740, 907.18)",0.0
Amount_shipped,"(260, 4620, 604, 4955, 907.45)",0.0
Amount_shipped,"(260, 4620, 334, 4799, 1285.48)",0.0
Amount_shipped,"(260, 4620, 402, 4762, 1356.12)",0.0
Amount_shipped,"(260, 4640, 604, 4556, 10.77)",0.0
Amount_shipped,"(260, 4640, 545, 4715, 11.01)",0.0
Amount_shipped,"(260, 4640, 598, 4885, 11.15)",0.0
Amount_shipped,"(260, 4640, 622, 4729, 11.5)",0.0
Amount_shipped,"(260, 4640, 136, 4692, 11.61)",0.0
Amount_shipped,"(260, 4640, 494, 4926, 11.95)",0.0
Amount_shipped,"(260, 4640, 627, 4796, 12.52)",0.0
Amount_shipped,"(260, 4640, 604, 4624, 12.57)",0.0
Amount_shipped,"(260, 4640, 497, 4720, 12.7)",0.0
Amount_shipped,"(260, 4640, 503, 4807, 16.06)",0.0
Amount_shipped,"(260, 4640, 612, 4678, 16.32)",0.0
Amount_shipped,"(260, 4640, 345, 4695, 23.25)",0.0
Amount_shipped,"(260, 4640, 696, 4535, 23.59)",0.0
Amount_shipped,"(260, 4640, 250, 4682, 28.56)",0.0
Amount_shipped,"(260, 4640, 572, 4680, 30.45)",0.0
Amount_shipped,"(260, 4640, 371, 4764, 52.72)",0.0
Amount_shipped,"(260, 4640, 312, 4747, 62.13)",0.0
Amount_shipped,"(260, 4640, 417, 4874, 76.13)",0.0
Amount_shipped,"(260, 4640, 350, 4738, 111.96)",0.0
Amount_shipped,"(260, 4640, 327, 4722, 125.89)",0.0
Amount_shipped,"(260, 4640, 555, 4937, 127.49)",0.0
Amount_shipped,"(260, 4640, 239, 4765, 151.68)",0.0
Amount_shipped,"(260, 4640, 558, 4583, 208.94)",0.0
Amount_shipped,"(260, 4640, 592, 4773, 272.69)",0.0
Amount_shipped,"(260, 4640, 303, 4682, 594.76)",0.0
Amount_shipped,"(260, 4640, 519, 4618, 758.82)",0.0
Amount_shipped,"(260, 4640, 190, 4740, 907.18)",0.0
Amount_shipped,"(260, 4640, 604, 4955, 907.45)",0.0
Amount_shipped,"(260, 4640, 334, 4799, 1285.48)",0.0
Amount_shipped,"(260, 4640, 402, 4762, 1356.12)",0.0
Amount_shipped,"(260, 4660, 604, 4556, 10.77)",0.0
Amount_shipped,"(260, 4660, 545, 4715, 11.01)",0.0
Amount_shipped,"(260, 4660, 598, 4885, 11.15)",0.0
Amount_shipped,"(260, 4660, 622, 4729, 11.5)",0.0
Amount_shipped,"(260, 4660, 136, 4692, 11.61)",0.0
Amount_shipped,"(260, 4660, 494, 4926, 11.95)",0.0
Amount_shipped,"(260, 4660, 627, 4796, 12.52)",0.0
Amount_shipped,"(260, 4660, 604, 4624, 12.57)",0.0
Amount_shipped,"(260, 4660, 497, 4720, 12.7)",0.0
Amount_shipped,"(260, 4660, 503, 4807, 16.06)",0.0
Amount_shipped,"(260, 4660, 612, 4678, 16.32)",0.0
Amount_shipped,"(260, 4660, 345, 4695, 23.25)",0.0
Amount_shipped,"(260, 4660, 696, 4535, 23.59)",0.0
Amount_shipped,"(260, 4660, 250, 4682, 28.56)",0.0
Amount_shipped,"(260, 4660, 572, 4680, 30.45)",0.0
Amount_shipped,"(260, 4660, 371, 4764, 52.72)",0.0
Amount_shipped,"(260, 4660, 312, 4747, 62.13)",0.0
Amount_shipped,"(260, 4660, 417, 4874, 76.13)",0.0
Amount_shipped,"(260, 4660, 350, 4738, 111.96)",0.0
Amount_shipped,"(260, 4660, 327, 4722, 125.89)",0.0
Amount_shipped,"(260, 4660, 555, 4937, 127.49)",0.0
Amount_shipped,"(260, 4660, 239, 4765, 151.68)",0.0
Amount_shipped,"(260, 4660, 558, 4583, 208.94)",0.0
Amount_shipped,"(260, 4660, 592, 4773, 272.69)",0.0
Amount_shipped,"(260, 4660, 303, 4682, 594.76)",0.0
Amount_shipped,"(260, 4660, 519, 4618, 758.82)",0.0
Amount_shipped,"(260, 4660, 190, 4740, 907.18)",0.0
Amount_shipped,"(260, 4660, 604, 4955, 907.45)",0.0
Amount_shipped,"(260, 4660, 334, 4799, 1285.48)",0.0
Amount_shipped,"(260, 4660, 402, 4762, 1356.12)",0.0
Amount_shipped,"(260, 4680, 604, 4556, 10.77)",0.0
Amount_shipped,"(260, 4680, 545, 4715, 11.01)",0.0
Amount_shipped,"(260, 4680, 598, 4885, 11.15)",0.0
Amount_shipped,"(260, 4680, 622, 4729, 11.5)",0.0
Amount_shipped,"(260, 4680, 136, 4692, 11.61)",0.0
Amount_shipped,"(260, 4680, 494, 4926, 11.95)",0.0
Amount_shipped,"(260, 4680, 627, 4796, 12.52)",0.0
Amount_shipped,"(260, 4680, 604, 4624, 12.57)",0.0
Amount_shipped,"(260, 4680, 497, 4720, 12.7)",0.0
Amount_shipped,"(260, 4680, 503, 4807, 16.06)",0.0
Amount_shipped,"(260, 4680, 612, 4678, 16.32)",0.0
Amount_shipped,"(260, 4680, 345, 4695, 23.25)",0.0
Amount_shipped,"(260, 4680, 696, 4535, 23.59)",0.0
Amount_shipped,"(260, 4680, 250, 4682, 28.56)",0.0
Amount_shipped,"(260, 4680, 572, 4680, 30.45)",0.0
Amount_shipped,"(260, 4680, 371, 4764, 52.72)",0.0
Amount_shipped,"(260, 4680, 312, 4747, 62.13)",0.0
Amount_shipped,"(260, 4680, 417, 4874, 76.13)",0.0
Amount_shipped,"(260, 4680, 350, 4738, 111.96)",0.0
Amount_shipped,"(260, 4680, 327, 4722, 125.89)",0.0
Amount_shipped,"(260, 4680, 555, 4937, 127.49)",0.0
Amount_shipped,"(260, 4680, 239, 4765, 151.68)",0.0
Amount_shipped,"(260, 4680, 558, 4583, 208.94)",0.0
Amount_shipped,"(260, 4680, 592, 4773, 272.69)",0.0
Amount_shipped,"(260, 4680, 303, 4682, 594.76)",0.0
Amount_shipped,"(260, 4680, 519, 4618, 758.82)",0.0
Amount_shipped,"(260, 4680, 190, 4740, 907.18)",0.0
Amount_shipped,"(260, 4680, 604, 4955, 907.45)",0.0
Amount_shipped,"(260, 4680, 334, 4799, 1285.48)",0.0
Amount_shipped,"(260, 4680, 402, 4762, 1356.12)",0.0
Amount_shipped,"(260, 4700, 604, 4556, 10.77)",0.0
Amount_shipped,"(260, 4700, 545, 4715, 11.01)",0.0
Amount_shipped,"(260, 4700, 598, 4885, 11.15)",0.0
Amount_shipped,"(260, 4700, 622, 4729, 11.5)",0.0
Amount_shipped,"(260, 4700, 136, 4692, 11.61)",0.0
Amount_shipped,"(260, 4700, 494, 4926, 11.95)",0.0
Amount_shipped,"(260, 4700, 627, 4796, 12.52)",0.0
Amount_shipped,"(260, 4700, 604, 4624, 12.57)",0.0
Amount_shipped,"(260, 4700, 497, 4720, 12.7)",0.0
Amount_shipped,"(260, 4700, 503, 4807, 16.06)",0.0
Amount_shipped,"(260, 4700, 612, 4678, 16.32)",0.0
Amount_shipped,"(260, 4700, 345, 4695, 23.25)",0.0
Amount_shipped,"(260, 4700, 696, 4535, 23.59)",0.0
Amount_shipped,"(260, 4700, 250, 4682, 28.56)",0.0
Amount_shipped,"(260, 4700, 572, 4680, 30.45)",0.0
Amount_shipped,"(260, 4700, 371, 4764, 52.72)",0.0
Amount_shipped,"(260, 4700, 312, 4747, 62.13)",0.0
Amount_shipped,"(260, 4700, 417, 4874, 76.13)",0.0
Amount_shipped,"(260, 4700, 350, 4738, 111.96)",0.0
Amount_shipped,"(260, 4700, 327, 4722, 125.89)",0.0
Amount_shipped,"(260, 4700, 555, 4937, 127.49)",0.0
Amount_shipped,"(260, 4700, 239, 4765, 151.68)",0.0
Amount_shipped,"(260, 4700, 558, 4583, 208.94)",0.0
Amount_shipped,"(260, 4700, 592, 4773, 272.69)",0.0
Amount_shipped,"(260, 4700, 303, 4682, 594.76)",0.0
Amount_shipped,"(260, 4700, 519, 4618, 758.82)",0.0
Amount_shipped,"(260, 4700, 190, 4740, 907.18)",0.0
Amount_shipped,"(260, 4700, 604, 4955, 907.45)",0.0
Amount_shipped,"(260, 4700, 334, 4799, 1285.48)",0.0
Amount_shipped,"(260, 4700, 402, 4762, 1356.12)",0.0
Amount_shipped,"(260, 4720, 604, 4556, 10.77)",0.0
Amount_shipped,"(260, 4720, 545, 4715, 11.01)",0.0
Amount_shipped,"(260, 4720, 598, 4885, 11.15)",0.0
Amount_shipped,"(260, 4720, 622, 4729, 11.5)",0.0
Amount_shipped,"(260, 4720, 136, 4692, 11.61)",0.0
Amount_shipped,"(260, 4720, 494, 4926, 11.95)",0.0
Amount_shipped,"(260, 4720, 627, 4796, 12.52)",0.0
Amount_shipped,"(260, 4720, 604, 4624, 12.57)",0.0
Amount_shipped,"(260, 4720, 497, 4720, 12.7)",0.0
Amount_shipped,"(260, 4720, 503, 4807, 16.06)",0.0
Amount_shipped,"(260, 4720, 612, 4678, 16.32)",0.0
Amount_shipped,"(260, 4720, 345, 4695, 23.25)",0.0
Amount_shipped,"(260, 4720, 696, 4535, 23.59)",0.0
Amount_shipped,"(260, 4720, 250, 4682, 28.56)",0.0
Amount_shipped,"(260, 4720, 572, 4680, 30.45)",0.0
Amount_shipped,"(260, 4720, 371, 4764, 52.72)",0.0
Amount_shipped,"(260, 4720, 312, 4747, 62.13)",0.0
Amount_shipped,"(260, 4720, 417, 4874, 76.13)",0.0
Amount_shipped,"(260, 4720, 350, 4738, 111.96)",0.0
Amount_shipped,"(260, 4720, 327, 4722, 125.89)",0.0
Amount_shipped,"(260, 4720, 555, 4937, 127.49)",0.0
Amount_shipped,"(260, 4720, 239, 4765, 151.68)",0.0
Amount_shipped,"(260, 4720, 558, 4583, 208.94)",0.0
Amount_shipped,"(260, 4720, 592, 4773, 272.69)",0.0
Amount_shipped,"(260, 4720, 303, 4682, 594.76)",0.0
Amount_shipped,"(260, 4720, 519, 4618, 758.82)",0.0
Amount_shipped,"(260, 4720, 190, 4740, 907.18)",0.0
Amount_shipped,"(260, 4720, 604, 4955, 907.45)",0.0
Amount_shipped,"(260, 4720, 334, 4799, 1285.48)",0.0
Amount_shipped,"(260, 4720, 402, 4762, 1356.12)",0.0
Amount_shipped,"(260, 4740, 604, 4556, 10.77)",0.0
Amount_shipped,"(260, 4740, 545, 4715, 11.01)",0.0
Amount_shipped,"(260, 4740, 598, 4885, 11.15)",0.0
Amount_shipped,"(260, 4740, 622, 4729, 11.5)",0.0
Amount_shipped,"(260, 4740, 136, 4692, 11.61)",0.0
Amount_shipped,"(260, 4740, 494, 4926, 11.95)",0.0
Amount_shipped,"(260, 4740, 627, 4796, 12.52)",0.0
Amount_shipped,"(260, 4740, 604, 4624, 12.57)",0.0
Amount_shipped,"(260, 4740, 497, 4720, 12.7)",0.0
Amount_shipped,"(260, 4740, 503, 4807, 16.06)",0.0
Amount_shipped,"(260, 4740, 612, 4678, 16.32)",0.0
Amount_shipped,"(260, 4740, 345, 4695, 23.25)",0.0
Amount_shipped,"(260, 4740, 696, 4535, 23.59)",0.0
Amount_shipped,"(260, 4740, 250, 4682, 28.56)",0.0
Amount_shipped,"(260, 4740, 572, 4680, 30.45)",0.0
Amount_shipped,"(260, 4740, 371, 4764, 52.72)",0.0
Amount_shipped,"(260, 4740, 312, 4747, 62.13)",0.0
Amount_shipped,"(260, 4740, 417, 4874, 76.13)",0.0
Amount_shipped,"(260, 4740, 350, 4738, 111.96)",0.0
Amount_shipped,"(260, 4740, 327, 4722, 125.89)",0.0
Amount_shipped,"(260, 4740, 555, 4937, 127.49)",0.0
Amount_shipped,"(260, 4740, 239, 4765, 151.68)",0.0
Amount_shipped,"(260, 4740, 558, 4583, 208.94)",0.0
Amount_shipped,"(260, 4740, 592, 4773, 272.69)",0.0
Amount_shipped,"(260, 4740, 303, 4682, 594.76)",0.0
Amount_shipped,"(260, 4740, 519, 4618, 758.82)",0.0
Amount_shipped,"(260, 4740, 190, 4740, 907.18)",0.0
Amount_shipped,"(260, 4740, 604, 4955, 907.45)",0.0
Amount_shipped,"(260, 4740, 334, 4799, 1285.48)",0.0
Amount_shipped,"(260, 4740, 402, 4762, 1356.12)",0.0
Amount_shipped,"(260, 4760, 604, 4556, 10.77)",0.0
Amount_shipped,"(260, 4760, 545, 4715, 11.01)",0.0
Amount_shipped,"(260, 4760, 598, 4885, 11.15)",0.0
Amount_shipped,"(260, 4760, 622, 4729, 11.5)",0.0
Amount_shipped,"(260, 4760, 136, 4692, 11.61)",0.0
Amount_shipped,"(260, 4760, 494, 4926, 11.95)",0.0
Amount_shipped,"(260, 4760, 627, 4796, 12.52)",0.0
Amount_shipped,"(260, 4760, 604, 4624, 12.57)",0.0
Amount_shipped,"(260, 4760, 497, 4720, 12.7)",0.0
Amount_shipped,"(260, 4760, 503, 4807, 16.06)",0.0
Amount_shipped,"(260, 4760, 612, 4678, 16.32)",0.0
Amount_shipped,"(260, 4760, 345, 4695, 23.25)",0.0
Amount_shipped,"(260, 4760, 696, 4535, 23.59)",0.0
Amount_shipped,"(260, 4760, 250, 4682, 28.56)",0.0
Amount_shipped,"(260, 4760, 572, 4680, 30.45)",0.0
Amount_shipped,"(260, 4760, 371, 4764, 52.72)",0.0
Amount_shipped,"(260, 4760, 312, 4747, 62.13)",0.0
Amount_shipped,"(260, 4760, 417, 4874, 76.13)",0.0
Amount_shipped,"(260, 4760, 350, 4738, 111.96)",0.0
Amount_shipped,"(260, 4760, 327, 4722, 125.89)",0.0
Amount_shipped,"(260, 4760, 555, 4937, 127.49)",0.0
Amount_shipped,"(260, 4760, 239, 4765, 151.68)",0.0
Amount_shipped,"(260, 4760, 558, 4583, 208.94)",0.0
Amount_shipped,"(260, 4760, 592, 4773, 272.69)",0.0
Amount_shipped,"(260, 4760, 303, 4682, 594.76)",0.0
Amount_shipped,"(260, 4760, 519, 4618, 758.82)",0.0
Amount_shipped,"(260, 4760, 190, 4740, 907.18)",0.0
Amount_shipped,"(260, 4760, 604, 4955, 907.45)",0.0
Amount_shipped,"(260, 4760, 334, 4799, 1285.48)",0.0
Amount_shipped,"(260, 4760, 402, 4762, 1356.12)",0.0
Amount_shipped,"(260, 4780, 604, 4556, 10.77)",0.0
Amount_shipped,"(260, 4780, 545, 4715, 11.01)",0.0
Amount_shipped,"(260, 4780, 598, 4885, 11.15)",0.0
Amount_shipped,"(260, 4780, 622, 4729, 11.5)",0.0
Amount_shipped,"(260, 4780, 136, 4692, 11.61)",0.0
Amount_shipped,"(260, 4780, 494, 4926, 11.95)",0.0
Amount_shipped,"(260, 4780, 627, 4796, 12.52)",0.0
Amount_shipped,"(260, 4780, 604, 4624, 12.57)",0.0
Amount_shipped,"(260, 4780, 497, 4720, 12.7)",0.0
Amount_shipped,"(260, 4780, 503, 4807, 16.06)",0.0
Amount_shipped,"(260, 4780, 612, 4678, 16.32)",0.0
Amount_shipped,"(260, 4780, 345, 4695, 23.25)",0.0
Amount_shipped,"(260, 4780, 696, 4535, 23.59)",0.0
Amount_shipped,"(260, 4780, 250, 4682, 28.56)",0.0
Amount_shipped,"(260, 4780, 572, 4680, 30.45)",0.0
Amount_shipped,"(260, 4780, 371, 4764, 52.72)",0.0
Amount_shipped,"(260, 4780, 312, 4747, 62.13)",0.0
Amount_shipped,"(260, 4780, 417, 4874, 76.13)",0.0
Amount_shipped,"(260, 4780, 350, 4738, 111.96)",0.0
Amount_shipped,"(260, 4780, 327, 4722, 125.89)",0.0
Amount_shipped,"(260, 4780, 555, 4937, 127.49)",0.0
Amount_shipped,"(260, 4780, 239, 4765, 151.68)",0.0
Amount_shipped,"(260, 4780, 558, 4583, 208.94)",0.0
Amount_shipped,"(260, 4780, 592, 4773, 272.69)",0.0
Amount_shipped,"(260, 4780, 303, 4682, 594.76)",0.0
Amount_shipped,"(260, 4780, 519, 4618, 758.82)",0.0
Amount_shipped,"(260, 4780, 190, 4740, 907.18)",0.0
Amount_shipped,"(260, 4780, 604, 4955, 907.45)",0.0
Amount_shipped,"(260, 4780, 334, 4799, 1285.48)",0.0
Amount_shipped,"(260, 4780, 402, 4762, 1356.12)",0.0
Amount_shipped,"(260, 4800, 604, 4556, 10.77)",0.0
Amount_shipped,"(260, 4800, 545, 4715, 11.01)",0.0
Amount_shipped,"(260, 4800, 598, 4885, 11.15)",0.0
Amount_shipped,"(260, 4800, 622, 4729, 11.5)",0.0
Amount_shipped,"(260, 4800, 136, 4692, 11.61)",0.0
Amount_shipped,"(260, 4800, 494, 4926, 11.95)",0.0
Amount_shipped,"(260, 4800, 627, 4796, 12.52)",0.0
Amount_shipped,"(260, 4800, 604, 4624, 12.57)",0.0
Amount_shipped,"(260, 4800, 497, 4720, 12.7)",0.0
Amount_shipped,"(260, 4800, 503, 4807, 16.06)",0.0
Amount_shipped,"(260, 4800, 612, 4678, 16.32)",0.0
Amount_shipped,"(260, 4800, 345, 4695, 23.25)",0.0
Amount_shipped,"(260, 4800, 696, 4535, 23.59)",0.0
Amount_shipped,"(260, 4800, 250, 4682, 28.56)",0.0
Amount_shipped,"(260, 4800, 572, 4680, 30.45)",0.0
Amount_shipped,"(260, 4800, 371, 4764, 52.72)",0.0
Amount_shipped,"(260, 4800, 312, 4747, 62.13)",0.0
Amount_shipped,"(260, 4800, 417, 4874, 76.13)",0.0
Amount_shipped,"(260, 4800, 350, 4738, 111.96)",0.0
Amount_shipped,"(260, 4800, 327, 4722, 125.89)",0.0
Amount_shipped,"(260, 4800, 555, 4937, 127.49)",0.0
Amount_shipped,"(260, 4800, 239, 4765, 151.68)",0.0
Amount_shipped,"(260, 4800, 558, 4583, 208.94)",0.0
Amount_shipped,"(260, 4800, 592, 4773, 272.69)",0.0
Amount_shipped,"(260, 4800, 303, 4682, 594.76)",0.0
Amount_shipped,"(260, 4800, 519, 4618, 758.82)",0.0
Amount_shipped,"(260, 4800, 190, 4740, 907.18)",0.0
Amount_shipped,"(260, 4800, 604, 4955, 907.45)",0.0
Amount_shipped,"(260, 4800, 334, 4799, 1285.48)",0.0
Amount_shipped,"(260, 4800, 402, 4762, 1356.12)",0.0
Amount_shipped,"(260, 4820, 604, 4556, 10.77)",0.0
Amount_shipped,"(260, 4820, 545, 4715, 11.01)",0.0
Amount_shipped,"(260, 4820, 598, 4885, 11.15)",0.0
Amount_shipped,"(260, 4820, 622, 4729, 11.5)",0.0
Amount_shipped,"(260, 4820, 136, 4692, 11.61)",0.0
Amount_shipped,"(260, 4820, 494, 4926, 11.95)",0.0
Amount_shipped,"(260, 4820, 627, 4796, 12.52)",0.0
Amount_shipped,"(260, 4820, 604, 4624, 12.57)",0.0
Amount_shipped,"(260, 4820, 497, 4720, 12.7)",0.0
Amount_shipped,"(260, 4820, 503, 4807, 16.06)",0.0
Amount_shipped,"(260, 4820, 612, 4678, 16.32)",0.0
Amount_shipped,"(260, 4820, 345, 4695, 23.25)",0.0
Amount_shipped,"(260, 4820, 696, 4535, 23.59)",0.0
Amount_shipped,"(260, 4820, 250, 4682, 28.56)",0.0
Amount_shipped,"(260, 4820, 572, 4680, 30.45)",0.0
Amount_shipped,"(260, 4820, 371, 4764, 52.72)",0.0
Amount_shipped,"(260, 4820, 312, 4747, 62.13)",0.0
Amount_shipped,"(260, 4820, 417, 4874, 76.13)",0.0
Amount_shipped,"(260, 4820, 350, 4738, 111.96)",0.0
Amount_shipped,"(260, 4820, 327, 4722, 125.89)",0.0
Amount_shipped,"(260, 4820, 555, 4937, 127.49)",0.0
Amount_shipped,"(260, 4820, 239, 4765, 151.68)",0.0
Amount_shipped,"(260, 4820, 558, 4583, 208.94)",0.0
Amount_shipped,"(260, 4820, 592, 4773, 272.69)",0.0
Amount_shipped,"(260, 4820, 303, 4682, 594.76)",0.0
Amount_shipped,"(260, 4820, 519, 4618, 758.82)",0.0
Amount_shipped,"(260, 4820, 190, 4740, 907.18)",0.0
Amount_shipped,"(260, 4820, 604, 4955, 907.45)",0.0
Amount_shipped,"(260, 4820, 334, 4799, 1285.48)",0.0
Amount_shipped,"(260, 4820, 402, 4762, 1356.12)",0.0
Amount_shipped,"(260, 4840, 604, 4556, 10.77)",0.0
Amount_shipped,"(260, 4840, 545, 4715, 11.01)",0.0
Amount_shipped,"(260, 4840, 598, 4885, 11.15)",0.0
Amount_shipped,"(260, 4840, 622, 4729, 11.5)",0.0
Amount_shipped,"(260, 4840, 136, 4692, 11.61)",0.0
Amount_shipped,"(260, 4840, 494, 4926, 11.95)",0.0
Amount_shipped,"(260, 4840, 627, 4796, 12.52)",0.0
Amount_shipped,"(260, 4840, 604, 4624, 12.57)",0.0
Amount_shipped,"(260, 4840, 497, 4720, 12.7)",0.0
Amount_shipped,"(260, 4840, 503, 4807, 16.06)",0.0
Amount_shipped,"(260, 4840, 612, 4678, 16.32)",0.0
Amount_shipped,"(260, 4840, 345, 4695, 23.25)",0.0
Amount_shipped,"(260, 4840, 696, 4535, 23.59)",0.0
Amount_shipped,"(260, 4840, 250, 4682, 28.56)",0.0
Amount_shipped,"(260, 4840, 572, 4680, 30.45)",0.0
Amount_shipped,"(260, 4840, 371, 4764, 52.72)",0.0
Amount_shipped,"(260, 4840, 312, 4747, 62.13)",0.0
Amount_shipped,"(260, 4840, 417, 4874, 76.13)",0.0
Amount_shipped,"(260, 4840, 350, 4738, 111.96)",0.0
Amount_shipped,"(260, 4840, 327, 4722, 125.89)",0.0
Amount_shipped,"(260, 4840, 555, 4937, 127.49)",0.0
Amount_shipped,"(260, 4840, 239, 4765, 151.68)",0.0
Amount_shipped,"(260, 4840, 558, 4583, 208.94)",0.0
Amount_shipped,"(260, 4840, 592, 4773, 272.69)",0.0
Amount_shipped,"(260, 4840, 303, 4682, 594.76)",0.0
Amount_shipped,"(260, 4840, 519, 4618, 758.82)",0.0
Amount_shipped,"(260, 4840, 190, 4740, 907.18)",0.0
Amount_shipped,"(260, 4840, 604, 4955, 907.45)",0.0
Amount_shipped,"(260, 4840, 334, 4799, 1285.48)",0.0
Amount_shipped,"(260, 4840, 402, 4762, 1356.12)",0.0
Amount_shipped,"(260, 4860, 604, 4556, 10.77)",0.0
Amount_shipped,"(260, 4860, 545, 4715, 11.01)",0.0
Amount_shipped,"(260, 4860, 598, 4885, 11.15)",0.0
Amount_shipped,"(260, 4860, 622, 4729, 11.5)",0.0
Amount_shipped,"(260, 4860, 136, 4692, 11.61)",0.0
Amount_shipped,"(260, 4860, 494, 4926, 11.95)",0.0
Amount_shipped,"(260, 4860, 627, 4796, 12.52)",0.0
Amount_shipped,"(260, 4860, 604, 4624, 12.57)",0.0
Amount_shipped,"(260, 4860, 497, 4720, 12.7)",0.0
Amount_shipped,"(260, 4860, 503, 4807, 16.06)",0.0
Amount_shipped,"(260, 4860, 612, 4678, 16.32)",0.0
Amount_shipped,"(260, 4860, 345, 4695, 23.25)",0.0
Amount_shipped,"(260, 4860, 696, 4535, 23.59)",0.0
Amount_shipped,"(260, 4860, 250, 4682, 28.56)",0.0
Amount_shipped,"(260, 4860, 572, 4680, 30.45)",0.0
Amount_shipped,"(260, 4860, 371, 4764, 52.72)",0.0
Amount_shipped,"(260, 4860, 312, 4747, 62.13)",0.0
Amount_shipped,"(260, 4860, 417, 4874, 76.13)",0.0
Amount_shipped,"(260, 4860, 350, 4738, 111.96)",0.0
Amount_shipped,"(260, 4860, 327, 4722, 125.89)",0.0
Amount_shipped,"(260, 4860, 555, 4937, 127.49)",0.0
Amount_shipped,"(260, 4860, 239, 4765, 151.68)",0.0
Amount_shipped,"(260, 4860, 558, 4583, 208.94)",0.0
Amount_shipped,"(260, 4860, 592, 4773, 272.69)",0.0
Amount_shipped,"(260, 4860, 303, 4682, 594.76)",0.0
Amount_shipped,"(260, 4860, 519, 4618, 758.82)",0.0
Amount_shipped,"(260, 4860, 190, 4740, 907.18)",0.0
Amount_shipped,"(260, 4860, 604, 4955, 907.45)",0.0
Amount_shipped,"(260, 4860, 334, 4799, 1285.48)",0.0
Amount_shipped,"(260, 4860, 402, 4762, 1356.12)",0.0
Amount_shipped,"(260, 4880, 604, 4556, 10.77)",0.0
Amount_shipped,"(260, 4880, 545, 4715, 11.01)",0.0
Amount_shipped,"(260, 4880, 598, 4885, 11.15)",0.0
Amount_shipped,"(260, 4880, 622, 4729, 11.5)",0.0
Amount_shipped,"(260, 4880, 136, 4692, 11.61)",0.0
Amount_shipped,"(260, 4880, 494, 4926, 11.95)",0.0
Amount_shipped,"(260, 4880, 627, 4796, 12.52)",0.0
Amount_shipped,"(260, 4880, 604, 4624, 12.57)",0.0
Amount_shipped,"(260, 4880, 497, 4720, 12.7)",0.0
Amount_shipped,"(260, 4880, 503, 4807, 16.06)",0.0
Amount_shipped,"(260, 4880, 612, 4678, 16.32)",0.0
Amount_shipped,"(260, 4880, 345, 4695, 23.25)",0.0
Amount_shipped,"(260, 4880, 696, 4535, 23.59)",0.0
Amount_shipped,"(260, 4880, 250, 4682, 28.56)",0.0
Amount_shipped,"(260, 4880, 572, 4680, 30.45)",0.0
Amount_shipped,"(260, 4880, 371, 4764, 52.72)",0.0
Amount_shipped,"(260, 4880, 312, 4747, 62.13)",0.0
Amount_shipped,"(260, 4880, 417, 4874, 76.13)",0.0
Amount_shipped,"(260, 4880, 350, 4738, 111.96)",0.0
Amount_shipped,"(260, 4880, 327, 4722, 125.89)",0.0
Amount_shipped,"(260, 4880, 555, 4937, 127.49)",0.0
Amount_shipped,"(260, 4880, 239, 4765, 151.68)",0.0
Amount_shipped,"(260, 4880, 558, 4583, 208.94)",0.0
Amount_shipped,"(260, 4880, 592, 4773, 272.69)",0.0
Amount_shipped,"(260, 4880, 303, 4682, 594.76)",0.0
Amount_shipped,"(260, 4880, 519, 4618, 758.82)",0.0
Amount_shipped,"(260, 4880, 190, 4740, 907.18)",0.0
Amount_shipped,"(260, 4880, 604, 4955, 907.45)",0.0
Amount_shipped,"(260, 4880, 334, 4799, 1285.48)",0.0
Amount_shipped,"(260, 4880, 402, 4762, 1356.12)",0.0
Amount_shipped,"(260, 4900, 604, 4556, 10.77)",0.0
Amount_shipped,"(260, 4900, 545, 4715, 11.01)",0.0
Amount_shipped,"(260, 4900, 598, 4885, 11.15)",0.0
Amount_shipped,"(260, 4900, 622, 4729, 11.5)",0.0
Amount_shipped,"(260, 4900, 136, 4692, 11.61)",0.0
Amount_shipped,"(260, 4900, 494, 4926, 11.95)",0.0
Amount_shipped,"(260, 4900, 627, 4796, 12.52)",0.0
Amount_shipped,"(260, 4900, 604, 4624, 12.57)",0.0
Amount_shipped,"(260, 4900, 497, 4720, 12.7)",0.0
Amount_shipped,"(260, 4900, 503, 4807, 16.06)",0.0
Amount_shipped,"(260, 4900, 612, 4678, 16.32)",0.0
Amount_shipped,"(260, 4900, 345, 4695, 23.25)",0.0
Amount_shipped,"(260, 4900, 696, 4535, 23.59)",0.0
Amount_shipped,"(260, 4900, 250, 4682, 28.56)",0.0
Amount_shipped,"(260, 4900, 572, 4680, 30.45)",0.0
Amount_shipped,"(260, 4900, 371, 4764, 52.72)",0.0
Amount_shipped,"(260, 4900, 312, 4747, 62.13)",0.0
Amount_shipped,"(260, 4900, 417, 4874, 76.13)",0.0
Amount_shipped,"(260, 4900, 350, 4738, 111.96)",0.0
Amount_shipped,"(260, 4900, 327, 4722, 125.89)",0.0
Amount_shipped,"(260, 4900, 555, 4937, 127.49)",0.0
Amount_shipped,"(260, 4900, 239, 4765, 151.68)",0.0
Amount_shipped,"(260, 4900, 558, 4583, 208.94)",0.0
Amount_shipped,"(260, 4900, 592, 4773, 272.69)",0.0
Amount_shipped,"(260, 4900, 303, 4682, 594.76)",0.0
Amount_shipped,"(260, 4900, 519, 4618, 758.82)",0.0
Amount_shipped,"(260, 4900, 190, 4740, 907.18)",0.0
Amount_shipped,"(260, 4900, 604, 4955, 907.45)",0.0
Amount_shipped,"(260, 4900, 334, 4799, 1285.48)",0.0
Amount_shipped,"(260, 4900, 402, 4762, 1356.12)",0.0
Amount_shipped,"(260, 4920, 604, 4556, 10.77)",0.0
Amount_shipped,"(260, 4920, 545, 4715, 11.01)",0.0
Amount_shipped,"(260, 4920, 598, 4885, 11.15)",0.0
Amount_shipped,"(260, 4920, 622, 4729, 11.5)",0.0
Amount_shipped,"(260, 4920, 136, 4692, 11.61)",0.0
Amount_shipped,"(260, 4920, 494, 4926, 11.95)",0.0
Amount_shipped,"(260, 4920, 627, 4796, 12.52)",0.0
Amount_shipped,"(260, 4920, 604, 4624, 12.57)",0.0
Amount_shipped,"(260, 4920, 497, 4720, 12.7)",0.0
Amount_shipped,"(260, 4920, 503, 4807, 16.06)",0.0
Amount_shipped,"(260, 4920, 612, 4678, 16.32)",0.0
Amount_shipped,"(260, 4920, 345, 4695, 23.25)",0.0
Amount_shipped,"(260, 4920, 696, 4535, 23.59)",0.0
Amount_shipped,"(260, 4920, 250, 4682, 28.56)",0.0
Amount_shipped,"(260, 4920, 572, 4680, 30.45)",0.0
Amount_shipped,"(260, 4920, 371, 4764, 52.72)",0.0
Amount_shipped,"(260, 4920, 312, 4747, 62.13)",0.0
Amount_shipped,"(260, 4920, 417, 4874, 76.13)",0.0
Amount_shipped,"(260, 4920, 350, 4738, 111.96)",0.0
Amount_shipped,"(260, 4920, 327, 4722, 125.89)",0.0
Amount_shipped,"(260, 4920, 555, 4937, 127.49)",0.0
Amount_shipped,"(260, 4920, 239, 4765, 151.68)",0.0
Amount_shipped,"(260, 4920, 558, 4583, 208.94)",0.0
Amount_shipped,"(260, 4920, 592, 4773, 272.69)",0.0
Amount_shipped,"(260, 4920, 303, 4682, 594.76)",0.0
Amount_shipped,"(260, 4920, 519, 4618, 758.82)",0.0
Amount_shipped,"(260, 4920, 190, 4740, 907.18)",0.0
Amount_shipped,"(260, 4920, 604, 4955, 907.45)",0.0
Amount_shipped,"(260, 4920, 334, 4799, 1285.48)",0.0
Amount_shipped,"(260, 4920, 402, 4762, 1356.12)",0.0
Amount_shipped,"(260, 4940, 604, 4556, 10.77)",0.0
Amount_shipped,"(260, 4940, 545, 4715, 11.01)",0.0
Amount_shipped,"(260, 4940, 598, 4885, 11.15)",0.0
Amount_shipped,"(260, 4940, 622, 4729, 11.5)",0.0
Amount_shipped,"(260, 4940, 136, 4692, 11.61)",0.0
Amount_shipped,"(260, 4940, 494, 4926, 11.95)",0.0
Amount_shipped,"(260, 4940, 627, 4796, 12.52)",0.0
Amount_shipped,"(260, 4940, 604, 4624, 12.57)",0.0
Amount_shipped,"(260, 4940, 497, 4720, 12.7)",0.0
Amount_shipped,"(260, 4940, 503, 4807, 16.06)",0.0
Amount_shipped,"(260, 4940, 612, 4678, 16.32)",0.0
Amount_shipped,"(260, 4940, 345, 4695, 23.25)",0.0
Amount_shipped,"(260, 4940, 696, 4535, 23.59)",0.0
Amount_shipped,"(260, 4940, 250, 4682, 28.56)",0.0
Amount_shipped,"(260, 4940, 572, 4680, 30.45)",0.0
Amount_shipped,"(260, 4940, 371, 4764, 52.72)",0.0
Amount_shipped,"(260, 4940, 312, 4747, 62.13)",0.0
Amount_shipped,"(260, 4940, 417, 4874, 76.13)",0.0
Amount_shipped,"(260, 4940, 350, 4738, 111.96)",0.0
Amount_shipped,"(260, 4940, 327, 4722, 125.89)",0.0
Amount_shipped,"(260, 4940, 555, 4937, 127.49)",0.0
Amount_shipped,"(260, 4940, 239, 4765, 151.68)",0.0
Amount_shipped,"(260, 4940, 558, 4583, 208.94)",0.0
Amount_shipped,"(260, 4940, 592, 4773, 272.69)",0.0
Amount_shipped,"(260, 4940, 303, 4682, 594.76)",0.0
Amount_shipped,"(260, 4940, 519, 4618, 758.82)",0.0
Amount_shipped,"(260, 4940, 190, 4740, 907.18)",0.0
Amount_shipped,"(260, 4940, 604, 4955, 907.45)",0.0
Amount_shipped,"(260, 4940, 334, 4799, 1285.48)",0.0
Amount_shipped,"(260, 4940, 402, 4762, 1356.12)",0.0
Amount_shipped,"(260, 4960, 604, 4556, 10.77)",0.0
Amount_shipped,"(260, 4960, 545, 4715, 11.01)",0.0
Amount_shipped,"(260, 4960, 598, 4885, 11.15)",0.0
Amount_shipped,"(260, 4960, 622, 4729, 11.5)",0.0
Amount_shipped,"(260, 4960, 136, 4692, 11.61)",0.0
Amount_shipped,"(260, 4960, 494, 4926, 11.95)",0.0
Amount_shipped,"(260, 4960, 627, 4796, 12.52)",0.0
Amount_shipped,"(260, 4960, 604, 4624, 12.57)",0.0
Amount_shipped,"(260, 4960, 497, 4720, 12.7)",0.0
Amount_shipped,"(260, 4960, 503, 4807, 16.06)",0.0
Amount_shipped,"(260, 4960, 612, 4678, 16.32)",0.0
Amount_shipped,"(260, 4960, 345, 4695, 23.25)",0.0
Amount_shipped,"(260, 4960, 696, 4535, 23.59)",0.0
Amount_shipped,"(260, 4960, 250, 4682, 28.56)",0.0
Amount_shipped,"(260, 4960, 572, 4680, 30.45)",0.0
Amount_shipped,"(260, 4960, 371, 4764, 52.72)",0.0
Amount_shipped,"(260, 4960, 312, 4747, 62.13)",0.0
Amount_shipped,"(260, 4960, 417, 4874, 76.13)",0.0
Amount_shipped,"(260, 4960, 350, 4738, 111.96)",0.0
Amount_shipped,"(260, 4960, 327, 4722, 125.89)",0.0
Amount_shipped,"(260, 4960, 555, 4937, 127.49)",0.0
Amount_shipped,"(260, 4960, 239, 4765, 151.68)",0.0
Amount_shipped,"(260, 4960, 558, 4583, 208.94)",0.0
Amount_shipped,"(260, 4960, 592, 4773, 272.69)",0.0
Amount_shipped,"(260, 4960, 303, 4682, 594.76)",0.0
Amount_shipped,"(260, 4960, 519, 4618, 758.82)",0.0
Amount_shipped,"(260, 4960, 190, 4740, 907.18)",0.0
Amount_shipped,"(260, 4960, 604, 4955, 907.45)",0.0
Amount_shipped,"(260, 4960, 334, 4799, 1285.48)",0.0
Amount_shipped,"(260, 4960, 402, 4762, 1356.12)",0.0
Amount_shipped,"(260, 4980, 604, 4556, 10.77)",0.0
Amount_shipped,"(260, 4980, 545, 4715, 11.01)",0.0
Amount_shipped,"(260, 4980, 598, 4885, 11.15)",0.0
Amount_shipped,"(260, 4980, 622, 4729, 11.5)",0.0
Amount_shipped,"(260, 4980, 136, 4692, 11.61)",0.0
Amount_shipped,"(260, 4980, 494, 4926, 11.95)",0.0
Amount_shipped,"(260, 4980, 627, 4796, 12.52)",0.0
Amount_shipped,"(260, 4980, 604, 4624, 12.57)",0.0
Amount_shipped,"(260, 4980, 497, 4720, 12.7)",0.0
Amount_shipped,"(260, 4980, 503, 4807, 16.06)",0.0
Amount_shipped,"(260, 4980, 612, 4678, 16.32)",0.0
Amount_shipped,"(260, 4980, 345, 4695, 23.25)",0.0
Amount_shipped,"(260, 4980, 696, 4535, 23.59)",0.0
Amount_shipped,"(260, 4980, 250, 4682, 28.56)",0.0
Amount_shipped,"(260, 4980, 572, 4680, 30.45)",0.0
Amount_shipped,"(260, 4980, 371, 4764, 52.72)",0.0
Amount_shipped,"(260, 4980, 312, 4747, 62.13)",0.0
Amount_shipped,"(260, 4980, 417, 4874, 76.13)",0.0
Amount_shipped,"(260, 4980, 350, 4738, 111.96)",0.0
Amount_shipped,"(260, 4980, 327, 4722, 125.89)",0.0
Amount_shipped,"(260, 4980, 555, 4937, 127.49)",0.0
Amount_shipped,"(260, 4980, 239, 4765, 151.68)",0.0
Amount_shipped,"(260, 4980, 558, 4583, 208.94)",0.0
Amount_shipped,"(260, 4980, 592, 4773, 272.69)",0.0
Amount_shipped,"(260, 4980, 303, 4682, 594.76)",0.0
Amount_shipped,"(260, 4980, 519, 4618, 758.82)",0.0
Amount_shipped,"(260, 4980, 190, 4740, 907.18)",0.0
Amount_shipped,"(260, 4980, 604, 4955, 907.45)",0.0
Amount_shipped,"(260, 4980, 334, 4799, 1285.48)",0.0
Amount_shipped,"(260, 4980, 402, 4762, 1356.12)",0.0
Amount_shipped,"(280, 4440, 604, 4556, 10.77)",0.0
Amount_shipped,"(280, 4440, 545, 4715, 11.01)",0.0
Amount_shipped,"(280, 4440, 598, 4885, 11.15)",0.0
Amount_shipped,"(280, 4440, 622, 4729, 11.5)",0.0
Amount_shipped,"(280, 4440, 136, 4692, 11.61)",0.0
Amount_shipped,"(280, 4440, 494, 4926, 11.95)",0.0
Amount_shipped,"(280, 4440, 627, 4796, 12.52)",0.0
Amount_shipped,"(280, 4440, 604, 4624, 12.57)",0.0
Amount_shipped,"(280, 4440, 497, 4720, 12.7)",0.0
Amount_shipped,"(280, 4440, 503, 4807, 16.06)",0.0
Amount_shipped,"(280, 4440, 612, 4678, 16.32)",0.0
Amount_shipped,"(280, 4440, 345, 4695, 23.25)",0.0
Amount_shipped,"(280, 4440, 696, 4535, 23.59)",0.0
Amount_shipped,"(280, 4440, 250, 4682, 28.56)",0.0
Amount_shipped,"(280, 4440, 572, 4680, 30.45)",0.0
Amount_shipped,"(280, 4440, 371, 4764, 52.72)",0.0
Amount_shipped,"(280, 4440, 312, 4747, 62.13)",0.0
Amount_shipped,"(280, 4440, 417, 4874, 76.13)",0.0
Amount_shipped,"(280, 4440, 350, 4738, 111.96)",0.0
Amount_shipped,"(280, 4440, 327, 4722, 125.89)",0.0
Amount_shipped,"(280, 4440, 555, 4937, 127.49)",0.0
Amount_shipped,"(280, 4440, 239, 4765, 151.68)",0.0
Amount_shipped,"(280, 4440, 558, 4583, 208.94)",0.0
Amount_shipped,"(280, 4440, 592, 4773, 272.69)",0.0
Amount_shipped,"(280, 4440, 303, 4682, 594.76)",0.0
Amount_shipped,"(280, 4440, 519, 4618, 758.82)",0.0
Amount_shipped,"(280, 4440, 190, 4740, 907.18)",0.0
Amount_shipped,"(280, 4440, 604, 4955, 907.45)",0.0
Amount_shipped,"(280, 4440, 334, 4799, 1285.48)",0.0
Amount_shipped,"(280, 4440, 402, 4762, 1356.12)",0.0
Amount_shipped,"(280, 4460, 604, 4556, 10.77)",0.0
Amount_shipped,"(280, 4460, 545, 4715, 11.01)",0.0
Amount_shipped,"(280, 4460, 598, 4885, 11.15)",0.0
Amount_shipped,"(280, 4460, 622, 4729, 11.5)",0.0
Amount_shipped,"(280, 4460, 136, 4692, 11.61)",0.0
Amount_shipped,"(280, 4460, 494, 4926, 11.95)",0.0
Amount_shipped,"(280, 4460, 627, 4796, 12.52)",0.0
Amount_shipped,"(280, 4460, 604, 4624, 12.57)",0.0
Amount_shipped,"(280, 4460, 497, 4720, 12.7)",0.0
Amount_shipped,"(280, 4460, 503, 4807, 16.06)",0.0
Amount_shipped,"(280, 4460, 612, 4678, 16.32)",0.0
Amount_shipped,"(280, 4460, 345, 4695, 23.25)",0.0
Amount_shipped,"(280, 4460, 696, 4535, 23.59)",0.0
Amount_shipped,"(280, 4460, 250, 4682, 28.56)",0.0
Amount_shipped,"(280, 4460, 572, 4680, 30.45)",0.0
Amount_shipped,"(280, 4460, 371, 4764, 52.72)",0.0
Amount_shipped,"(280, 4460, 312, 4747, 62.13)",0.0
Amount_shipped,"(280, 4460, 417, 4874, 76.13)",0.0
Amount_shipped,"(280, 4460, 350, 4738, 111.96)",0.0
Amount_shipped,"(280, 4460, 327, 4722, 125.89)",0.0
Amount_shipped,"(280, 4460, 555, 4937, 127.49)",0.0
Amount_shipped,"(280, 4460, 239, 4765, 151.68)",0.0
Amount_shipped,"(280, 4460, 558, 4583, 208.94)",0.0
Amount_shipped,"(280, 4460, 592, 4773, 272.69)",0.0
Amount_shipped,"(280, 4460, 303, 4682, 594.76)",0.0
Amount_shipped,"(280, 4460, 519, 4618, 758.82)",0.0
Amount_shipped,"(280, 4460, 190, 4740, 907.18)",0.0
Amount_shipped,"(280, 4460, 604, 4955, 907.45)",0.0
Amount_shipped,"(280, 4460, 334, 4799, 1285.48)",0.0
Amount_shipped,"(280, 4460, 402, 4762, 1356.12)",0.0
Amount_shipped,"(280, 4480, 604, 4556, 10.77)",0.0
Amount_shipped,"(280, 4480, 545, 4715, 11.01)",0.0
Amount_shipped,"(280, 4480, 598, 4885, 11.15)",0.0
Amount_shipped,"(280, 4480, 622, 4729, 11.5)",0.0
Amount_shipped,"(280, 4480, 136, 4692, 11.61)",0.0
Amount_shipped,"(280, 4480, 494, 4926, 11.95)",0.0
Amount_shipped,"(280, 4480, 627, 4796, 12.52)",0.0
Amount_shipped,"(280, 4480, 604, 4624, 12.57)",0.0
Amount_shipped,"(280, 4480, 497, 4720, 12.7)",0.0
Amount_shipped,"(280, 4480, 503, 4807, 16.06)",0.0
Amount_shipped,"(280, 4480, 612, 4678, 16.32)",0.0
Amount_shipped,"(280, 4480, 345, 4695, 23.25)",0.0
Amount_shipped,"(280, 4480, 696, 4535, 23.59)",0.0
Amount_shipped,"(280, 4480, 250, 4682, 28.56)",0.0
Amount_shipped,"(280, 4480, 572, 4680, 30.45)",0.0
Amount_shipped,"(280, 4480, 371, 4764, 52.72)",0.0
Amount_shipped,"(280, 4480, 312, 4747, 62.13)",0.0
Amount_shipped,"(280, 4480, 417, 4874, 76.13)",0.0
Amount_shipped,"(280, 4480, 350, 4738, 111.96)",0.0
Amount_shipped,"(280, 4480, 327, 4722, 125.89)",0.0
Amount_shipped,"(280, 4480, 555, 4937, 127.49)",0.0
Amount_shipped,"(280, 4480, 239, 4765, 151.68)",0.0
Amount_shipped,"(280, 4480, 558, 4583, 208.94)",0.0
Amount_shipped,"(280, 4480, 592, 4773, 272.69)",0.0
Amount_shipped,"(280, 4480, 303, 4682, 594.76)",0.0
Amount_shipped,"(280, 4480, 519, 4618, 758.82)",0.0
Amount_shipped,"(280, 4480, 190, 4740, 907.18)",0.0
Amount_shipped,"(280, 4480, 604, 4955, 907.45)",0.0
Amount_shipped,"(280, 4480, 334, 4799, 1285.48)",0.0
Amount_shipped,"(280, 4480, 402, 4762, 1356.12)",0.0
Amount_shipped,"(280, 4500, 604, 4556, 10.77)",0.0
Amount_shipped,"(280, 4500, 545, 4715, 11.01)",0.0
Amount_shipped,"(280, 4500, 598, 4885, 11.15)",0.0
Amount_shipped,"(280, 4500, 622, 4729, 11.5)",0.0
Amount_shipped,"(280, 4500, 136, 4692, 11.61)",0.0
Amount_shipped,"(280, 4500, 494, 4926, 11.95)",0.0
Amount_shipped,"(280, 4500, 627, 4796, 12.52)",0.0
Amount_shipped,"(280, 4500, 604, 4624, 12.57)",0.0
Amount_shipped,"(280, 4500, 497, 4720, 12.7)",0.0
Amount_shipped,"(280, 4500, 503, 4807, 16.06)",0.0
Amount_shipped,"(280, 4500, 612, 4678, 16.32)",0.0
Amount_shipped,"(280, 4500, 345, 4695, 23.25)",0.0
Amount_shipped,"(280, 4500, 696, 4535, 23.59)",0.0
Amount_shipped,"(280, 4500, 250, 4682, 28.56)",0.0
Amount_shipped,"(280, 4500, 572, 4680, 30.45)",0.0
Amount_shipped,"(280, 4500, 371, 4764, 52.72)",0.0
Amount_shipped,"(280, 4500, 312, 4747, 62.13)",0.0
Amount_shipped,"(280, 4500, 417, 4874, 76.13)",0.0
Amount_shipped,"(280, 4500, 350, 4738, 111.96)",0.0
Amount_shipped,"(280, 4500, 327, 4722, 125.89)",0.0
Amount_shipped,"(280, 4500, 555, 4937, 127.49)",0.0
Amount_shipped,"(280, 4500, 239, 4765, 151.68)",0.0
Amount_shipped,"(280, 4500, 558, 4583, 208.94)",0.0
Amount_shipped,"(280, 4500, 592, 4773, 272.69)",0.0
Amount_shipped,"(280, 4500, 303, 4682, 594.76)",0.0
Amount_shipped,"(280, 4500, 519, 4618, 758.82)",0.0
Amount_shipped,"(280, 4500, 190, 4740, 907.18)",0.0
Amount_shipped,"(280, 4500, 604, 4955, 907.45)",0.0
Amount_shipped,"(280, 4500, 334, 4799, 1285.48)",0.0
Amount_shipped,"(280, 4500, 402, 4762, 1356.12)",0.0
Amount_shipped,"(280, 4520, 604, 4556, 10.77)",0.0
Amount_shipped,"(280, 4520, 545, 4715, 11.01)",0.0
Amount_shipped,"(280, 4520, 598, 4885, 11.15)",0.0
Amount_shipped,"(280, 4520, 622, 4729, 11.5)",0.0
Amount_shipped,"(280, 4520, 136, 4692, 11.61)",0.0
Amount_shipped,"(280, 4520, 494, 4926, 11.95)",0.0
Amount_shipped,"(280, 4520, 627, 4796, 12.52)",0.0
Amount_shipped,"(280, 4520, 604, 4624, 12.57)",0.0
Amount_shipped,"(280, 4520, 497, 4720, 12.7)",0.0
Amount_shipped,"(280, 4520, 503, 4807, 16.06)",0.0
Amount_shipped,"(280, 4520, 612, 4678, 16.32)",0.0
Amount_shipped,"(280, 4520, 345, 4695, 23.25)",0.0
Amount_shipped,"(280, 4520, 696, 4535, 23.59)",0.0
Amount_shipped,"(280, 4520, 250, 4682, 28.56)",0.0
Amount_shipped,"(280, 4520, 572, 4680, 30.45)",0.0
Amount_shipped,"(280, 4520, 371, 4764, 52.72)",0.0
Amount_shipped,"(280, 4520, 312, 4747, 62.13)",0.0
Amount_shipped,"(280, 4520, 417, 4874, 76.13)",0.0
Amount_shipped,"(280, 4520, 350, 4738, 111.96)",0.0
Amount_shipped,"(280, 4520, 327, 4722, 125.89)",0.0
Amount_shipped,"(280, 4520, 555, 4937, 127.49)",0.0
Amount_shipped,"(280, 4520, 239, 4765, 151.68)",0.0
Amount_shipped,"(280, 4520, 558, 4583, 208.94)",0.0
Amount_shipped,"(280, 4520, 592, 4773, 272.69)",0.0
Amount_shipped,"(280, 4520, 303, 4682, 594.76)",0.0
Amount_shipped,"(280, 4520, 519, 4618, 758.82)",0.0
Amount_shipped,"(280, 4520, 190, 4740, 907.18)",0.0
Amount_shipped,"(280, 4520, 604, 4955, 907.45)",0.0
Amount_shipped,"(280, 4520, 334, 4799, 1285.48)",0.0
Amount_shipped,"(280, 4520, 402, 4762, 1356.12)",0.0
Amount_shipped,"(280, 4540, 604, 4556, 10.77)",0.0
Amount_shipped,"(280, 4540, 545, 4715, 11.01)",0.0
Amount_shipped,"(280, 4540, 598, 4885, 11.15)",0.0
Amount_shipped,"(280, 4540, 622, 4729, 11.5)",0.0
Amount_shipped,"(280, 4540, 136, 4692, 11.61)",0.0
Amount_shipped,"(280, 4540, 494, 4926, 11.95)",0.0
Amount_shipped,"(280, 4540, 627, 4796, 12.52)",0.0
Amount_shipped,"(280, 4540, 604, 4624, 12.57)",0.0
Amount_shipped,"(280, 4540, 497, 4720, 12.7)",0.0
Amount_shipped,"(280, 4540, 503, 4807, 16.06)",0.0
Amount_shipped,"(280, 4540, 612, 4678, 16.32)",0.0
Amount_shipped,"(280, 4540, 345, 4695, 23.25)",0.0
Amount_shipped,"(280, 4540, 696, 4535, 23.59)",0.0
Amount_shipped,"(280, 4540, 250, 4682, 28.56)",0.0
Amount_shipped,"(280, 4540, 572, 4680, 30.45)",0.0
Amount_shipped,"(280, 4540, 371, 4764, 52.72)",0.0
Amount_shipped,"(280, 4540, 312, 4747, 62.13)",0.0
Amount_shipped,"(280, 4540, 417, 4874, 76.13)",0.0
Amount_shipped,"(280, 4540, 350, 4738, 111.96)",0.0
Amount_shipped,"(280, 4540, 327, 4722, 125.89)",0.0
Amount_shipped,"(280, 4540, 555, 4937, 127.49)",0.0
Amount_shipped,"(280, 4540, 239, 4765, 151.68)",0.0
Amount_shipped,"(280, 4540, 558, 4583, 208.94)",0.0
Amount_shipped,"(280, 4540, 592, 4773, 272.69)",0.0
Amount_shipped,"(280, 4540, 303, 4682, 594.76)",0.0
Amount_shipped,"(280, 4540, 519, 4618, 758.82)",0.0
Amount_shipped,"(280, 4540, 190, 4740, 907.18)",0.0
Amount_shipped,"(280, 4540, 604, 4955, 907.45)",0.0
Amount_shipped,"(280, 4540, 334, 4799, 1285.48)",0.0
Amount_shipped,"(280, 4540, 402, 4762, 1356.12)",0.0
Amount_shipped,"(280, 4560, 604, 4556, 10.77)",0.0
Amount_shipped,"(280, 4560, 545, 4715, 11.01)",0.0
Amount_shipped,"(280, 4560, 598, 4885, 11.15)",0.0
Amount_shipped,"(280, 4560, 622, 4729, 11.5)",0.0
Amount_shipped,"(280, 4560, 136, 4692, 11.61)",0.0
Amount_shipped,"(280, 4560, 494, 4926, 11.95)",0.0
Amount_shipped,"(280, 4560, 627, 4796, 12.52)",0.0
Amount_shipped,"(280, 4560, 604, 4624, 12.57)",0.0
Amount_shipped,"(280, 4560, 497, 4720, 12.7)",0.0
Amount_shipped,"(280, 4560, 503, 4807, 16.06)",0.0
Amount_shipped,"(280, 4560, 612, 4678, 16.32)",0.0
Amount_shipped,"(280, 4560, 345, 4695, 23.25)",0.0
Amount_shipped,"(280, 4560, 696, 4535, 23.59)",0.0
Amount_shipped,"(280, 4560, 250, 4682, 28.56)",0.0
Amount_shipped,"(280, 4560, 572, 4680, 30.45)",0.0
Amount_shipped,"(280, 4560, 371, 4764, 52.72)",0.0
Amount_shipped,"(280, 4560, 312, 4747, 62.13)",0.0
Amount_shipped,"(280, 4560, 417, 4874, 76.13)",0.0
Amount_shipped,"(280, 4560, 350, 4738, 111.96)",0.0
Amount_shipped,"(280, 4560, 327, 4722, 125.89)",0.0
Amount_shipped,"(280, 4560, 555, 4937, 127.49)",0.0
Amount_shipped,"(280, 4560, 239, 4765, 151.68)",0.0
Amount_shipped,"(280, 4560, 558, 4583, 208.94)",0.0
Amount_shipped,"(280, 4560, 592, 4773, 272.69)",0.0
Amount_shipped,"(280, 4560, 303, 4682, 594.76)",0.0
Amount_shipped,"(280, 4560, 519, 4618, 758.82)",0.0
Amount_shipped,"(280, 4560, 190, 4740, 907.18)",0.0
Amount_shipped,"(280, 4560, 604, 4955, 907.45)",0.0
Amount_shipped,"(280, 4560, 334, 4799, 1285.48)",0.0
Amount_shipped,"(280, 4560, 402, 4762, 1356.12)",0.0
Amount_shipped,"(280, 4580, 604, 4556, 10.77)",0.0
Amount_shipped,"(280, 4580, 545, 4715, 11.01)",0.0
Amount_shipped,"(280, 4580, 598, 4885, 11.15)",0.0
Amount_shipped,"(280, 4580, 622, 4729, 11.5)",0.0
Amount_shipped,"(280, 4580, 136, 4692, 11.61)",0.0
Amount_shipped,"(280, 4580, 494, 4926, 11.95)",0.0
Amount_shipped,"(280, 4580, 627, 4796, 12.52)",0.0
Amount_shipped,"(280, 4580, 604, 4624, 12.57)",0.0
Amount_shipped,"(280, 4580, 497, 4720, 12.7)",0.0
Amount_shipped,"(280, 4580, 503, 4807, 16.06)",0.0
Amount_shipped,"(280, 4580, 612, 4678, 16.32)",0.0
Amount_shipped,"(280, 4580, 345, 4695, 23.25)",0.0
Amount_shipped,"(280, 4580, 696, 4535, 23.59)",0.0
Amount_shipped,"(280, 4580, 250, 4682, 28.56)",0.0
Amount_shipped,"(280, 4580, 572, 4680, 30.45)",0.0
Amount_shipped,"(280, 4580, 371, 4764, 52.72)",0.0
Amount_shipped,"(280, 4580, 312, 4747, 62.13)",0.0
Amount_shipped,"(280, 4580, 417, 4874, 76.13)",0.0
Amount_shipped,"(280, 4580, 350, 4738, 111.96)",0.0
Amount_shipped,"(280, 4580, 327, 4722, 125.89)",0.0
Amount_shipped,"(280, 4580, 555, 4937, 127.49)",0.0
Amount_shipped,"(280, 4580, 239, 4765, 151.68)",0.0
Amount_shipped,"(280, 4580, 558, 4583, 208.94)",0.0
Amount_shipped,"(280, 4580, 592, 4773, 272.69)",0.0
Amount_shipped,"(280, 4580, 303, 4682, 594.76)",0.0
Amount_shipped,"(280, 4580, 519, 4618, 758.82)",0.0
Amount_shipped,"(280, 4580, 190, 4740, 907.18)",0.0
Amount_shipped,"(280, 4580, 604, 4955, 907.45)",0.0
Amount_shipped,"(280, 4580, 334, 4799, 1285.48)",0.0
Amount_shipped,"(280, 4580, 402, 4762, 1356.12)",0.0
Amount_shipped,"(280, 4600, 604, 4556, 10.77)",0.0
Amount_shipped,"(280, 4600, 545, 4715, 11.01)",0.0
Amount_shipped,"(280, 4600, 598, 4885, 11.15)",0.0
Amount_shipped,"(280, 4600, 622, 4729, 11.5)",0.0
Amount_shipped,"(280, 4600, 136, 4692, 11.61)",0.0
Amount_shipped,"(280, 4600, 494, 4926, 11.95)",0.0
Amount_shipped,"(280, 4600, 627, 4796, 12.52)",0.0
Amount_shipped,"(280, 4600, 604, 4624, 12.57)",0.0
Amount_shipped,"(280, 4600, 497, 4720, 12.7)",0.0
Amount_shipped,"(280, 4600, 503, 4807, 16.06)",0.0
Amount_shipped,"(280, 4600, 612, 4678, 16.32)",0.0
Amount_shipped,"(280, 4600, 345, 4695, 23.25)",0.0
Amount_shipped,"(280, 4600, 696, 4535, 23.59)",0.0
Amount_shipped,"(280, 4600, 250, 4682, 28.56)",0.0
Amount_shipped,"(280, 4600, 572, 4680, 30.45)",0.0
Amount_shipped,"(280, 4600, 371, 4764, 52.72)",0.0
Amount_shipped,"(280, 4600, 312, 4747, 62.13)",0.0
Amount_shipped,"(280, 4600, 417, 4874, 76.13)",0.0
Amount_shipped,"(280, 4600, 350, 4738, 111.96)",0.0
Amount_shipped,"(280, 4600, 327, 4722, 125.89)",0.0
Amount_shipped,"(280, 4600, 555, 4937, 127.49)",0.0
Amount_shipped,"(280, 4600, 239, 4765, 151.68)",0.0
Amount_shipped,"(280, 4600, 558, 4583, 208.94)",0.0
Amount_shipped,"(280, 4600, 592, 4773, 272.69)",0.0
Amount_shipped,"(280, 4600, 303, 4682, 594.76)",0.0
Amount_shipped,"(280, 4600, 519, 4618, 758.82)",0.0
Amount_shipped,"(280, 4600, 190, 4740, 907.18)",0.0
Amount_shipped,"(280, 4600, 604, 4955, 907.45)",0.0
Amount_shipped,"(280, 4600, 334, 4799, 1285.48)",0.0
Amount_shipped,"(280, 4600, 402, 4762, 1356.12)",0.0
Amount_shipped,"(280, 4620, 604, 4556, 10.77)",0.0
Amount_shipped,"(280, 4620, 545, 4715, 11.01)",0.0
Amount_shipped,"(280, 4620, 598, 4885, 11.15)",0.0
Amount_shipped,"(280, 4620, 622, 4729, 11.5)",0.0
Amount_shipped,"(280, 4620, 136, 4692, 11.61)",0.0
Amount_shipped,"(280, 4620, 494, 4926, 11.95)",0.0
Amount_shipped,"(280, 4620, 627, 4796, 12.52)",0.0
Amount_shipped,"(280, 4620, 604, 4624, 12.57)",0.0
Amount_shipped,"(280, 4620, 497, 4720, 12.7)",0.0
Amount_shipped,"(280, 4620, 503, 4807, 16.06)",0.0
Amount_shipped,"(280, 4620, 612, 4678, 16.32)",0.0
Amount_shipped,"(280, 4620, 345, 4695, 23.25)",0.0
Amount_shipped,"(280, 4620, 696, 4535, 23.59)",0.0
Amount_shipped,"(280, 4620, 250, 4682, 28.56)",0.0
Amount_shipped,"(280, 4620, 572, 4680, 30.45)",0.0
Amount_shipped,"(280, 4620, 371, 4764, 52.72)",0.0
Amount_shipped,"(280, 4620, 312, 4747, 62.13)",0.0
Amount_shipped,"(280, 4620, 417, 4874, 76.13)",0.0
Amount_shipped,"(280, 4620, 350, 4738, 111.96)",0.0
Amount_shipped,"(280, 4620, 327, 4722, 125.89)",0.0
Amount_shipped,"(280, 4620, 555, 4937, 127.49)",0.0
Amount_shipped,"(280, 4620, 239, 4765, 151.68)",0.0
Amount_shipped,"(280, 4620, 558, 4583, 208.94)",0.0
Amount_shipped,"(280, 4620, 592, 4773, 272.69)",0.0
Amount_shipped,"(280, 4620, 303, 4682, 594.76)",0.0
Amount_shipped,"(280, 4620, 519, 4618, 758.82)",0.0
Amount_shipped,"(280, 4620, 190, 4740, 907.18)",0.0
Amount_shipped,"(280, 4620, 604, 4955, 907.45)",0.0
Amount_shipped,"(280, 4620, 334, 4799, 1285.48)",0.0
Amount_shipped,"(280, 4620, 402, 4762, 1356.12)",0.0
Amount_shipped,"(280, 4640, 604, 4556, 10.77)",0.0
Amount_shipped,"(280, 4640, 545, 4715, 11.01)",0.0
Amount_shipped,"(280, 4640, 598, 4885, 11.15)",0.0
Amount_shipped,"(280, 4640, 622, 4729, 11.5)",0.0
Amount_shipped,"(280, 4640, 136, 4692, 11.61)",0.0
Amount_shipped,"(280, 4640, 494, 4926, 11.95)",0.0
Amount_shipped,"(280, 4640, 627, 4796, 12.52)",0.0
Amount_shipped,"(280, 4640, 604, 4624, 12.57)",0.0
Amount_shipped,"(280, 4640, 497, 4720, 12.7)",0.0
Amount_shipped,"(280, 4640, 503, 4807, 16.06)",0.0
Amount_shipped,"(280, 4640, 612, 4678, 16.32)",0.0
Amount_shipped,"(280, 4640, 345, 4695, 23.25)",0.0
Amount_shipped,"(280, 4640, 696, 4535, 23.59)",0.0
Amount_shipped,"(280, 4640, 250, 4682, 28.56)",0.0
Amount_shipped,"(280, 4640, 572, 4680, 30.45)",0.0
Amount_shipped,"(280, 4640, 371, 4764, 52.72)",0.0
Amount_shipped,"(280, 4640, 312, 4747, 62.13)",0.0
Amount_shipped,"(280, 4640, 417, 4874, 76.13)",0.0
Amount_shipped,"(280, 4640, 350, 4738, 111.96)",0.0
Amount_shipped,"(280, 4640, 327, 4722, 125.89)",0.0
Amount_shipped,"(280, 4640, 555, 4937, 127.49)",0.0
Amount_shipped,"(280, 4640, 239, 4765, 151.68)",0.0
Amount_shipped,"(280, 4640, 558, 4583, 208.94)",0.0
Amount_shipped,"(280, 4640, 592, 4773, 272.69)",0.0
Amount_shipped,"(280, 4640, 303, 4682, 594.76)",0.0
Amount_shipped,"(280, 4640, 519, 4618, 758.82)",0.0
Amount_shipped,"(280, 4640, 190, 4740, 907.18)",0.0
Amount_shipped,"(280, 4640, 604, 4955, 907.45)",0.0
Amount_shipped,"(280, 4640, 334, 4799, 1285.48)",0.0
Amount_shipped,"(280, 4640, 402, 4762, 1356.12)",0.0
Amount_shipped,"(280, 4660, 604, 4556, 10.77)",0.0
Amount_shipped,"(280, 4660, 545, 4715, 11.01)",0.0
Amount_shipped,"(280, 4660, 598, 4885, 11.15)",0.0
Amount_shipped,"(280, 4660, 622, 4729, 11.5)",0.0
Amount_shipped,"(280, 4660, 136, 4692, 11.61)",0.0
Amount_shipped,"(280, 4660, 494, 4926, 11.95)",0.0
Amount_shipped,"(280, 4660, 627, 4796, 12.52)",0.0
Amount_shipped,"(280, 4660, 604, 4624, 12.57)",0.0
Amount_shipped,"(280, 4660, 497, 4720, 12.7)",0.0
Amount_shipped,"(280, 4660, 503, 4807, 16.06)",0.0
Amount_shipped,"(280, 4660, 612, 4678, 16.32)",0.0
Amount_shipped,"(280, 4660, 345, 4695, 23.25)",0.0
Amount_shipped,"(280, 4660, 696, 4535, 23.59)",0.0
Amount_shipped,"(280, 4660, 250, 4682, 28.56)",0.0
Amount_shipped,"(280, 4660, 572, 4680, 30.45)",0.0
Amount_shipped,"(280, 4660, 371, 4764, 52.72)",0.0
Amount_shipped,"(280, 4660, 312, 4747, 62.13)",0.0
Amount_shipped,"(280, 4660, 417, 4874, 76.13)",0.0
Amount_shipped,"(280, 4660, 350, 4738, 111.96)",0.0
Amount_shipped,"(280, 4660, 327, 4722, 125.89)",0.0
Amount_shipped,"(280, 4660, 555, 4937, 127.49)",0.0
Amount_shipped,"(280, 4660, 239, 4765, 151.68)",0.0
Amount_shipped,"(280, 4660, 558, 4583, 208.94)",0.0
Amount_shipped,"(280, 4660, 592, 4773, 272.69)",0.0
Amount_shipped,"(280, 4660, 303, 4682, 594.76)",0.0
Amount_shipped,"(280, 4660, 519, 4618, 758.82)",0.0
Amount_shipped,"(280, 4660, 190, 4740, 907.18)",0.0
Amount_shipped,"(280, 4660, 604, 4955, 907.45)",0.0
Amount_shipped,"(280, 4660, 334, 4799, 1285.48)",0.0
Amount_shipped,"(280, 4660, 402, 4762, 1356.12)",0.0
Amount_shipped,"(280, 4680, 604, 4556, 10.77)",0.0
Amount_shipped,"(280, 4680, 545, 4715, 11.01)",0.0
Amount_shipped,"(280, 4680, 598, 4885, 11.15)",0.0
Amount_shipped,"(280, 4680, 622, 4729, 11.5)",0.0
Amount_shipped,"(280, 4680, 136, 4692, 11.61)",0.0
Amount_shipped,"(280, 4680, 494, 4926, 11.95)",0.0
Amount_shipped,"(280, 4680, 627, 4796, 12.52)",0.0
Amount_shipped,"(280, 4680, 604, 4624, 12.57)",0.0
Amount_shipped,"(280, 4680, 497, 4720, 12.7)",0.0
Amount_shipped,"(280, 4680, 503, 4807, 16.06)",0.0
Amount_shipped,"(280, 4680, 612, 4678, 16.32)",0.0
Amount_shipped,"(280, 4680, 345, 4695, 23.25)",0.0
Amount_shipped,"(280, 4680, 696, 4535, 23.59)",0.0
Amount_shipped,"(280, 4680, 250, 4682, 28.56)",0.0
Amount_shipped,"(280, 4680, 572, 4680, 30.45)",0.0
Amount_shipped,"(280, 4680, 371, 4764, 52.72)",0.0
Amount_shipped,"(280, 4680, 312, 4747, 62.13)",0.0
Amount_shipped,"(280, 4680, 417, 4874, 76.13)",0.0
Amount_shipped,"(280, 4680, 350, 4738, 111.96)",0.0
Amount_shipped,"(280, 4680, 327, 4722, 125.89)",0.0
Amount_shipped,"(280, 4680, 555, 4937, 127.49)",0.0
Amount_shipped,"(280, 4680, 239, 4765, 151.68)",0.0
Amount_shipped,"(280, 4680, 558, 4583, 208.94)",0.0
Amount_shipped,"(280, 4680, 592, 4773, 272.69)",0.0
Amount_shipped,"(280, 4680, 303, 4682, 594.76)",0.0
Amount_shipped,"(280, 4680, 519, 4618, 758.82)",0.0
Amount_shipped,"(280, 4680, 190, 4740, 907.18)",0.0
Amount_shipped,"(280, 4680, 604, 4955, 907.45)",0.0
Amount_shipped,"(280, 4680, 334, 4799, 1285.48)",0.0
Amount_shipped,"(280, 4680, 402, 4762, 1356.12)",0.0
Amount_shipped,"(280, 4700, 604, 4556, 10.77)",0.0
Amount_shipped,"(280, 4700, 545, 4715, 11.01)",0.0
Amount_shipped,"(280, 4700, 598, 4885, 11.15)",0.0
Amount_shipped,"(280, 4700, 622, 4729, 11.5)",0.0
Amount_shipped,"(280, 4700, 136, 4692, 11.61)",0.0
Amount_shipped,"(280, 4700, 494, 4926, 11.95)",0.0
Amount_shipped,"(280, 4700, 627, 4796, 12.52)",0.0
Amount_shipped,"(280, 4700, 604, 4624, 12.57)",0.0
Amount_shipped,"(280, 4700, 497, 4720, 12.7)",0.0
Amount_shipped,"(280, 4700, 503, 4807, 16.06)",0.0
Amount_shipped,"(280, 4700, 612, 4678, 16.32)",0.0
Amount_shipped,"(280, 4700, 345, 4695, 23.25)",0.0
Amount_shipped,"(280, 4700, 696, 4535, 23.59)",0.0
Amount_shipped,"(280, 4700, 250, 4682, 28.56)",0.0
Amount_shipped,"(280, 4700, 572, 4680, 30.45)",0.0
Amount_shipped,"(280, 4700, 371, 4764, 52.72)",0.0
Amount_shipped,"(280, 4700, 312, 4747, 62.13)",0.0
Amount_shipped,"(280, 4700, 417, 4874, 76.13)",0.0
Amount_shipped,"(280, 4700, 350, 4738, 111.96)",0.0
Amount_shipped,"(280, 4700, 327, 4722, 125.89)",0.0
Amount_shipped,"(280, 4700, 555, 4937, 127.49)",0.0
Amount_shipped,"(280, 4700, 239, 4765, 151.68)",0.0
Amount_shipped,"(280, 4700, 558, 4583, 208.94)",0.0
Amount_shipped,"(280, 4700, 592, 4773, 272.69)",0.0
Amount_shipped,"(280, 4700, 303, 4682, 594.76)",0.0
Amount_shipped,"(280, 4700, 519, 4618, 758.82)",0.0
Amount_shipped,"(280, 4700, 190, 4740, 907.18)",0.0
Amount_shipped,"(280, 4700, 604, 4955, 907.45)",0.0
Amount_shipped,"(280, 4700, 334, 4799, 1285.48)",0.0
Amount_shipped,"(280, 4700, 402, 4762, 1356.12)",0.0
Amount_shipped,"(280, 4720, 604, 4556, 10.77)",0.0
Amount_shipped,"(280, 4720, 545, 4715, 11.01)",0.0
Amount_shipped,"(280, 4720, 598, 4885, 11.15)",0.0
Amount_shipped,"(280, 4720, 622, 4729, 11.5)",0.0
Amount_shipped,"(280, 4720, 136, 4692, 11.61)",0.0
Amount_shipped,"(280, 4720, 494, 4926, 11.95)",0.0
Amount_shipped,"(280, 4720, 627, 4796, 12.52)",0.0
Amount_shipped,"(280, 4720, 604, 4624, 12.57)",0.0
Amount_shipped,"(280, 4720, 497, 4720, 12.7)",0.0
Amount_shipped,"(280, 4720, 503, 4807, 16.06)",0.0
Amount_shipped,"(280, 4720, 612, 4678, 16.32)",0.0
Amount_shipped,"(280, 4720, 345, 4695, 23.25)",0.0
Amount_shipped,"(280, 4720, 696, 4535, 23.59)",0.0
Amount_shipped,"(280, 4720, 250, 4682, 28.56)",0.0
Amount_shipped,"(280, 4720, 572, 4680, 30.45)",0.0
Amount_shipped,"(280, 4720, 371, 4764, 52.72)",0.0
Amount_shipped,"(280, 4720, 312, 4747, 62.13)",0.0
Amount_shipped,"(280, 4720, 417, 4874, 76.13)",0.0
Amount_shipped,"(280, 4720, 350, 4738, 111.96)",0.0
Amount_shipped,"(280, 4720, 327, 4722, 125.89)",0.0
Amount_shipped,"(280, 4720, 555, 4937, 127.49)",0.0
Amount_shipped,"(280, 4720, 239, 4765, 151.68)",0.0
Amount_shipped,"(280, 4720, 558, 4583, 208.94)",0.0
Amount_shipped,"(280, 4720, 592, 4773, 272.69)",0.0
Amount_shipped,"(280, 4720, 303, 4682, 594.76)",0.0
Amount_shipped,"(280, 4720, 519, 4618, 758.82)",0.0
Amount_shipped,"(280, 4720, 190, 4740, 907.18)",0.0
Amount_shipped,"(280, 4720, 604, 4955, 907.45)",0.0
Amount_shipped,"(280, 4720, 334, 4799, 1285.48)",0.0
Amount_shipped,"(280, 4720, 402, 4762, 1356.12)",0.0
Amount_shipped,"(280, 4740, 604, 4556, 10.77)",0.0
Amount_shipped,"(280, 4740, 545, 4715, 11.01)",0.0
Amount_shipped,"(280, 4740, 598, 4885, 11.15)",0.0
Amount_shipped,"(280, 4740, 622, 4729, 11.5)",0.0
Amount_shipped,"(280, 4740, 136, 4692, 11.61)",0.0
Amount_shipped,"(280, 4740, 494, 4926, 11.95)",0.0
Amount_shipped,"(280, 4740, 627, 4796, 12.52)",0.0
Amount_shipped,"(280, 4740, 604, 4624, 12.57)",0.0
Amount_shipped,"(280, 4740, 497, 4720, 12.7)",0.0
Amount_shipped,"(280, 4740, 503, 4807, 16.06)",0.0
Amount_shipped,"(280, 4740, 612, 4678, 16.32)",0.0
Amount_shipped,"(280, 4740, 345, 4695, 23.25)",0.0
Amount_shipped,"(280, 4740, 696, 4535, 23.59)",0.0
Amount_shipped,"(280, 4740, 250, 4682, 28.56)",0.0
Amount_shipped,"(280, 4740, 572, 4680, 30.45)",0.0
Amount_shipped,"(280, 4740, 371, 4764, 52.72)",0.0
Amount_shipped,"(280, 4740, 312, 4747, 62.13)",0.0
Amount_shipped,"(280, 4740, 417, 4874, 76.13)",0.0
Amount_shipped,"(280, 4740, 350, 4738, 111.96)",0.0
Amount_shipped,"(280, 4740, 327, 4722, 125.89)",0.0
Amount_shipped,"(280, 4740, 555, 4937, 127.49)",0.0
Amount_shipped,"(280, 4740, 239, 4765, 151.68)",0.0
Amount_shipped,"(280, 4740, 558, 4583, 208.94)",0.0
Amount_shipped,"(280, 4740, 592, 4773, 272.69)",0.0
Amount_shipped,"(280, 4740, 303, 4682, 594.76)",0.0
Amount_shipped,"(280, 4740, 519, 4618, 758.82)",0.0
Amount_shipped,"(280, 4740, 190, 4740, 907.18)",0.0
Amount_shipped,"(280, 4740, 604, 4955, 907.45)",0.0
Amount_shipped,"(280, 4740, 334, 4799, 1285.48)",0.0
Amount_shipped,"(280, 4740, 402, 4762, 1356.12)",0.0
Amount_shipped,"(280, 4760, 604, 4556, 10.77)",0.0
Amount_shipped,"(280, 4760, 545, 4715, 11.01)",0.0
Amount_shipped,"(280, 4760, 598, 4885, 11.15)",0.0
Amount_shipped,"(280, 4760, 622, 4729, 11.5)",0.0
Amount_shipped,"(280, 4760, 136, 4692, 11.61)",0.0
Amount_shipped,"(280, 4760, 494, 4926, 11.95)",0.0
Amount_shipped,"(280, 4760, 627, 4796, 12.52)",0.0
Amount_shipped,"(280, 4760, 604, 4624, 12.57)",0.0
Amount_shipped,"(280, 4760, 497, 4720, 12.7)",0.0
Amount_shipped,"(280, 4760, 503, 4807, 16.06)",0.0
Amount_shipped,"(280, 4760, 612, 4678, 16.32)",0.0
Amount_shipped,"(280, 4760, 345, 4695, 23.25)",0.0
Amount_shipped,"(280, 4760, 696, 4535, 23.59)",0.0
Amount_shipped,"(280, 4760, 250, 4682, 28.56)",0.0
Amount_shipped,"(280, 4760, 572, 4680, 30.45)",0.0
Amount_shipped,"(280, 4760, 371, 4764, 52.72)",0.0
Amount_shipped,"(280, 4760, 312, 4747, 62.13)",0.0
Amount_shipped,"(280, 4760, 417, 4874, 76.13)",0.0
Amount_shipped,"(280, 4760, 350, 4738, 111.96)",0.0
Amount_shipped,"(280, 4760, 327, 4722, 125.89)",0.0
Amount_shipped,"(280, 4760, 555, 4937, 127.49)",0.0
Amount_shipped,"(280, 4760, 239, 4765, 151.68)",0.0
Amount_shipped,"(280, 4760, 558, 4583, 208.94)",0.0
Amount_shipped,"(280, 4760, 592, 4773, 272.69)",0.0
Amount_shipped,"(280, 4760, 303, 4682, 594.76)",0.0
Amount_shipped,"(280, 4760, 519, 4618, 758.82)",0.0
Amount_shipped,"(280, 4760, 190, 4740, 907.18)",0.0
Amount_shipped,"(280, 4760, 604, 4955, 907.45)",0.0
Amount_shipped,"(280, 4760, 334, 4799, 1285.48)",0.0
Amount_shipped,"(280, 4760, 402, 4762, 1356.12)",0.0
Amount_shipped,"(280, 4780, 604, 4556, 10.77)",0.0
Amount_shipped,"(280, 4780, 545, 4715, 11.01)",0.0
Amount_shipped,"(280, 4780, 598, 4885, 11.15)",0.0
Amount_shipped,"(280, 4780, 622, 4729, 11.5)",0.0
Amount_shipped,"(280, 4780, 136, 4692, 11.61)",0.0
Amount_shipped,"(280, 4780, 494, 4926, 11.95)",0.0
Amount_shipped,"(280, 4780, 627, 4796, 12.52)",0.0
Amount_shipped,"(280, 4780, 604, 4624, 12.57)",0.0
Amount_shipped,"(280, 4780, 497, 4720, 12.7)",0.0
Amount_shipped,"(280, 4780, 503, 4807, 16.06)",0.0
Amount_shipped,"(280, 4780, 612, 4678, 16.32)",0.0
Amount_shipped,"(280, 4780, 345, 4695, 23.25)",0.0
Amount_shipped,"(280, 4780, 696, 4535, 23.59)",0.0
Amount_shipped,"(280, 4780, 250, 4682, 28.56)",0.0
Amount_shipped,"(280, 4780, 572, 4680, 30.45)",0.0
Amount_shipped,"(280, 4780, 371, 4764, 52.72)",0.0
Amount_shipped,"(280, 4780, 312, 4747, 62.13)",0.0
Amount_shipped,"(280, 4780, 417, 4874, 76.13)",0.0
Amount_shipped,"(280, 4780, 350, 4738, 111.96)",0.0
Amount_shipped,"(280, 4780, 327, 4722, 125.89)",0.0
Amount_shipped,"(280, 4780, 555, 4937, 127.49)",0.0
Amount_shipped,"(280, 4780, 239, 4765, 151.68)",0.0
Amount_shipped,"(280, 4780, 558, 4583, 208.94)",0.0
Amount_shipped,"(280, 4780, 592, 4773, 272.69)",0.0
Amount_shipped,"(280, 4780, 303, 4682, 594.76)",0.0
Amount_shipped,"(280, 4780, 519, 4618, 758.82)",0.0
Amount_shipped,"(280, 4780, 190, 4740, 907.18)",0.0
Amount_shipped,"(280, 4780, 604, 4955, 907.45)",0.0
Amount_shipped,"(280, 4780, 334, 4799, 1285.48)",0.0
Amount_shipped,"(280, 4780, 402, 4762, 1356.12)",0.0
Amount_shipped,"(280, 4800, 604, 4556, 10.77)",0.0
Amount_shipped,"(280, 4800, 545, 4715, 11.01)",0.0
Amount_shipped,"(280, 4800, 598, 4885, 11.15)",0.0
Amount_shipped,"(280, 4800, 622, 4729, 11.5)",0.0
Amount_shipped,"(280, 4800, 136, 4692, 11.61)",0.0
Amount_shipped,"(280, 4800, 494, 4926, 11.95)",0.0
Amount_shipped,"(280, 4800, 627, 4796, 12.52)",0.0
Amount_shipped,"(280, 4800, 604, 4624, 12.57)",0.0
Amount_shipped,"(280, 4800, 497, 4720, 12.7)",0.0
Amount_shipped,"(280, 4800, 503, 4807, 16.06)",0.0
Amount_shipped,"(280, 4800, 612, 4678, 16.32)",0.0
Amount_shipped,"(280, 4800, 345, 4695, 23.25)",0.0
Amount_shipped,"(280, 4800, 696, 4535, 23.59)",0.0
Amount_shipped,"(280, 4800, 250, 4682, 28.56)",0.0
Amount_shipped,"(280, 4800, 572, 4680, 30.45)",0.0
Amount_shipped,"(280, 4800, 371, 4764, 52.72)",0.0
Amount_shipped,"(280, 4800, 312, 4747, 62.13)",0.0
Amount_shipped,"(280, 4800, 417, 4874, 76.13)",0.0
Amount_shipped,"(280, 4800, 350, 4738, 111.96)",0.0
Amount_shipped,"(280, 4800, 327, 4722, 125.89)",0.0
Amount_shipped,"(280, 4800, 555, 4937, 127.49)",0.0
Amount_shipped,"(280, 4800, 239, 4765, 151.68)",0.0
Amount_shipped,"(280, 4800, 558, 4583, 208.94)",0.0
Amount_shipped,"(280, 4800, 592, 4773, 272.69)",0.0
Amount_shipped,"(280, 4800, 303, 4682, 594.76)",0.0
Amount_shipped,"(280, 4800, 519, 4618, 758.82)",0.0
Amount_shipped,"(280, 4800, 190, 4740, 907.18)",0.0
Amount_shipped,"(280, 4800, 604, 4955, 907.45)",0.0
Amount_shipped,"(280, 4800, 334, 4799, 1285.48)",0.0
Amount_shipped,"(280, 4800, 402, 4762, 1356.12)",0.0
Amount_shipped,"(280, 4820, 604, 4556, 10.77)",0.0
Amount_shipped,"(280, 4820, 545, 4715, 11.01)",0.0
Amount_shipped,"(280, 4820, 598, 4885, 11.15)",0.0
Amount_shipped,"(280, 4820, 622, 4729, 11.5)",0.0
Amount_shipped,"(280, 4820, 136, 4692, 11.61)",0.0
Amount_shipped,"(280, 4820, 494, 4926, 11.95)",0.0
Amount_shipped,"(280, 4820, 627, 4796, 12.52)",0.0
Amount_shipped,"(280, 4820, 604, 4624, 12.57)",0.0
Amount_shipped,"(280, 4820, 497, 4720, 12.7)",0.0
Amount_shipped,"(280, 4820, 503, 4807, 16.06)",0.0
Amount_shipped,"(280, 4820, 612, 4678, 16.32)",0.0
Amount_shipped,"(280, 4820, 345, 4695, 23.25)",0.0
Amount_shipped,"(280, 4820, 696, 4535, 23.59)",0.0
Amount_shipped,"(280, 4820, 250, 4682, 28.56)",0.0
Amount_shipped,"(280, 4820, 572, 4680, 30.45)",0.0
Amount_shipped,"(280, 4820, 371, 4764, 52.72)",0.0
Amount_shipped,"(280, 4820, 312, 4747, 62.13)",0.0
Amount_shipped,"(280, 4820, 417, 4874, 76.13)",0.0
Amount_shipped,"(280, 4820, 350, 4738, 111.96)",0.0
Amount_shipped,"(280, 4820, 327, 4722, 125.89)",0.0
Amount_shipped,"(280, 4820, 555, 4937, 127.49)",0.0
Amount_shipped,"(280, 4820, 239, 4765, 151.68)",0.0
Amount_shipped,"(280, 4820, 558, 4583, 208.94)",0.0
Amount_shipped,"(280, 4820, 592, 4773, 272.69)",0.0
Amount_shipped,"(280, 4820, 303, 4682, 594.76)",0.0
Amount_shipped,"(280, 4820, 519, 4618, 758.82)",0.0
Amount_shipped,"(280, 4820, 190, 4740, 907.18)",0.0
Amount_shipped,"(280, 4820, 604, 4955, 907.45)",0.0
Amount_shipped,"(280, 4820, 334, 4799, 1285.48)",0.0
Amount_shipped,"(280, 4820, 402, 4762, 1356.12)",0.0
Amount_shipped,"(280, 4840, 604, 4556, 10.77)",0.0
Amount_shipped,"(280, 4840, 545, 4715, 11.01)",0.0
Amount_shipped,"(280, 4840, 598, 4885, 11.15)",0.0
Amount_shipped,"(280, 4840, 622, 4729, 11.5)",0.0
Amount_shipped,"(280, 4840, 136, 4692, 11.61)",0.0
Amount_shipped,"(280, 4840, 494, 4926, 11.95)",0.0
Amount_shipped,"(280, 4840, 627, 4796, 12.52)",0.0
Amount_shipped,"(280, 4840, 604, 4624, 12.57)",0.0
Amount_shipped,"(280, 4840, 497, 4720, 12.7)",0.0
Amount_shipped,"(280, 4840, 503, 4807, 16.06)",0.0
Amount_shipped,"(280, 4840, 612, 4678, 16.32)",0.0
Amount_shipped,"(280, 4840, 345, 4695, 23.25)",0.0
Amount_shipped,"(280, 4840, 696, 4535, 23.59)",0.0
Amount_shipped,"(280, 4840, 250, 4682, 28.56)",0.0
Amount_shipped,"(280, 4840, 572, 4680, 30.45)",0.0
Amount_shipped,"(280, 4840, 371, 4764, 52.72)",0.0
Amount_shipped,"(280, 4840, 312, 4747, 62.13)",0.0
Amount_shipped,"(280, 4840, 417, 4874, 76.13)",0.0
Amount_shipped,"(280, 4840, 350, 4738, 111.96)",0.0
Amount_shipped,"(280, 4840, 327, 4722, 125.89)",0.0
Amount_shipped,"(280, 4840, 555, 4937, 127.49)",0.0
Amount_shipped,"(280, 4840, 239, 4765, 151.68)",0.0
Amount_shipped,"(280, 4840, 558, 4583, 208.94)",0.0
Amount_shipped,"(280, 4840, 592, 4773, 272.69)",0.0
Amount_shipped,"(280, 4840, 303, 4682, 594.76)",0.0
Amount_shipped,"(280, 4840, 519, 4618, 758.82)",0.0
Amount_shipped,"(280, 4840, 190, 4740, 907.18)",0.0
Amount_shipped,"(280, 4840, 604, 4955, 907.45)",0.0
Amount_shipped,"(280, 4840, 334, 4799, 1285.48)",0.0
Amount_shipped,"(280, 4840, 402, 4762, 1356.12)",0.0
Amount_shipped,"(280, 4860, 604, 4556, 10.77)",0.0
Amount_shipped,"(280, 4860, 545, 4715, 11.01)",0.0
Amount_shipped,"(280, 4860, 598, 4885, 11.15)",0.0
Amount_shipped,"(280, 4860, 622, 4729, 11.5)",0.0
Amount_shipped,"(280, 4860, 136, 4692, 11.61)",0.0
Amount_shipped,"(280, 4860, 494, 4926, 11.95)",0.0
Amount_shipped,"(280, 4860, 627, 4796, 12.52)",0.0
Amount_shipped,"(280, 4860, 604, 4624, 12.57)",0.0
Amount_shipped,"(280, 4860, 497, 4720, 12.7)",0.0
Amount_shipped,"(280, 4860, 503, 4807, 16.06)",0.0
Amount_shipped,"(280, 4860, 612, 4678, 16.32)",0.0
Amount_shipped,"(280, 4860, 345, 4695, 23.25)",0.0
Amount_shipped,"(280, 4860, 696, 4535, 23.59)",0.0
Amount_shipped,"(280, 4860, 250, 4682, 28.56)",0.0
Amount_shipped,"(280, 4860, 572, 4680, 30.45)",0.0
Amount_shipped,"(280, 4860, 371, 4764, 52.72)",0.0
Amount_shipped,"(280, 4860, 312, 4747, 62.13)",0.0
Amount_shipped,"(280, 4860, 417, 4874, 76.13)",0.0
Amount_shipped,"(280, 4860, 350, 4738, 111.96)",0.0
Amount_shipped,"(280, 4860, 327, 4722, 125.89)",0.0
Amount_shipped,"(280, 4860, 555, 4937, 127.49)",0.0
Amount_shipped,"(280, 4860, 239, 4765, 151.68)",0.0
Amount_shipped,"(280, 4860, 558, 4583, 208.94)",0.0
Amount_shipped,"(280, 4860, 592, 4773, 272.69)",0.0
Amount_shipped,"(280, 4860, 303, 4682, 594.76)",0.0
Amount_shipped,"(280, 4860, 519, 4618, 758.82)",0.0
Amount_shipped,"(280, 4860, 190, 4740, 907.18)",0.0
Amount_shipped,"(280, 4860, 604, 4955, 907.45)",0.0
Amount_shipped,"(280, 4860, 334, 4799, 1285.48)",0.0
Amount_shipped,"(280, 4860, 402, 4762, 1356.12)",0.0
Amount_shipped,"(280, 4880, 604, 4556, 10.77)",0.0
Amount_shipped,"(280, 4880, 545, 4715, 11.01)",0.0
Amount_shipped,"(280, 4880, 598, 4885, 11.15)",0.0
Amount_shipped,"(280, 4880, 622, 4729, 11.5)",0.0
Amount_shipped,"(280, 4880, 136, 4692, 11.61)",0.0
Amount_shipped,"(280, 4880, 494, 4926, 11.95)",0.0
Amount_shipped,"(280, 4880, 627, 4796, 12.52)",0.0
Amount_shipped,"(280, 4880, 604, 4624, 12.57)",0.0
Amount_shipped,"(280, 4880, 497, 4720, 12.7)",0.0
Amount_shipped,"(280, 4880, 503, 4807, 16.06)",0.0
Amount_shipped,"(280, 4880, 612, 4678, 16.32)",0.0
Amount_shipped,"(280, 4880, 345, 4695, 23.25)",0.0
Amount_shipped,"(280, 4880, 696, 4535, 23.59)",0.0
Amount_shipped,"(280, 4880, 250, 4682, 28.56)",0.0
Amount_shipped,"(280, 4880, 572, 4680, 30.45)",0.0
Amount_shipped,"(280, 4880, 371, 4764, 52.72)",0.0
Amount_shipped,"(280, 4880, 312, 4747, 62.13)",0.0
Amount_shipped,"(280, 4880, 417, 4874, 76.13)",0.0
Amount_shipped,"(280, 4880, 350, 4738, 111.96)",0.0
Amount_shipped,"(280, 4880, 327, 4722, 125.89)",0.0
Amount_shipped,"(280, 4880, 555, 4937, 127.49)",0.0
Amount_shipped,"(280, 4880, 239, 4765, 151.68)",0.0
Amount_shipped,"(280, 4880, 558, 4583, 208.94)",0.0
Amount_shipped,"(280, 4880, 592, 4773, 272.69)",0.0
Amount_shipped,"(280, 4880, 303, 4682, 594.76)",0.0
Amount_shipped,"(280, 4880, 519, 4618, 758.82)",0.0
Amount_shipped,"(280, 4880, 190, 4740, 907.18)",0.0
Amount_shipped,"(280, 4880, 604, 4955, 907.45)",0.0
Amount_shipped,"(280, 4880, 334, 4799, 1285.48)",0.0
Amount_shipped,"(280, 4880, 402, 4762, 1356.12)",0.0
Amount_shipped,"(280, 4900, 604, 4556, 10.77)",0.0
Amount_shipped,"(280, 4900, 545, 4715, 11.01)",0.0
Amount_shipped,"(280, 4900, 598, 4885, 11.15)",0.0
Amount_shipped,"(280, 4900, 622, 4729, 11.5)",0.0
Amount_shipped,"(280, 4900, 136, 4692, 11.61)",0.0
Amount_shipped,"(280, 4900, 494, 4926, 11.95)",0.0
Amount_shipped,"(280, 4900, 627, 4796, 12.52)",0.0
Amount_shipped,"(280, 4900, 604, 4624, 12.57)",0.0
Amount_shipped,"(280, 4900, 497, 4720, 12.7)",0.0
Amount_shipped,"(280, 4900, 503, 4807, 16.06)",0.0
Amount_shipped,"(280, 4900, 612, 4678, 16.32)",0.0
Amount_shipped,"(280, 4900, 345, 4695, 23.25)",0.0
Amount_shipped,"(280, 4900, 696, 4535, 23.59)",0.0
Amount_shipped,"(280, 4900, 250, 4682, 28.56)",0.0
Amount_shipped,"(280, 4900, 572, 4680, 30.45)",0.0
Amount_shipped,"(280, 4900, 371, 4764, 52.72)",0.0
Amount_shipped,"(280, 4900, 312, 4747, 62.13)",0.0
Amount_shipped,"(280, 4900, 417, 4874, 76.13)",0.0
Amount_shipped,"(280, 4900, 350, 4738, 111.96)",0.0
Amount_shipped,"(280, 4900, 327, 4722, 125.89)",0.0
Amount_shipped,"(280, 4900, 555, 4937, 127.49)",0.0
Amount_shipped,"(280, 4900, 239, 4765, 151.68)",0.0
Amount_shipped,"(280, 4900, 558, 4583, 208.94)",0.0
Amount_shipped,"(280, 4900, 592, 4773, 272.69)",0.0
Amount_shipped,"(280, 4900, 303, 4682, 594.76)",0.0
Amount_shipped,"(280, 4900, 519, 4618, 758.82)",0.0
Amount_shipped,"(280, 4900, 190, 4740, 907.18)",0.0
Amount_shipped,"(280, 4900, 604, 4955, 907.45)",0.0
Amount_shipped,"(280, 4900, 334, 4799, 1285.48)",0.0
Amount_shipped,"(280, 4900, 402, 4762, 1356.12)",0.0
Amount_shipped,"(280, 4920, 604, 4556, 10.77)",0.0
Amount_shipped,"(280, 4920, 545, 4715, 11.01)",0.0
Amount_shipped,"(280, 4920, 598, 4885, 11.15)",0.0
Amount_shipped,"(280, 4920, 622, 4729, 11.5)",0.0
Amount_shipped,"(280, 4920, 136, 4692, 11.61)",0.0
Amount_shipped,"(280, 4920, 494, 4926, 11.95)",0.0
Amount_shipped,"(280, 4920, 627, 4796, 12.52)",0.0
Amount_shipped,"(280, 4920, 604, 4624, 12.57)",0.0
Amount_shipped,"(280, 4920, 497, 4720, 12.7)",0.0
Amount_shipped,"(280, 4920, 503, 4807, 16.06)",0.0
Amount_shipped,"(280, 4920, 612, 4678, 16.32)",0.0
Amount_shipped,"(280, 4920, 345, 4695, 23.25)",0.0
Amount_shipped,"(280, 4920, 696, 4535, 23.59)",0.0
Amount_shipped,"(280, 4920, 250, 4682, 28.56)",0.0
Amount_shipped,"(280, 4920, 572, 4680, 30.45)",0.0
Amount_shipped,"(280, 4920, 371, 4764, 52.72)",0.0
Amount_shipped,"(280, 4920, 312, 4747, 62.13)",0.0
Amount_shipped,"(280, 4920, 417, 4874, 76.13)",0.0
Amount_shipped,"(280, 4920, 350, 4738, 111.96)",0.0
Amount_shipped,"(280, 4920, 327, 4722, 125.89)",0.0
Amount_shipped,"(280, 4920, 555, 4937, 127.49)",0.0
Amount_shipped,"(280, 4920, 239, 4765, 151.68)",0.0
Amount_shipped,"(280, 4920, 558, 4583, 208.94)",0.0
Amount_shipped,"(280, 4920, 592, 4773, 272.69)",0.0
Amount_shipped,"(280, 4920, 303, 4682, 594.76)",0.0
Amount_shipped,"(280, 4920, 519, 4618, 758.82)",0.0
Amount_shipped,"(280, 4920, 190, 4740, 907.18)",0.0
Amount_shipped,"(280, 4920, 604, 4955, 907.45)",0.0
Amount_shipped,"(280, 4920, 334, 4799, 1285.48)",0.0
Amount_shipped,"(280, 4920, 402, 4762, 1356.12)",0.0
Amount_shipped,"(280, 4940, 604, 4556, 10.77)",0.0
Amount_shipped,"(280, 4940, 545, 4715, 11.01)",0.0
Amount_shipped,"(280, 4940, 598, 4885, 11.15)",0.0
Amount_shipped,"(280, 4940, 622, 4729, 11.5)",0.0
Amount_shipped,"(280, 4940, 136, 4692, 11.61)",0.0
Amount_shipped,"(280, 4940, 494, 4926, 11.95)",0.0
Amount_shipped,"(280, 4940, 627, 4796, 12.52)",0.0
Amount_shipped,"(280, 4940, 604, 4624, 12.57)",0.0
Amount_shipped,"(280, 4940, 497, 4720, 12.7)",0.0
Amount_shipped,"(280, 4940, 503, 4807, 16.06)",0.0
Amount_shipped,"(280, 4940, 612, 4678, 16.32)",0.0
Amount_shipped,"(280, 4940, 345, 4695, 23.25)",0.0
Amount_shipped,"(280, 4940, 696, 4535, 23.59)",0.0
Amount_shipped,"(280, 4940, 250, 4682, 28.56)",0.0
Amount_shipped,"(280, 4940, 572, 4680, 30.45)",0.0
Amount_shipped,"(280, 4940, 371, 4764, 52.72)",0.0
Amount_shipped,"(280, 4940, 312, 4747, 62.13)",0.0
Amount_shipped,"(280, 4940, 417, 4874, 76.13)",0.0
Amount_shipped,"(280, 4940, 350, 4738, 111.96)",0.0
Amount_shipped,"(280, 4940, 327, 4722, 125.89)",0.0
Amount_shipped,"(280, 4940, 555, 4937, 127.49)",0.0
Amount_shipped,"(280, 4940, 239, 4765, 151.68)",0.0
Amount_shipped,"(280, 4940, 558, 4583, 208.94)",0.0
Amount_shipped,"(280, 4940, 592, 4773, 272.69)",0.0
Amount_shipped,"(280, 4940, 303, 4682, 594.76)",0.0
Amount_shipped,"(280, 4940, 519, 4618, 758.82)",0.0
Amount_shipped,"(280, 4940, 190, 4740, 907.18)",0.0
Amount_shipped,"(280, 4940, 604, 4955, 907.45)",0.0
Amount_shipped,"(280, 4940, 334, 4799, 1285.48)",0.0
Amount_shipped,"(280, 4940, 402, 4762, 1356.12)",0.0
Amount_shipped,"(280, 4960, 604, 4556, 10.77)",0.0
Amount_shipped,"(280, 4960, 545, 4715, 11.01)",0.0
Amount_shipped,"(280, 4960, 598, 4885, 11.15)",0.0
Amount_shipped,"(280, 4960, 622, 4729, 11.5)",0.0
Amount_shipped,"(280, 4960, 136, 4692, 11.61)",0.0
Amount_shipped,"(280, 4960, 494, 4926, 11.95)",0.0
Amount_shipped,"(280, 4960, 627, 4796, 12.52)",0.0
Amount_shipped,"(280, 4960, 604, 4624, 12.57)",0.0
Amount_shipped,"(280, 4960, 497, 4720, 12.7)",0.0
Amount_shipped,"(280, 4960, 503, 4807, 16.06)",0.0
Amount_shipped,"(280, 4960, 612, 4678, 16.32)",0.0
Amount_shipped,"(280, 4960, 345, 4695, 23.25)",0.0
Amount_shipped,"(280, 4960, 696, 4535, 23.59)",0.0
Amount_shipped,"(280, 4960, 250, 4682, 28.56)",0.0
Amount_shipped,"(280, 4960, 572, 4680, 30.45)",0.0
Amount_shipped,"(280, 4960, 371, 4764, 52.72)",0.0
Amount_shipped,"(280, 4960, 312, 4747, 62.13)",0.0
Amount_shipped,"(280, 4960, 417, 4874, 76.13)",0.0
Amount_shipped,"(280, 4960, 350, 4738, 111.96)",0.0
Amount_shipped,"(280, 4960, 327, 4722, 125.89)",0.0
Amount_shipped,"(280, 4960, 555, 4937, 127.49)",0.0
Amount_shipped,"(280, 4960, 239, 4765, 151.68)",0.0
Amount_shipped,"(280, 4960, 558, 4583, 208.94)",0.0
Amount_shipped,"(280, 4960, 592, 4773, 272.69)",0.0
Amount_shipped,"(280, 4960, 303, 4682, 594.76)",0.0
Amount_shipped,"(280, 4960, 519, 4618, 758.82)",0.0
Amount_shipped,"(280, 4960, 190, 4740, 907.18)",0.0
Amount_shipped,"(280, 4960, 604, 4955, 907.45)",0.0
Amount_shipped,"(280, 4960, 334, 4799, 1285.48)",0.0
Amount_shipped,"(280, 4960, 402, 4762, 1356.12)",0.0
Amount_shipped,"(280, 4980, 604, 4556, 10.77)",0.0
Amount_shipped,"(280, 4980, 545, 4715, 11.01)",0.0
Amount_shipped,"(280, 4980, 598, 4885, 11.15)",0.0
Amount_shipped,"(280, 4980, 622, 4729, 11.5)",0.0
Amount_shipped,"(280, 4980, 136, 4692, 11.61)",0.0
Amount_shipped,"(280, 4980, 494, 4926, 11.95)",0.0
Amount_shipped,"(280, 4980, 627, 4796, 12.52)",0.0
Amount_shipped,"(280, 4980, 604, 4624, 12.57)",0.0
Amount_shipped,"(280, 4980, 497, 4720, 12.7)",0.0
Amount_shipped,"(280, 4980, 503, 4807, 16.06)",0.0
Amount_shipped,"(280, 4980, 612, 4678, 16.32)",0.0
Amount_shipped,"(280, 4980, 345, 4695, 23.25)",0.0
Amount_shipped,"(280, 4980, 696, 4535, 23.59)",0.0
Amount_shipped,"(280, 4980, 250, 4682, 28.56)",0.0
Amount_shipped,"(280, 4980, 572, 4680, 30.45)",0.0
Amount_shipped,"(280, 4980, 371, 4764, 52.72)",0.0
Amount_shipped,"(280, 4980, 312, 4747, 62.13)",0.0
Amount_shipped,"(280, 4980, 417, 4874, 76.13)",0.0
Amount_shipped,"(280, 4980, 350, 4738, 111.96)",0.0
Amount_shipped,"(280, 4980, 327, 4722, 125.89)",0.0
Amount_shipped,"(280, 4980, 555, 4937, 127.49)",0.0
Amount_shipped,"(280, 4980, 239, 4765, 151.68)",0.0
Amount_shipped,"(280, 4980, 558, 4583, 208.94)",0.0
Amount_shipped,"(280, 4980, 592, 4773, 272.69)",0.0
Amount_shipped,"(280, 4980, 303, 4682, 594.76)",0.0
Amount_shipped,"(280, 4980, 519, 4618, 758.82)",0.0
Amount_shipped,"(280, 4980, 190, 4740, 907.18)",0.0
Amount_shipped,"(280, 4980, 604, 4955, 907.45)",0.0
Amount_shipped,"(280, 4980, 334, 4799, 1285.48)",0.0
Amount_shipped,"(280, 4980, 402, 4762, 1356.12)",0.0
Amount_shipped,"(300, 4440, 604, 4556, 10.77)",0.0
Amount_shipped,"(300, 4440, 545, 4715, 11.01)",0.0
Amount_shipped,"(300, 4440, 598, 4885, 11.15)",0.0
Amount_shipped,"(300, 4440, 622, 4729, 11.5)",0.0
Amount_shipped,"(300, 4440, 136, 4692, 11.61)",0.0
Amount_shipped,"(300, 4440, 494, 4926, 11.95)",0.0
Amount_shipped,"(300, 4440, 627, 4796, 12.52)",0.0
Amount_shipped,"(300, 4440, 604, 4624, 12.57)",0.0
Amount_shipped,"(300, 4440, 497, 4720, 12.7)",0.0
Amount_shipped,"(300, 4440, 503, 4807, 16.06)",0.0
Amount_shipped,"(300, 4440, 612, 4678, 16.32)",0.0
Amount_shipped,"(300, 4440, 345, 4695, 23.25)",0.0
Amount_shipped,"(300, 4440, 696, 4535, 23.59)",0.0
Amount_shipped,"(300, 4440, 250, 4682, 28.56)",0.0
Amount_shipped,"(300, 4440, 572, 4680, 30.45)",0.0
Amount_shipped,"(300, 4440, 371, 4764, 52.72)",0.0
Amount_shipped,"(300, 4440, 312, 4747, 62.13)",0.0
Amount_shipped,"(300, 4440, 417, 4874, 76.13)",0.0
Amount_shipped,"(300, 4440, 350, 4738, 111.96)",0.0
Amount_shipped,"(300, 4440, 327, 4722, 125.89)",0.0
Amount_shipped,"(300, 4440, 555, 4937, 127.49)",0.0
Amount_shipped,"(300, 4440, 239, 4765, 151.68)",0.0
Amount_shipped,"(300, 4440, 558, 4583, 208.94)",0.0
Amount_shipped,"(300, 4440, 592, 4773, 272.69)",0.0
Amount_shipped,"(300, 4440, 303, 4682, 594.76)",0.0
Amount_shipped,"(300, 4440, 519, 4618, 758.82)",0.0
Amount_shipped,"(300, 4440, 190, 4740, 907.18)",0.0
Amount_shipped,"(300, 4440, 604, 4955, 907.45)",0.0
Amount_shipped,"(300, 4440, 334, 4799, 1285.48)",0.0
Amount_shipped,"(300, 4440, 402, 4762, 1356.12)",0.0
Amount_shipped,"(300, 4460, 604, 4556, 10.77)",0.0
Amount_shipped,"(300, 4460, 545, 4715, 11.01)",0.0
Amount_shipped,"(300, 4460, 598, 4885, 11.15)",0.0
Amount_shipped,"(300, 4460, 622, 4729, 11.5)",0.0
Amount_shipped,"(300, 4460, 136, 4692, 11.61)",0.0
Amount_shipped,"(300, 4460, 494, 4926, 11.95)",0.0
Amount_shipped,"(300, 4460, 627, 4796, 12.52)",0.0
Amount_shipped,"(300, 4460, 604, 4624, 12.57)",0.0
Amount_shipped,"(300, 4460, 497, 4720, 12.7)",0.0
Amount_shipped,"(300, 4460, 503, 4807, 16.06)",0.0
Amount_shipped,"(300, 4460, 612, 4678, 16.32)",0.0
Amount_shipped,"(300, 4460, 345, 4695, 23.25)",0.0
Amount_shipped,"(300, 4460, 696, 4535, 23.59)",0.0
Amount_shipped,"(300, 4460, 250, 4682, 28.56)",0.0
Amount_shipped,"(300, 4460, 572, 4680, 30.45)",0.0
Amount_shipped,"(300, 4460, 371, 4764, 52.72)",0.0
Amount_shipped,"(300, 4460, 312, 4747, 62.13)",0.0
Amount_shipped,"(300, 4460, 417, 4874, 76.13)",0.0
Amount_shipped,"(300, 4460, 350, 4738, 111.96)",0.0
Amount_shipped,"(300, 4460, 327, 4722, 125.89)",0.0
Amount_shipped,"(300, 4460, 555, 4937, 127.49)",0.0
Amount_shipped,"(300, 4460, 239, 4765, 151.68)",0.0
Amount_shipped,"(300, 4460, 558, 4583, 208.94)",0.0
Amount_shipped,"(300, 4460, 592, 4773, 272.69)",0.0
Amount_shipped,"(300, 4460, 303, 4682, 594.76)",0.0
Amount_shipped,"(300, 4460, 519, 4618, 758.82)",0.0
Amount_shipped,"(300, 4460, 190, 4740, 907.18)",0.0
Amount_shipped,"(300, 4460, 604, 4955, 907.45)",0.0
Amount_shipped,"(300, 4460, 334, 4799, 1285.48)",0.0
Amount_shipped,"(300, 4460, 402, 4762, 1356.12)",0.0
Amount_shipped,"(300, 4480, 604, 4556, 10.77)",0.0
Amount_shipped,"(300, 4480, 545, 4715, 11.01)",0.0
Amount_shipped,"(300, 4480, 598, 4885, 11.15)",0.0
Amount_shipped,"(300, 4480, 622, 4729, 11.5)",0.0
Amount_shipped,"(300, 4480, 136, 4692, 11.61)",0.0
Amount_shipped,"(300, 4480, 494, 4926, 11.95)",0.0
Amount_shipped,"(300, 4480, 627, 4796, 12.52)",0.0
Amount_shipped,"(300, 4480, 604, 4624, 12.57)",0.0
Amount_shipped,"(300, 4480, 497, 4720, 12.7)",0.0
Amount_shipped,"(300, 4480, 503, 4807, 16.06)",0.0
Amount_shipped,"(300, 4480, 612, 4678, 16.32)",0.0
Amount_shipped,"(300, 4480, 345, 4695, 23.25)",0.0
Amount_shipped,"(300, 4480, 696, 4535, 23.59)",0.0
Amount_shipped,"(300, 4480, 250, 4682, 28.56)",0.0
Amount_shipped,"(300, 4480, 572, 4680, 30.45)",0.0
Amount_shipped,"(300, 4480, 371, 4764, 52.72)",0.0
Amount_shipped,"(300, 4480, 312, 4747, 62.13)",0.0
Amount_shipped,"(300, 4480, 417, 4874, 76.13)",0.0
Amount_shipped,"(300, 4480, 350, 4738, 111.96)",0.0
Amount_shipped,"(300, 4480, 327, 4722, 125.89)",0.0
Amount_shipped,"(300, 4480, 555, 4937, 127.49)",0.0
Amount_shipped,"(300, 4480, 239, 4765, 151.68)",0.0
Amount_shipped,"(300, 4480, 558, 4583, 208.94)",0.0
Amount_shipped,"(300, 4480, 592, 4773, 272.69)",0.0
Amount_shipped,"(300, 4480, 303, 4682, 594.76)",0.0
Amount_shipped,"(300, 4480, 519, 4618, 758.82)",0.0
Amount_shipped,"(300, 4480, 190, 4740, 907.18)",0.0
Amount_shipped,"(300, 4480, 604, 4955, 907.45)",0.0
Amount_shipped,"(300, 4480, 334, 4799, 1285.48)",0.0
Amount_shipped,"(300, 4480, 402, 4762, 1356.12)",0.0
Amount_shipped,"(300, 4500, 604, 4556, 10.77)",0.0
Amount_shipped,"(300, 4500, 545, 4715, 11.01)",0.0
Amount_shipped,"(300, 4500, 598, 4885, 11.15)",0.0
Amount_shipped,"(300, 4500, 622, 4729, 11.5)",0.0
Amount_shipped,"(300, 4500, 136, 4692, 11.61)",0.0
Amount_shipped,"(300, 4500, 494, 4926, 11.95)",0.0
Amount_shipped,"(300, 4500, 627, 4796, 12.52)",0.0
Amount_shipped,"(300, 4500, 604, 4624, 12.57)",0.0
Amount_shipped,"(300, 4500, 497, 4720, 12.7)",0.0
Amount_shipped,"(300, 4500, 503, 4807, 16.06)",0.0
Amount_shipped,"(300, 4500, 612, 4678, 16.32)",0.0
Amount_shipped,"(300, 4500, 345, 4695, 23.25)",0.0
Amount_shipped,"(300, 4500, 696, 4535, 23.59)",0.0
Amount_shipped,"(300, 4500, 250, 4682, 28.56)",0.0
Amount_shipped,"(300, 4500, 572, 4680, 30.45)",0.0
Amount_shipped,"(300, 4500, 371, 4764, 52.72)",0.0
Amount_shipped,"(300, 4500, 312, 4747, 62.13)",0.0
Amount_shipped,"(300, 4500, 417, 4874, 76.13)",0.0
Amount_shipped,"(300, 4500, 350, 4738, 111.96)",0.0
Amount_shipped,"(300, 4500, 327, 4722, 125.89)",0.0
Amount_shipped,"(300, 4500, 555, 4937, 127.49)",0.0
Amount_shipped,"(300, 4500, 239, 4765, 151.68)",0.0
Amount_shipped,"(300, 4500, 558, 4583, 208.94)",0.0
Amount_shipped,"(300, 4500, 592, 4773, 272.69)",0.0
Amount_shipped,"(300, 4500, 303, 4682, 594.76)",0.0
Amount_shipped,"(300, 4500, 519, 4618, 758.82)",0.0
Amount_shipped,"(300, 4500, 190, 4740, 907.18)",0.0
Amount_shipped,"(300, 4500, 604, 4955, 907.45)",0.0
Amount_shipped,"(300, 4500, 334, 4799, 1285.48)",0.0
Amount_shipped,"(300, 4500, 402, 4762, 1356.12)",0.0
Amount_shipped,"(300, 4520, 604, 4556, 10.77)",0.0
Amount_shipped,"(300, 4520, 545, 4715, 11.01)",0.0
Amount_shipped,"(300, 4520, 598, 4885, 11.15)",0.0
Amount_shipped,"(300, 4520, 622, 4729, 11.5)",0.0
Amount_shipped,"(300, 4520, 136, 4692, 11.61)",0.0
Amount_shipped,"(300, 4520, 494, 4926, 11.95)",0.0
Amount_shipped,"(300, 4520, 627, 4796, 12.52)",0.0
Amount_shipped,"(300, 4520, 604, 4624, 12.57)",0.0
Amount_shipped,"(300, 4520, 497, 4720, 12.7)",0.0
Amount_shipped,"(300, 4520, 503, 4807, 16.06)",0.0
Amount_shipped,"(300, 4520, 612, 4678, 16.32)",0.0
Amount_shipped,"(300, 4520, 345, 4695, 23.25)",0.0
Amount_shipped,"(300, 4520, 696, 4535, 23.59)",0.0
Amount_shipped,"(300, 4520, 250, 4682, 28.56)",0.0
Amount_shipped,"(300, 4520, 572, 4680, 30.45)",0.0
Amount_shipped,"(300, 4520, 371, 4764, 52.72)",0.0
Amount_shipped,"(300, 4520, 312, 4747, 62.13)",0.0
Amount_shipped,"(300, 4520, 417, 4874, 76.13)",0.0
Amount_shipped,"(300, 4520, 350, 4738, 111.96)",0.0
Amount_shipped,"(300, 4520, 327, 4722, 125.89)",0.0
Amount_shipped,"(300, 4520, 555, 4937, 127.49)",0.0
Amount_shipped,"(300, 4520, 239, 4765, 151.68)",0.0
Amount_shipped,"(300, 4520, 558, 4583, 208.94)",0.0
Amount_shipped,"(300, 4520, 592, 4773, 272.69)",0.0
Amount_shipped,"(300, 4520, 303, 4682, 594.76)",0.0
Amount_shipped,"(300, 4520, 519, 4618, 758.82)",0.0
Amount_shipped,"(300, 4520, 190, 4740, 907.18)",0.0
Amount_shipped,"(300, 4520, 604, 4955, 907.45)",0.0
Amount_shipped,"(300, 4520, 334, 4799, 1285.48)",0.0
Amount_shipped,"(300, 4520, 402, 4762, 1356.12)",0.0
Amount_shipped,"(300, 4540, 604, 4556, 10.77)",0.0
Amount_shipped,"(300, 4540, 545, 4715, 11.01)",0.0
Amount_shipped,"(300, 4540, 598, 4885, 11.15)",0.0
Amount_shipped,"(300, 4540, 622, 4729, 11.5)",0.0
Amount_shipped,"(300, 4540, 136, 4692, 11.61)",0.0
Amount_shipped,"(300, 4540, 494, 4926, 11.95)",0.0
Amount_shipped,"(300, 4540, 627, 4796, 12.52)",0.0
Amount_shipped,"(300, 4540, 604, 4624, 12.57)",0.0
Amount_shipped,"(300, 4540, 497, 4720, 12.7)",0.0
Amount_shipped,"(300, 4540, 503, 4807, 16.06)",0.0
Amount_shipped,"(300, 4540, 612, 4678, 16.32)",0.0
Amount_shipped,"(300, 4540, 345, 4695, 23.25)",0.0
Amount_shipped,"(300, 4540, 696, 4535, 23.59)",0.0
Amount_shipped,"(300, 4540, 250, 4682, 28.56)",0.0
Amount_shipped,"(300, 4540, 572, 4680, 30.45)",0.0
Amount_shipped,"(300, 4540, 371, 4764, 52.72)",0.0
Amount_shipped,"(300, 4540, 312, 4747, 62.13)",0.0
Amount_shipped,"(300, 4540, 417, 4874, 76.13)",0.0
Amount_shipped,"(300, 4540, 350, 4738, 111.96)",0.0
Amount_shipped,"(300, 4540, 327, 4722, 125.89)",0.0
Amount_shipped,"(300, 4540, 555, 4937, 127.49)",0.0
Amount_shipped,"(300, 4540, 239, 4765, 151.68)",0.0
Amount_shipped,"(300, 4540, 558, 4583, 208.94)",0.0
Amount_shipped,"(300, 4540, 592, 4773, 272.69)",0.0
Amount_shipped,"(300, 4540, 303, 4682, 594.76)",0.0
Amount_shipped,"(300, 4540, 519, 4618, 758.82)",0.0
Amount_shipped,"(300, 4540, 190, 4740, 907.18)",0.0
Amount_shipped,"(300, 4540, 604, 4955, 907.45)",0.0
Amount_shipped,"(300, 4540, 334, 4799, 1285.48)",0.0
Amount_shipped,"(300, 4540, 402, 4762, 1356.12)",0.0
Amount_shipped,"(300, 4560, 604, 4556, 10.77)",0.0
Amount_shipped,"(300, 4560, 545, 4715, 11.01)",0.0
Amount_shipped,"(300, 4560, 598, 4885, 11.15)",0.0
Amount_shipped,"(300, 4560, 622, 4729, 11.5)",0.0
Amount_shipped,"(300, 4560, 136, 4692, 11.61)",0.0
Amount_shipped,"(300, 4560, 494, 4926, 11.95)",0.0
Amount_shipped,"(300, 4560, 627, 4796, 12.52)",0.0
Amount_shipped,"(300, 4560, 604, 4624, 12.57)",0.0
Amount_shipped,"(300, 4560, 497, 4720, 12.7)",0.0
Amount_shipped,"(300, 4560, 503, 4807, 16.06)",0.0
Amount_shipped,"(300, 4560, 612, 4678, 16.32)",0.0
Amount_shipped,"(300, 4560, 345, 4695, 23.25)",0.0
Amount_shipped,"(300, 4560, 696, 4535, 23.59)",0.0
Amount_shipped,"(300, 4560, 250, 4682, 28.56)",0.0
Amount_shipped,"(300, 4560, 572, 4680, 30.45)",0.0
Amount_shipped,"(300, 4560, 371, 4764, 52.72)",0.0
Amount_shipped,"(300, 4560, 312, 4747, 62.13)",0.0
Amount_shipped,"(300, 4560, 417, 4874, 76.13)",0.0
Amount_shipped,"(300, 4560, 350, 4738, 111.96)",0.0
Amount_shipped,"(300, 4560, 327, 4722, 125.89)",0.0
Amount_shipped,"(300, 4560, 555, 4937, 127.49)",0.0
Amount_shipped,"(300, 4560, 239, 4765, 151.68)",0.0
Amount_shipped,"(300, 4560, 558, 4583, 208.94)",0.0
Amount_shipped,"(300, 4560, 592, 4773, 272.69)",0.0
Amount_shipped,"(300, 4560, 303, 4682, 594.76)",0.0
Amount_shipped,"(300, 4560, 519, 4618, 758.82)",0.0
Amount_shipped,"(300, 4560, 190, 4740, 907.18)",0.0
Amount_shipped,"(300, 4560, 604, 4955, 907.45)",0.0
Amount_shipped,"(300, 4560, 334, 4799, 1285.48)",0.0
Amount_shipped,"(300, 4560, 402, 4762, 1356.12)",0.0
Amount_shipped,"(300, 4580, 604, 4556, 10.77)",0.0
Amount_shipped,"(300, 4580, 545, 4715, 11.01)",0.0
Amount_shipped,"(300, 4580, 598, 4885, 11.15)",0.0
Amount_shipped,"(300, 4580, 622, 4729, 11.5)",0.0
Amount_shipped,"(300, 4580, 136, 4692, 11.61)",0.0
Amount_shipped,"(300, 4580, 494, 4926, 11.95)",0.0
Amount_shipped,"(300, 4580, 627, 4796, 12.52)",0.0
Amount_shipped,"(300, 4580, 604, 4624, 12.57)",0.0
Amount_shipped,"(300, 4580, 497, 4720, 12.7)",0.0
Amount_shipped,"(300, 4580, 503, 4807, 16.06)",0.0
Amount_shipped,"(300, 4580, 612, 4678, 16.32)",0.0
Amount_shipped,"(300, 4580, 345, 4695, 23.25)",0.0
Amount_shipped,"(300, 4580, 696, 4535, 23.59)",0.0
Amount_shipped,"(300, 4580, 250, 4682, 28.56)",0.0
Amount_shipped,"(300, 4580, 572, 4680, 30.45)",0.0
Amount_shipped,"(300, 4580, 371, 4764, 52.72)",0.0
Amount_shipped,"(300, 4580, 312, 4747, 62.13)",0.0
Amount_shipped,"(300, 4580, 417, 4874, 76.13)",0.0
Amount_shipped,"(300, 4580, 350, 4738, 111.96)",0.0
Amount_shipped,"(300, 4580, 327, 4722, 125.89)",0.0
Amount_shipped,"(300, 4580, 555, 4937, 127.49)",0.0
Amount_shipped,"(300, 4580, 239, 4765, 151.68)",0.0
Amount_shipped,"(300, 4580, 558, 4583, 208.94)",0.0
Amount_shipped,"(300, 4580, 592, 4773, 272.69)",0.0
Amount_shipped,"(300, 4580, 303, 4682, 594.76)",0.0
Amount_shipped,"(300, 4580, 519, 4618, 758.82)",0.0
Amount_shipped,"(300, 4580, 190, 4740, 907.18)",0.0
Amount_shipped,"(300, 4580, 604, 4955, 907.45)",0.0
Amount_shipped,"(300, 4580, 334, 4799, 1285.48)",0.0
Amount_shipped,"(300, 4580, 402, 4762, 1356.12)",0.0
Amount_shipped,"(300, 4600, 604, 4556, 10.77)",0.0
Amount_shipped,"(300, 4600, 545, 4715, 11.01)",0.0
Amount_shipped,"(300, 4600, 598, 4885, 11.15)",0.0
Amount_shipped,"(300, 4600, 622, 4729, 11.5)",0.0
Amount_shipped,"(300, 4600, 136, 4692, 11.61)",0.0
Amount_shipped,"(300, 4600, 494, 4926, 11.95)",0.0
Amount_shipped,"(300, 4600, 627, 4796, 12.52)",0.0
Amount_shipped,"(300, 4600, 604, 4624, 12.57)",0.0
Amount_shipped,"(300, 4600, 497, 4720, 12.7)",0.0
Amount_shipped,"(300, 4600, 503, 4807, 16.06)",0.0
Amount_shipped,"(300, 4600, 612, 4678, 16.32)",0.0
Amount_shipped,"(300, 4600, 345, 4695, 23.25)",0.0
Amount_shipped,"(300, 4600, 696, 4535, 23.59)",0.0
Amount_shipped,"(300, 4600, 250, 4682, 28.56)",0.0
Amount_shipped,"(300, 4600, 572, 4680, 30.45)",0.0
Amount_shipped,"(300, 4600, 371, 4764, 52.72)",0.0
Amount_shipped,"(300, 4600, 312, 4747, 62.13)",0.0
Amount_shipped,"(300, 4600, 417, 4874, 76.13)",0.0
Amount_shipped,"(300, 4600, 350, 4738, 111.96)",0.0
Amount_shipped,"(300, 4600, 327, 4722, 125.89)",0.0
Amount_shipped,"(300, 4600, 555, 4937, 127.49)",0.0
Amount_shipped,"(300, 4600, 239, 4765, 151.68)",0.0
Amount_shipped,"(300, 4600, 558, 4583, 208.94)",0.0
Amount_shipped,"(300, 4600, 592, 4773, 272.69)",0.0
Amount_shipped,"(300, 4600, 303, 4682, 594.76)",0.0
Amount_shipped,"(300, 4600, 519, 4618, 758.82)",0.0
Amount_shipped,"(300, 4600, 190, 4740, 907.18)",0.0
Amount_shipped,"(300, 4600, 604, 4955, 907.45)",0.0
Amount_shipped,"(300, 4600, 334, 4799, 1285.48)",0.0
Amount_shipped,"(300, 4600, 402, 4762, 1356.12)",0.0
Amount_shipped,"(300, 4620, 604, 4556, 10.77)",0.0
Amount_shipped,"(300, 4620, 545, 4715, 11.01)",0.0
Amount_shipped,"(300, 4620, 598, 4885, 11.15)",0.0
Amount_shipped,"(300, 4620, 622, 4729, 11.5)",0.0
Amount_shipped,"(300, 4620, 136, 4692, 11.61)",0.0
Amount_shipped,"(300, 4620, 494, 4926, 11.95)",0.0
Amount_shipped,"(300, 4620, 627, 4796, 12.52)",0.0
Amount_shipped,"(300, 4620, 604, 4624, 12.57)",0.0
Amount_shipped,"(300, 4620, 497, 4720, 12.7)",0.0
Amount_shipped,"(300, 4620, 503, 4807, 16.06)",0.0
Amount_shipped,"(300, 4620, 612, 4678, 16.32)",0.0
Amount_shipped,"(300, 4620, 345, 4695, 23.25)",0.0
Amount_shipped,"(300, 4620, 696, 4535, 23.59)",0.0
Amount_shipped,"(300, 4620, 250, 4682, 28.56)",0.0
Amount_shipped,"(300, 4620, 572, 4680, 30.45)",0.0
Amount_shipped,"(300, 4620, 371, 4764, 52.72)",0.0
Amount_shipped,"(300, 4620, 312, 4747, 62.13)",0.0
Amount_shipped,"(300, 4620, 417, 4874, 76.13)",0.0
Amount_shipped,"(300, 4620, 350, 4738, 111.96)",0.0
Amount_shipped,"(300, 4620, 327, 4722, 125.89)",0.0
Amount_shipped,"(300, 4620, 555, 4937, 127.49)",0.0
Amount_shipped,"(300, 4620, 239, 4765, 151.68)",0.0
Amount_shipped,"(300, 4620, 558, 4583, 208.94)",0.0
Amount_shipped,"(300, 4620, 592, 4773, 272.69)",0.0
Amount_shipped,"(300, 4620, 303, 4682, 594.76)",0.0
Amount_shipped,"(300, 4620, 519, 4618, 758.82)",0.0
Amount_shipped,"(300, 4620, 190, 4740, 907.18)",0.0
Amount_shipped,"(300, 4620, 604, 4955, 907.45)",0.0
Amount_shipped,"(300, 4620, 334, 4799, 1285.48)",0.0
Amount_shipped,"(300, 4620, 402, 4762, 1356.12)",0.0
Amount_shipped,"(300, 4640, 604, 4556, 10.77)",0.0
Amount_shipped,"(300, 4640, 545, 4715, 11.01)",0.0
Amount_shipped,"(300, 4640, 598, 4885, 11.15)",0.0
Amount_shipped,"(300, 4640, 622, 4729, 11.5)",0.0
Amount_shipped,"(300, 4640, 136, 4692, 11.61)",0.0
Amount_shipped,"(300, 4640, 494, 4926, 11.95)",0.0
Amount_shipped,"(300, 4640, 627, 4796, 12.52)",0.0
Amount_shipped,"(300, 4640, 604, 4624, 12.57)",0.0
Amount_shipped,"(300, 4640, 497, 4720, 12.7)",0.0
Amount_shipped,"(300, 4640, 503, 4807, 16.06)",0.0
Amount_shipped,"(300, 4640, 612, 4678, 16.32)",0.0
Amount_shipped,"(300, 4640, 345, 4695, 23.25)",0.0
Amount_shipped,"(300, 4640, 696, 4535, 23.59)",0.0
Amount_shipped,"(300, 4640, 250, 4682, 28.56)",0.0
Amount_shipped,"(300, 4640, 572, 4680, 30.45)",0.0
Amount_shipped,"(300, 4640, 371, 4764, 52.72)",0.0
Amount_shipped,"(300, 4640, 312, 4747, 62.13)",0.0
Amount_shipped,"(300, 4640, 417, 4874, 76.13)",0.0
Amount_shipped,"(300, 4640, 350, 4738, 111.96)",0.0
Amount_shipped,"(300, 4640, 327, 4722, 125.89)",0.0
Amount_shipped,"(300, 4640, 555, 4937, 127.49)",0.0
Amount_shipped,"(300, 4640, 239, 4765, 151.68)",0.0
Amount_shipped,"(300, 4640, 558, 4583, 208.94)",0.0
Amount_shipped,"(300, 4640, 592, 4773, 272.69)",0.0
Amount_shipped,"(300, 4640, 303, 4682, 594.76)",0.0
Amount_shipped,"(300, 4640, 519, 4618, 758.82)",0.0
Amount_shipped,"(300, 4640, 190, 4740, 907.18)",0.0
Amount_shipped,"(300, 4640, 604, 4955, 907.45)",0.0
Amount_shipped,"(300, 4640, 334, 4799, 1285.48)",0.0
Amount_shipped,"(300, 4640, 402, 4762, 1356.12)",0.0
Amount_shipped,"(300, 4660, 604, 4556, 10.77)",0.0
Amount_shipped,"(300, 4660, 545, 4715, 11.01)",0.0
Amount_shipped,"(300, 4660, 598, 4885, 11.15)",0.0
Amount_shipped,"(300, 4660, 622, 4729, 11.5)",0.0
Amount_shipped,"(300, 4660, 136, 4692, 11.61)",0.0
Amount_shipped,"(300, 4660, 494, 4926, 11.95)",0.0
Amount_shipped,"(300, 4660, 627, 4796, 12.52)",0.0
Amount_shipped,"(300, 4660, 604, 4624, 12.57)",0.0
Amount_shipped,"(300, 4660, 497, 4720, 12.7)",0.0
Amount_shipped,"(300, 4660, 503, 4807, 16.06)",0.0
Amount_shipped,"(300, 4660, 612, 4678, 16.32)",0.0
Amount_shipped,"(300, 4660, 345, 4695, 23.25)",0.0
Amount_shipped,"(300, 4660, 696, 4535, 23.59)",0.0
Amount_shipped,"(300, 4660, 250, 4682, 28.56)",0.0
Amount_shipped,"(300, 4660, 572, 4680, 30.45)",0.0
Amount_shipped,"(300, 4660, 371, 4764, 52.72)",0.0
Amount_shipped,"(300, 4660, 312, 4747, 62.13)",0.0
Amount_shipped,"(300, 4660, 417, 4874, 76.13)",0.0
Amount_shipped,"(300, 4660, 350, 4738, 111.96)",0.0
Amount_shipped,"(300, 4660, 327, 4722, 125.89)",0.0
Amount_shipped,"(300, 4660, 555, 4937, 127.49)",0.0
Amount_shipped,"(300, 4660, 239, 4765, 151.68)",0.0
Amount_shipped,"(300, 4660, 558, 4583, 208.94)",0.0
Amount_shipped,"(300, 4660, 592, 4773, 272.69)",0.0
Amount_shipped,"(300, 4660, 303, 4682, 594.76)",0.0
Amount_shipped,"(300, 4660, 519, 4618, 758.82)",0.0
Amount_shipped,"(300, 4660, 190, 4740, 907.18)",0.0
Amount_shipped,"(300, 4660, 604, 4955, 907.45)",0.0
Amount_shipped,"(300, 4660, 334, 4799, 1285.48)",0.0
Amount_shipped,"(300, 4660, 402, 4762, 1356.12)",0.0
Amount_shipped,"(300, 4680, 604, 4556, 10.77)",0.0
Amount_shipped,"(300, 4680, 545, 4715, 11.01)",0.0
Amount_shipped,"(300, 4680, 598, 4885, 11.15)",0.0
Amount_shipped,"(300, 4680, 622, 4729, 11.5)",0.0
Amount_shipped,"(300, 4680, 136, 4692, 11.61)",0.0
Amount_shipped,"(300, 4680, 494, 4926, 11.95)",0.0
Amount_shipped,"(300, 4680, 627, 4796, 12.52)",0.0
Amount_shipped,"(300, 4680, 604, 4624, 12.57)",0.0
Amount_shipped,"(300, 4680, 497, 4720, 12.7)",0.0
Amount_shipped,"(300, 4680, 503, 4807, 16.06)",0.0
Amount_shipped,"(300, 4680, 612, 4678, 16.32)",0.0
Amount_shipped,"(300, 4680, 345, 4695, 23.25)",0.0
Amount_shipped,"(300, 4680, 696, 4535, 23.59)",0.0
Amount_shipped,"(300, 4680, 250, 4682, 28.56)",0.0
Amount_shipped,"(300, 4680, 572, 4680, 30.45)",0.0
Amount_shipped,"(300, 4680, 371, 4764, 52.72)",0.0
Amount_shipped,"(300, 4680, 312, 4747, 62.13)",0.0
Amount_shipped,"(300, 4680, 417, 4874, 76.13)",0.0
Amount_shipped,"(300, 4680, 350, 4738, 111.96)",0.0
Amount_shipped,"(300, 4680, 327, 4722, 125.89)",0.0
Amount_shipped,"(300, 4680, 555, 4937, 127.49)",0.0
Amount_shipped,"(300, 4680, 239, 4765, 151.68)",0.0
Amount_shipped,"(300, 4680, 558, 4583, 208.94)",0.0
Amount_shipped,"(300, 4680, 592, 4773, 272.69)",0.0
Amount_shipped,"(300, 4680, 303, 4682, 594.76)",0.0
Amount_shipped,"(300, 4680, 519, 4618, 758.82)",0.0
Amount_shipped,"(300, 4680, 190, 4740, 907.18)",0.0
Amount_shipped,"(300, 4680, 604, 4955, 907.45)",0.0
Amount_shipped,"(300, 4680, 334, 4799, 1285.48)",0.0
Amount_shipped,"(300, 4680, 402, 4762, 1356.12)",0.0
Amount_shipped,"(300, 4700, 604, 4556, 10.77)",0.0
Amount_shipped,"(300, 4700, 545, 4715, 11.01)",0.0
Amount_shipped,"(300, 4700, 598, 4885, 11.15)",0.0
Amount_shipped,"(300, 4700, 622, 4729, 11.5)",0.0
Amount_shipped,"(300, 4700, 136, 4692, 11.61)",0.0
Amount_shipped,"(300, 4700, 494, 4926, 11.95)",0.0
Amount_shipped,"(300, 4700, 627, 4796, 12.52)",0.0
Amount_shipped,"(300, 4700, 604, 4624, 12.57)",0.0
Amount_shipped,"(300, 4700, 497, 4720, 12.7)",0.0
Amount_shipped,"(300, 4700, 503, 4807, 16.06)",0.0
Amount_shipped,"(300, 4700, 612, 4678, 16.32)",0.0
Amount_shipped,"(300, 4700, 345, 4695, 23.25)",0.0
Amount_shipped,"(300, 4700, 696, 4535, 23.59)",0.0
Amount_shipped,"(300, 4700, 250, 4682, 28.56)",0.0
Amount_shipped,"(300, 4700, 572, 4680, 30.45)",0.0
Amount_shipped,"(300, 4700, 371, 4764, 52.72)",0.0
Amount_shipped,"(300, 4700, 312, 4747, 62.13)",0.0
Amount_shipped,"(300, 4700, 417, 4874, 76.13)",0.0
Amount_shipped,"(300, 4700, 350, 4738, 111.96)",0.0
Amount_shipped,"(300, 4700, 327, 4722, 125.89)",0.0
Amount_shipped,"(300, 4700, 555, 4937, 127.49)",0.0
Amount_shipped,"(300, 4700, 239, 4765, 151.68)",0.0
Amount_shipped,"(300, 4700, 558, 4583, 208.94)",0.0
Amount_shipped,"(300, 4700, 592, 4773, 272.69)",0.0
Amount_shipped,"(300, 4700, 303, 4682, 594.76)",0.0
Amount_shipped,"(300, 4700, 519, 4618, 758.82)",0.0
Amount_shipped,"(300, 4700, 190, 4740, 907.18)",0.0
Amount_shipped,"(300, 4700, 604, 4955, 907.45)",0.0
Amount_shipped,"(300, 4700, 334, 4799, 1285.48)",0.0
Amount_shipped,"(300, 4700, 402, 4762, 1356.12)",0.0
Amount_shipped,"(300, 4720, 604, 4556, 10.77)",0.0
Amount_shipped,"(300, 4720, 545, 4715, 11.01)",0.0
Amount_shipped,"(300, 4720, 598, 4885, 11.15)",0.0
Amount_shipped,"(300, 4720, 622, 4729, 11.5)",0.0
Amount_shipped,"(300, 4720, 136, 4692, 11.61)",0.0
Amount_shipped,"(300, 4720, 494, 4926, 11.95)",0.0
Amount_shipped,"(300, 4720, 627, 4796, 12.52)",0.0
Amount_shipped,"(300, 4720, 604, 4624, 12.57)",0.0
Amount_shipped,"(300, 4720, 497, 4720, 12.7)",0.0
Amount_shipped,"(300, 4720, 503, 4807, 16.06)",0.0
Amount_shipped,"(300, 4720, 612, 4678, 16.32)",0.0
Amount_shipped,"(300, 4720, 345, 4695, 23.25)",0.0
Amount_shipped,"(300, 4720, 696, 4535, 23.59)",0.0
Amount_shipped,"(300, 4720, 250, 4682, 28.56)",0.0
Amount_shipped,"(300, 4720, 572, 4680, 30.45)",0.0
Amount_shipped,"(300, 4720, 371, 4764, 52.72)",0.0
Amount_shipped,"(300, 4720, 312, 4747, 62.13)",0.0
Amount_shipped,"(300, 4720, 417, 4874, 76.13)",0.0
Amount_shipped,"(300, 4720, 350, 4738, 111.96)",0.0
Amount_shipped,"(300, 4720, 327, 4722, 125.89)",0.0
Amount_shipped,"(300, 4720, 555, 4937, 127.49)",0.0
Amount_shipped,"(300, 4720, 239, 4765, 151.68)",0.0
Amount_shipped,"(300, 4720, 558, 4583, 208.94)",0.0
Amount_shipped,"(300, 4720, 592, 4773, 272.69)",0.0
Amount_shipped,"(300, 4720, 303, 4682, 594.76)",0.0
Amount_shipped,"(300, 4720, 519, 4618, 758.82)",0.0
Amount_shipped,"(300, 4720, 190, 4740, 907.18)",0.0
Amount_shipped,"(300, 4720, 604, 4955, 907.45)",0.0
Amount_shipped,"(300, 4720, 334, 4799, 1285.48)",0.0
Amount_shipped,"(300, 4720, 402, 4762, 1356.12)",0.0
Amount_shipped,"(300, 4740, 604, 4556, 10.77)",0.0
Amount_shipped,"(300, 4740, 545, 4715, 11.01)",0.0
Amount_shipped,"(300, 4740, 598, 4885, 11.15)",0.0
Amount_shipped,"(300, 4740, 622, 4729, 11.5)",0.0
Amount_shipped,"(300, 4740, 136, 4692, 11.61)",0.0
Amount_shipped,"(300, 4740, 494, 4926, 11.95)",0.0
Amount_shipped,"(300, 4740, 627, 4796, 12.52)",0.0
Amount_shipped,"(300, 4740, 604, 4624, 12.57)",0.0
Amount_shipped,"(300, 4740, 497, 4720, 12.7)",0.0
Amount_shipped,"(300, 4740, 503, 4807, 16.06)",0.0
Amount_shipped,"(300, 4740, 612, 4678, 16.32)",0.0
Amount_shipped,"(300, 4740, 345, 4695, 23.25)",0.0
Amount_shipped,"(300, 4740, 696, 4535, 23.59)",0.0
Amount_shipped,"(300, 4740, 250, 4682, 28.56)",0.0
Amount_shipped,"(300, 4740, 572, 4680, 30.45)",0.0
Amount_shipped,"(300, 4740, 371, 4764, 52.72)",0.0
Amount_shipped,"(300, 4740, 312, 4747, 62.13)",0.0
Amount_shipped,"(300, 4740, 417, 4874, 76.13)",0.0
Amount_shipped,"(300, 4740, 350, 4738, 111.96)",0.0
Amount_shipped,"(300, 4740, 327, 4722, 125.89)",0.0
Amount_shipped,"(300, 4740, 555, 4937, 127.49)",0.0
Amount_shipped,"(300, 4740, 239, 4765, 151.68)",0.0
Amount_shipped,"(300, 4740, 558, 4583, 208.94)",0.0
Amount_shipped,"(300, 4740, 592, 4773, 272.69)",0.0
Amount_shipped,"(300, 4740, 303, 4682, 594.76)",0.0
Amount_shipped,"(300, 4740, 519, 4618, 758.82)",0.0
Amount_shipped,"(300, 4740, 190, 4740, 907.18)",0.0
Amount_shipped,"(300, 4740, 604, 4955, 907.45)",0.0
Amount_shipped,"(300, 4740, 334, 4799, 1285.48)",0.0
Amount_shipped,"(300, 4740, 402, 4762, 1356.12)",0.0
Amount_shipped,"(300, 4760, 604, 4556, 10.77)",0.0
Amount_shipped,"(300, 4760, 545, 4715, 11.01)",0.0
Amount_shipped,"(300, 4760, 598, 4885, 11.15)",0.0
Amount_shipped,"(300, 4760, 622, 4729, 11.5)",0.0
Amount_shipped,"(300, 4760, 136, 4692, 11.61)",0.0
Amount_shipped,"(300, 4760, 494, 4926, 11.95)",0.0
Amount_shipped,"(300, 4760, 627, 4796, 12.52)",0.0
Amount_shipped,"(300, 4760, 604, 4624, 12.57)",0.0
Amount_shipped,"(300, 4760, 497, 4720, 12.7)",0.0
Amount_shipped,"(300, 4760, 503, 4807, 16.06)",0.0
Amount_shipped,"(300, 4760, 612, 4678, 16.32)",0.0
Amount_shipped,"(300, 4760, 345, 4695, 23.25)",0.0
Amount_shipped,"(300, 4760, 696, 4535, 23.59)",0.0
Amount_shipped,"(300, 4760, 250, 4682, 28.56)",0.0
Amount_shipped,"(300, 4760, 572, 4680, 30.45)",0.0
Amount_shipped,"(300, 4760, 371, 4764, 52.72)",0.0
Amount_shipped,"(300, 4760, 312, 4747, 62.13)",0.0
Amount_shipped,"(300, 4760, 417, 4874, 76.13)",0.0
Amount_shipped,"(300, 4760, 350, 4738, 111.96)",0.0
Amount_shipped,"(300, 4760, 327, 4722, 125.89)",0.0
Amount_shipped,"(300, 4760, 555, 4937, 127.49)",0.0
Amount_shipped,"(300, 4760, 239, 4765, 151.68)",0.0
Amount_shipped,"(300, 4760, 558, 4583, 208.94)",0.0
Amount_shipped,"(300, 4760, 592, 4773, 272.69)",0.0
Amount_shipped,"(300, 4760, 303, 4682, 594.76)",0.0
Amount_shipped,"(300, 4760, 519, 4618, 758.82)",0.0
Amount_shipped,"(300, 4760, 190, 4740, 907.18)",0.0
Amount_shipped,"(300, 4760, 604, 4955, 907.45)",0.0
Amount_shipped,"(300, 4760, 334, 4799, 1285.48)",0.0
Amount_shipped,"(300, 4760, 402, 4762, 1356.12)",0.0
Amount_shipped,"(300, 4780, 604, 4556, 10.77)",0.0
Amount_shipped,"(300, 4780, 545, 4715, 11.01)",0.0
Amount_shipped,"(300, 4780, 598, 4885, 11.15)",0.0
Amount_shipped,"(300, 4780, 622, 4729, 11.5)",0.0
Amount_shipped,"(300, 4780, 136, 4692, 11.61)",0.0
Amount_shipped,"(300, 4780, 494, 4926, 11.95)",0.0
Amount_shipped,"(300, 4780, 627, 4796, 12.52)",0.0
Amount_shipped,"(300, 4780, 604, 4624, 12.57)",0.0
Amount_shipped,"(300, 4780, 497, 4720, 12.7)",0.0
Amount_shipped,"(300, 4780, 503, 4807, 16.06)",0.0
Amount_shipped,"(300, 4780, 612, 4678, 16.32)",0.0
Amount_shipped,"(300, 4780, 345, 4695, 23.25)",0.0
Amount_shipped,"(300, 4780, 696, 4535, 23.59)",0.0
Amount_shipped,"(300, 4780, 250, 4682, 28.56)",0.0
Amount_shipped,"(300, 4780, 572, 4680, 30.45)",0.0
Amount_shipped,"(300, 4780, 371, 4764, 52.72)",0.0
Amount_shipped,"(300, 4780, 312, 4747, 62.13)",0.0
Amount_shipped,"(300, 4780, 417, 4874, 76.13)",0.0
Amount_shipped,"(300, 4780, 350, 4738, 111.96)",0.0
Amount_shipped,"(300, 4780, 327, 4722, 125.89)",0.0
Amount_shipped,"(300, 4780, 555, 4937, 127.49)",0.0
Amount_shipped,"(300, 4780, 239, 4765, 151.68)",0.0
Amount_shipped,"(300, 4780, 558, 4583, 208.94)",0.0
Amount_shipped,"(300, 4780, 592, 4773, 272.69)",0.0
Amount_shipped,"(300, 4780, 303, 4682, 594.76)",0.0
Amount_shipped,"(300, 4780, 519, 4618, 758.82)",0.0
Amount_shipped,"(300, 4780, 190, 4740, 907.18)",0.0
Amount_shipped,"(300, 4780, 604, 4955, 907.45)",0.0
Amount_shipped,"(300, 4780, 334, 4799, 1285.48)",0.0
Amount_shipped,"(300, 4780, 402, 4762, 1356.12)",0.0
Amount_shipped,"(300, 4800, 604, 4556, 10.77)",0.0
Amount_shipped,"(300, 4800, 545, 4715, 11.01)",0.0
Amount_shipped,"(300, 4800, 598, 4885, 11.15)",0.0
Amount_shipped,"(300, 4800, 622, 4729, 11.5)",0.0
Amount_shipped,"(300, 4800, 136, 4692, 11.61)",0.0
Amount_shipped,"(300, 4800, 494, 4926, 11.95)",0.0
Amount_shipped,"(300, 4800, 627, 4796, 12.52)",0.0
Amount_shipped,"(300, 4800, 604, 4624, 12.57)",0.0
Amount_shipped,"(300, 4800, 497, 4720, 12.7)",0.0
Amount_shipped,"(300, 4800, 503, 4807, 16.06)",0.0
Amount_shipped,"(300, 4800, 612, 4678, 16.32)",0.0
Amount_shipped,"(300, 4800, 345, 4695, 23.25)",0.0
Amount_shipped,"(300, 4800, 696, 4535, 23.59)",0.0
Amount_shipped,"(300, 4800, 250, 4682, 28.56)",0.0
Amount_shipped,"(300, 4800, 572, 4680, 30.45)",0.0
Amount_shipped,"(300, 4800, 371, 4764, 52.72)",0.0
Amount_shipped,"(300, 4800, 312, 4747, 62.13)",0.0
Amount_shipped,"(300, 4800, 417, 4874, 76.13)",0.0
Amount_shipped,"(300, 4800, 350, 4738, 111.96)",0.0
Amount_shipped,"(300, 4800, 327, 4722, 125.89)",0.0
Amount_shipped,"(300, 4800, 555, 4937, 127.49)",0.0
Amount_shipped,"(300, 4800, 239, 4765, 151.68)",0.0
Amount_shipped,"(300, 4800, 558, 4583, 208.94)",0.0
Amount_shipped,"(300, 4800, 592, 4773, 272.69)",0.0
Amount_shipped,"(300, 4800, 303, 4682, 594.76)",0.0
Amount_shipped,"(300, 4800, 519, 4618, 758.82)",0.0
Amount_shipped,"(300, 4800, 190, 4740, 907.18)",0.0
Amount_shipped,"(300, 4800, 604, 4955, 907.45)",0.0
Amount_shipped,"(300, 4800, 334, 4799, 1285.48)",0.0
Amount_shipped,"(300, 4800, 402, 4762, 1356.12)",0.0
Amount_shipped,"(300, 4820, 604, 4556, 10.77)",0.0
Amount_shipped,"(300, 4820, 545, 4715, 11.01)",0.0
Amount_shipped,"(300, 4820, 598, 4885, 11.15)",0.0
Amount_shipped,"(300, 4820, 622, 4729, 11.5)",0.0
Amount_shipped,"(300, 4820, 136, 4692, 11.61)",0.0
Amount_shipped,"(300, 4820, 494, 4926, 11.95)",0.0
Amount_shipped,"(300, 4820, 627, 4796, 12.52)",0.0
Amount_shipped,"(300, 4820, 604, 4624, 12.57)",0.0
Amount_shipped,"(300, 4820, 497, 4720, 12.7)",0.0
Amount_shipped,"(300, 4820, 503, 4807, 16.06)",0.0
Amount_shipped,"(300, 4820, 612, 4678, 16.32)",0.0
Amount_shipped,"(300, 4820, 345, 4695, 23.25)",0.0
Amount_shipped,"(300, 4820, 696, 4535, 23.59)",0.0
Amount_shipped,"(300, 4820, 250, 4682, 28.56)",0.0
Amount_shipped,"(300, 4820, 572, 4680, 30.45)",0.0
Amount_shipped,"(300, 4820, 371, 4764, 52.72)",0.0
Amount_shipped,"(300, 4820, 312, 4747, 62.13)",0.0
Amount_shipped,"(300, 4820, 417, 4874, 76.13)",0.0
Amount_shipped,"(300, 4820, 350, 4738, 111.96)",0.0
Amount_shipped,"(300, 4820, 327, 4722, 125.89)",0.0
Amount_shipped,"(300, 4820, 555, 4937, 127.49)",0.0
Amount_shipped,"(300, 4820, 239, 4765, 151.68)",0.0
Amount_shipped,"(300, 4820, 558, 4583, 208.94)",0.0
Amount_shipped,"(300, 4820, 592, 4773, 272.69)",0.0
Amount_shipped,"(300, 4820, 303, 4682, 594.76)",0.0
Amount_shipped,"(300, 4820, 519, 4618, 758.82)",0.0
Amount_shipped,"(300, 4820, 190, 4740, 907.18)",0.0
Amount_shipped,"(300, 4820, 604, 4955, 907.45)",0.0
Amount_shipped,"(300, 4820, 334, 4799, 1285.48)",0.0
Amount_shipped,"(300, 4820, 402, 4762, 1356.12)",0.0
Amount_shipped,"(300, 4840, 604, 4556, 10.77)",0.0
Amount_shipped,"(300, 4840, 545, 4715, 11.01)",0.0
Amount_shipped,"(300, 4840, 598, 4885, 11.15)",0.0
Amount_shipped,"(300, 4840, 622, 4729, 11.5)",0.0
Amount_shipped,"(300, 4840, 136, 4692, 11.61)",0.0
Amount_shipped,"(300, 4840, 494, 4926, 11.95)",0.0
Amount_shipped,"(300, 4840, 627, 4796, 12.52)",0.0
Amount_shipped,"(300, 4840, 604, 4624, 12.57)",0.0
Amount_shipped,"(300, 4840, 497, 4720, 12.7)",0.0
Amount_shipped,"(300, 4840, 503, 4807, 16.06)",0.0
Amount_shipped,"(300, 4840, 612, 4678, 16.32)",0.0
Amount_shipped,"(300, 4840, 345, 4695, 23.25)",0.0
Amount_shipped,"(300, 4840, 696, 4535, 23.59)",0.0
Amount_shipped,"(300, 4840, 250, 4682, 28.56)",0.0
Amount_shipped,"(300, 4840, 572, 4680, 30.45)",0.0
Amount_shipped,"(300, 4840, 371, 4764, 52.72)",0.0
Amount_shipped,"(300, 4840, 312, 4747, 62.13)",0.0
Amount_shipped,"(300, 4840, 417, 4874, 76.13)",0.0
Amount_shipped,"(300, 4840, 350, 4738, 111.96)",0.0
Amount_shipped,"(300, 4840, 327, 4722, 125.89)",0.0
Amount_shipped,"(300, 4840, 555, 4937, 127.49)",0.0
Amount_shipped,"(300, 4840, 239, 4765, 151.68)",0.0
Amount_shipped,"(300, 4840, 558, 4583, 208.94)",0.0
Amount_shipped,"(300, 4840, 592, 4773, 272.69)",0.0
Amount_shipped,"(300, 4840, 303, 4682, 594.76)",0.0
Amount_shipped,"(300, 4840, 519, 4618, 758.82)",0.0
Amount_shipped,"(300, 4840, 190, 4740, 907.18)",0.0
Amount_shipped,"(300, 4840, 604, 4955, 907.45)",0.0
Amount_shipped,"(300, 4840, 334, 4799, 1285.48)",0.0
Amount_shipped,"(300, 4840, 402, 4762, 1356.12)",0.0
Amount_shipped,"(300, 4860, 604, 4556, 10.77)",0.0
Amount_shipped,"(300, 4860, 545, 4715, 11.01)",0.0
Amount_shipped,"(300, 4860, 598, 4885, 11.15)",0.0
Amount_shipped,"(300, 4860, 622, 4729, 11.5)",0.0
Amount_shipped,"(300, 4860, 136, 4692, 11.61)",0.0
Amount_shipped,"(300, 4860, 494, 4926, 11.95)",0.0
Amount_shipped,"(300, 4860, 627, 4796, 12.52)",0.0
Amount_shipped,"(300, 4860, 604, 4624, 12.57)",0.0
Amount_shipped,"(300, 4860, 497, 4720, 12.7)",0.0
Amount_shipped,"(300, 4860, 503, 4807, 16.06)",0.0
Amount_shipped,"(300, 4860, 612, 4678, 16.32)",0.0
Amount_shipped,"(300, 4860, 345, 4695, 23.25)",0.0
Amount_shipped,"(300, 4860, 696, 4535, 23.59)",0.0
Amount_shipped,"(300, 4860, 250, 4682, 28.56)",0.0
Amount_shipped,"(300, 4860, 572, 4680, 30.45)",0.0
Amount_shipped,"(300, 4860, 371, 4764, 52.72)",0.0
Amount_shipped,"(300, 4860, 312, 4747, 62.13)",0.0
Amount_shipped,"(300, 4860, 417, 4874, 76.13)",0.0
Amount_shipped,"(300, 4860, 350, 4738, 111.96)",0.0
Amount_shipped,"(300, 4860, 327, 4722, 125.89)",0.0
Amount_shipped,"(300, 4860, 555, 4937, 127.49)",0.0
Amount_shipped,"(300, 4860, 239, 4765, 151.68)",0.0
Amount_shipped,"(300, 4860, 558, 4583, 208.94)",0.0
Amount_shipped,"(300, 4860, 592, 4773, 272.69)",0.0
Amount_shipped,"(300, 4860, 303, 4682, 594.76)",0.0
Amount_shipped,"(300, 4860, 519, 4618, 758.82)",0.0
Amount_shipped,"(300, 4860, 190, 4740, 907.18)",0.0
Amount_shipped,"(300, 4860, 604, 4955, 907.45)",0.0
Amount_shipped,"(300, 4860, 334, 4799, 1285.48)",0.0
Amount_shipped,"(300, 4860, 402, 4762, 1356.12)",0.0
Amount_shipped,"(300, 4880, 604, 4556, 10.77)",0.0
Amount_shipped,"(300, 4880, 545, 4715, 11.01)",0.0
Amount_shipped,"(300, 4880, 598, 4885, 11.15)",0.0
Amount_shipped,"(300, 4880, 622, 4729, 11.5)",0.0
Amount_shipped,"(300, 4880, 136, 4692, 11.61)",0.0
Amount_shipped,"(300, 4880, 494, 4926, 11.95)",0.0
Amount_shipped,"(300, 4880, 627, 4796, 12.52)",0.0
Amount_shipped,"(300, 4880, 604, 4624, 12.57)",0.0
Amount_shipped,"(300, 4880, 497, 4720, 12.7)",0.0
Amount_shipped,"(300, 4880, 503, 4807, 16.06)",0.0
Amount_shipped,"(300, 4880, 612, 4678, 16.32)",0.0
Amount_shipped,"(300, 4880, 345, 4695, 23.25)",0.0
Amount_shipped,"(300, 4880, 696, 4535, 23.59)",0.0
Amount_shipped,"(300, 4880, 250, 4682, 28.56)",0.0
Amount_shipped,"(300, 4880, 572, 4680, 30.45)",0.0
Amount_shipped,"(300, 4880, 371, 4764, 52.72)",0.0
Amount_shipped,"(300, 4880, 312, 4747, 62.13)",0.0
Amount_shipped,"(300, 4880, 417, 4874, 76.13)",0.0
Amount_shipped,"(300, 4880, 350, 4738, 111.96)",0.0
Amount_shipped,"(300, 4880, 327, 4722, 125.89)",0.0
Amount_shipped,"(300, 4880, 555, 4937, 127.49)",0.0
Amount_shipped,"(300, 4880, 239, 4765, 151.68)",0.0
Amount_shipped,"(300, 4880, 558, 4583, 208.94)",0.0
Amount_shipped,"(300, 4880, 592, 4773, 272.69)",0.0
Amount_shipped,"(300, 4880, 303, 4682, 594.76)",0.0
Amount_shipped,"(300, 4880, 519, 4618, 758.82)",0.0
Amount_shipped,"(300, 4880, 190, 4740, 907.18)",0.0
Amount_shipped,"(300, 4880, 604, 4955, 907.45)",0.0
Amount_shipped,"(300, 4880, 334, 4799, 1285.48)",0.0
Amount_shipped,"(300, 4880, 402, 4762, 1356.12)",0.0
Amount_shipped,"(300, 4900, 604, 4556, 10.77)",0.0
Amount_shipped,"(300, 4900, 545, 4715, 11.01)",0.0
Amount_shipped,"(300, 4900, 598, 4885, 11.15)",0.0
Amount_shipped,"(300, 4900, 622, 4729, 11.5)",0.0
Amount_shipped,"(300, 4900, 136, 4692, 11.61)",0.0
Amount_shipped,"(300, 4900, 494, 4926, 11.95)",0.0
Amount_shipped,"(300, 4900, 627, 4796, 12.52)",0.0
Amount_shipped,"(300, 4900, 604, 4624, 12.57)",0.0
Amount_shipped,"(300, 4900, 497, 4720, 12.7)",0.0
Amount_shipped,"(300, 4900, 503, 4807, 16.06)",0.0
Amount_shipped,"(300, 4900, 612, 4678, 16.32)",0.0
Amount_shipped,"(300, 4900, 345, 4695, 23.25)",0.0
Amount_shipped,"(300, 4900, 696, 4535, 23.59)",0.0
Amount_shipped,"(300, 4900, 250, 4682, 28.56)",0.0
Amount_shipped,"(300, 4900, 572, 4680, 30.45)",0.0
Amount_shipped,"(300, 4900, 371, 4764, 52.72)",0.0
Amount_shipped,"(300, 4900, 312, 4747, 62.13)",0.0
Amount_shipped,"(300, 4900, 417, 4874, 76.13)",0.0
Amount_shipped,"(300, 4900, 350, 4738, 111.96)",0.0
Amount_shipped,"(300, 4900, 327, 4722, 125.89)",0.0
Amount_shipped,"(300, 4900, 555, 4937, 127.49)",0.0
Amount_shipped,"(300, 4900, 239, 4765, 151.68)",0.0
Amount_shipped,"(300, 4900, 558, 4583, 208.94)",0.0
Amount_shipped,"(300, 4900, 592, 4773, 272.69)",0.0
Amount_shipped,"(300, 4900, 303, 4682, 594.76)",0.0
Amount_shipped,"(300, 4900, 519, 4618, 758.82)",0.0
Amount_shipped,"(300, 4900, 190, 4740, 907.18)",0.0
Amount_shipped,"(300, 4900, 604, 4955, 907.45)",0.0
Amount_shipped,"(300, 4900, 334, 4799, 1285.48)",0.0
Amount_shipped,"(300, 4900, 402, 4762, 1356.12)",0.0
Amount_shipped,"(300, 4920, 604, 4556, 10.77)",0.0
Amount_shipped,"(300, 4920, 545, 4715, 11.01)",0.0
Amount_shipped,"(300, 4920, 598, 4885, 11.15)",0.0
Amount_shipped,"(300, 4920, 622, 4729, 11.5)",0.0
Amount_shipped,"(300, 4920, 136, 4692, 11.61)",0.0
Amount_shipped,"(300, 4920, 494, 4926, 11.95)",0.0
Amount_shipped,"(300, 4920, 627, 4796, 12.52)",0.0
Amount_shipped,"(300, 4920, 604, 4624, 12.57)",0.0
Amount_shipped,"(300, 4920, 497, 4720, 12.7)",0.0
Amount_shipped,"(300, 4920, 503, 4807, 16.06)",0.0
Amount_shipped,"(300, 4920, 612, 4678, 16.32)",0.0
Amount_shipped,"(300, 4920, 345, 4695, 23.25)",0.0
Amount_shipped,"(300, 4920, 696, 4535, 23.59)",0.0
Amount_shipped,"(300, 4920, 250, 4682, 28.56)",0.0
Amount_shipped,"(300, 4920, 572, 4680, 30.45)",0.0
Amount_shipped,"(300, 4920, 371, 4764, 52.72)",0.0
Amount_shipped,"(300, 4920, 312, 4747, 62.13)",0.0
Amount_shipped,"(300, 4920, 417, 4874, 76.13)",0.0
Amount_shipped,"(300, 4920, 350, 4738, 111.96)",0.0
Amount_shipped,"(300, 4920, 327, 4722, 125.89)",0.0
Amount_shipped,"(300, 4920, 555, 4937, 127.49)",0.0
Amount_shipped,"(300, 4920, 239, 4765, 151.68)",0.0
Amount_shipped,"(300, 4920, 558, 4583, 208.94)",0.0
Amount_shipped,"(300, 4920, 592, 4773, 272.69)",0.0
Amount_shipped,"(300, 4920, 303, 4682, 594.76)",0.0
Amount_shipped,"(300, 4920, 519, 4618, 758.82)",0.0
Amount_shipped,"(300, 4920, 190, 4740, 907.18)",0.0
Amount_shipped,"(300, 4920, 604, 4955, 907.45)",0.0
Amount_shipped,"(300, 4920, 334, 4799, 1285.48)",0.0
Amount_shipped,"(300, 4920, 402, 4762, 1356.12)",0.0
Amount_shipped,"(300, 4940, 604, 4556, 10.77)",0.0
Amount_shipped,"(300, 4940, 545, 4715, 11.01)",0.0
Amount_shipped,"(300, 4940, 598, 4885, 11.15)",0.0
Amount_shipped,"(300, 4940, 622, 4729, 11.5)",0.0
Amount_shipped,"(300, 4940, 136, 4692, 11.61)",0.0
Amount_shipped,"(300, 4940, 494, 4926, 11.95)",0.0
Amount_shipped,"(300, 4940, 627, 4796, 12.52)",0.0
Amount_shipped,"(300, 4940, 604, 4624, 12.57)",0.0
Amount_shipped,"(300, 4940, 497, 4720, 12.7)",0.0
Amount_shipped,"(300, 4940, 503, 4807, 16.06)",0.0
Amount_shipped,"(300, 4940, 612, 4678, 16.32)",0.0
Amount_shipped,"(300, 4940, 345, 4695, 23.25)",0.0
Amount_shipped,"(300, 4940, 696, 4535, 23.59)",0.0
Amount_shipped,"(300, 4940, 250, 4682, 28.56)",0.0
Amount_shipped,"(300, 4940, 572, 4680, 30.45)",0.0
Amount_shipped,"(300, 4940, 371, 4764, 52.72)",0.0
Amount_shipped,"(300, 4940, 312, 4747, 62.13)",0.0
Amount_shipped,"(300, 4940, 417, 4874, 76.13)",0.0
Amount_shipped,"(300, 4940, 350, 4738, 111.96)",0.0
Amount_shipped,"(300, 4940, 327, 4722, 125.89)",0.0
Amount_shipped,"(300, 4940, 555, 4937, 127.49)",0.0
Amount_shipped,"(300, 4940, 239, 4765, 151.68)",0.0
Amount_shipped,"(300, 4940, 558, 4583, 208.94)",0.0
Amount_shipped,"(300, 4940, 592, 4773, 272.69)",0.0
Amount_shipped,"(300, 4940, 303, 4682, 594.76)",0.0
Amount_shipped,"(300, 4940, 519, 4618, 758.82)",0.0
Amount_shipped,"(300, 4940, 190, 4740, 907.18)",0.0
Amount_shipped,"(300, 4940, 604, 4955, 907.45)",0.0
Amount_shipped,"(300, 4940, 334, 4799, 1285.48)",0.0
Amount_shipped,"(300, 4940, 402, 4762, 1356.12)",0.0
Amount_shipped,"(300, 4960, 604, 4556, 10.77)",0.0
Amount_shipped,"(300, 4960, 545, 4715, 11.01)",0.0
Amount_shipped,"(300, 4960, 598, 4885, 11.15)",0.0
Amount_shipped,"(300, 4960, 622, 4729, 11.5)",0.0
Amount_shipped,"(300, 4960, 136, 4692, 11.61)",0.0
Amount_shipped,"(300, 4960, 494, 4926, 11.95)",0.0
Amount_shipped,"(300, 4960, 627, 4796, 12.52)",0.0
Amount_shipped,"(300, 4960, 604, 4624, 12.57)",0.0
Amount_shipped,"(300, 4960, 497, 4720, 12.7)",0.0
Amount_shipped,"(300, 4960, 503, 4807, 16.06)",0.0
Amount_shipped,"(300, 4960, 612, 4678, 16.32)",0.0
Amount_shipped,"(300, 4960, 345, 4695, 23.25)",0.0
Amount_shipped,"(300, 4960, 696, 4535, 23.59)",0.0
Amount_shipped,"(300, 4960, 250, 4682, 28.56)",0.0
Amount_shipped,"(300, 4960, 572, 4680, 30.45)",0.0
Amount_shipped,"(300, 4960, 371, 4764, 52.72)",0.0
Amount_shipped,"(300, 4960, 312, 4747, 62.13)",0.0
Amount_shipped,"(300, 4960, 417, 4874, 76.13)",0.0
Amount_shipped,"(300, 4960, 350, 4738, 111.96)",0.0
Amount_shipped,"(300, 4960, 327, 4722, 125.89)",0.0
Amount_shipped,"(300, 4960, 555, 4937, 127.49)",0.0
Amount_shipped,"(300, 4960, 239, 4765, 151.68)",0.0
Amount_shipped,"(300, 4960, 558, 4583, 208.94)",0.0
Amount_shipped,"(300, 4960, 592, 4773, 272.69)",0.0
Amount_shipped,"(300, 4960, 303, 4682, 594.76)",0.0
Amount_shipped,"(300, 4960, 519, 4618, 758.82)",0.0
Amount_shipped,"(300, 4960, 190, 4740, 907.18)",0.0
Amount_shipped,"(300, 4960, 604, 4955, 907.45)",0.0
Amount_shipped,"(300, 4960, 334, 4799, 1285.48)",0.0
Amount_shipped,"(300, 4960, 402, 4762, 1356.12)",0.0
Amount_shipped,"(300, 4980, 604, 4556, 10.77)",0.0
Amount_shipped,"(300, 4980, 545, 4715, 11.01)",0.0
Amount_shipped,"(300, 4980, 598, 4885, 11.15)",0.0
Amount_shipped,"(300, 4980, 622, 4729, 11.5)",0.0
Amount_shipped,"(300, 4980, 136, 4692, 11.61)",0.0
Amount_shipped,"(300, 4980, 494, 4926, 11.95)",0.0
Amount_shipped,"(300, 4980, 627, 4796, 12.52)",0.0
Amount_shipped,"(300, 4980, 604, 4624, 12.57)",0.0
Amount_shipped,"(300, 4980, 497, 4720, 12.7)",0.0
Amount_shipped,"(300, 4980, 503, 4807, 16.06)",0.0
Amount_shipped,"(300, 4980, 612, 4678, 16.32)",0.0
Amount_shipped,"(300, 4980, 345, 4695, 23.25)",0.0
Amount_shipped,"(300, 4980, 696, 4535, 23.59)",0.0
Amount_shipped,"(300, 4980, 250, 4682, 28.56)",0.0
Amount_shipped,"(300, 4980, 572, 4680, 30.45)",0.0
Amount_shipped,"(300, 4980, 371, 4764, 52.72)",0.0
Amount_shipped,"(300, 4980, 312, 4747, 62.13)",0.0
Amount_shipped,"(300, 4980, 417, 4874, 76.13)",0.0
Amount_shipped,"(300, 4980, 350, 4738, 111.96)",0.0
Amount_shipped,"(300, 4980, 327, 4722, 125.89)",0.0
Amount_shipped,"(300, 4980, 555, 4937, 127.49)",0.0
Amount_shipped,"(300, 4980, 239, 4765, 151.68)",0.0
Amount_shipped,"(300, 4980, 558, 4583, 208.94)",0.0
Amount_shipped,"(300, 4980, 592, 4773, 272.69)",0.0
Amount_shipped,"(300, 4980, 303, 4682, 594.76)",0.0
Amount_shipped,"(300, 4980, 519, 4618, 758.82)",0.0
Amount_shipped,"(300, 4980, 190, 4740, 907.18)",0.0
Amount_shipped,"(300, 4980, 604, 4955, 907.45)",0.0
Amount_shipped,"(300, 4980, 334, 4799, 1285.48)",0.0
Amount_shipped,"(300, 4980, 402, 4762, 1356.12)",0.0
Amount_shipped,"(320, 4440, 604, 4556, 10.77)",0.0
Amount_shipped,"(320, 4440, 545, 4715, 11.01)",0.0
Amount_shipped,"(320, 4440, 598, 4885, 11.15)",0.0
Amount_shipped,"(320, 4440, 622, 4729, 11.5)",0.0
Amount_shipped,"(320, 4440, 136, 4692, 11.61)",0.0
Amount_shipped,"(320, 4440, 494, 4926, 11.95)",0.0
Amount_shipped,"(320, 4440, 627, 4796, 12.52)",0.0
Amount_shipped,"(320, 4440, 604, 4624, 12.57)",0.0
Amount_shipped,"(320, 4440, 497, 4720, 12.7)",0.0
Amount_shipped,"(320, 4440, 503, 4807, 16.06)",0.0
Amount_shipped,"(320, 4440, 612, 4678, 16.32)",0.0
Amount_shipped,"(320, 4440, 345, 4695, 23.25)",0.0
Amount_shipped,"(320, 4440, 696, 4535, 23.59)",0.0
Amount_shipped,"(320, 4440, 250, 4682, 28.56)",0.0
Amount_shipped,"(320, 4440, 572, 4680, 30.45)",0.0
Amount_shipped,"(320, 4440, 371, 4764, 52.72)",0.0
Amount_shipped,"(320, 4440, 312, 4747, 62.13)",0.0
Amount_shipped,"(320, 4440, 417, 4874, 76.13)",0.0
Amount_shipped,"(320, 4440, 350, 4738, 111.96)",0.0
Amount_shipped,"(320, 4440, 327, 4722, 125.89)",0.0
Amount_shipped,"(320, 4440, 555, 4937, 127.49)",0.0
Amount_shipped,"(320, 4440, 239, 4765, 151.68)",0.0
Amount_shipped,"(320, 4440, 558, 4583, 208.94)",0.0
Amount_shipped,"(320, 4440, 592, 4773, 272.69)",0.0
Amount_shipped,"(320, 4440, 303, 4682, 594.76)",0.0
Amount_shipped,"(320, 4440, 519, 4618, 758.82)",0.0
Amount_shipped,"(320, 4440, 190, 4740, 907.18)",0.0
Amount_shipped,"(320, 4440, 604, 4955, 907.45)",0.0
Amount_shipped,"(320, 4440, 334, 4799, 1285.48)",0.0
Amount_shipped,"(320, 4440, 402, 4762, 1356.12)",0.0
Amount_shipped,"(320, 4460, 604, 4556, 10.77)",0.0
Amount_shipped,"(320, 4460, 545, 4715, 11.01)",0.0
Amount_shipped,"(320, 4460, 598, 4885, 11.15)",0.0
Amount_shipped,"(320, 4460, 622, 4729, 11.5)",0.0
Amount_shipped,"(320, 4460, 136, 4692, 11.61)",0.0
Amount_shipped,"(320, 4460, 494, 4926, 11.95)",0.0
Amount_shipped,"(320, 4460, 627, 4796, 12.52)",0.0
Amount_shipped,"(320, 4460, 604, 4624, 12.57)",0.0
Amount_shipped,"(320, 4460, 497, 4720, 12.7)",0.0
Amount_shipped,"(320, 4460, 503, 4807, 16.06)",0.0
Amount_shipped,"(320, 4460, 612, 4678, 16.32)",0.0
Amount_shipped,"(320, 4460, 345, 4695, 23.25)",0.0
Amount_shipped,"(320, 4460, 696, 4535, 23.59)",0.0
Amount_shipped,"(320, 4460, 250, 4682, 28.56)",0.0
Amount_shipped,"(320, 4460, 572, 4680, 30.45)",0.0
Amount_shipped,"(320, 4460, 371, 4764, 52.72)",0.0
Amount_shipped,"(320, 4460, 312, 4747, 62.13)",0.0
Amount_shipped,"(320, 4460, 417, 4874, 76.13)",0.0
Amount_shipped,"(320, 4460, 350, 4738, 111.96)",0.0
Amount_shipped,"(320, 4460, 327, 4722, 125.89)",0.0
Amount_shipped,"(320, 4460, 555, 4937, 127.49)",0.0
Amount_shipped,"(320, 4460, 239, 4765, 151.68)",0.0
Amount_shipped,"(320, 4460, 558, 4583, 208.94)",0.0
Amount_shipped,"(320, 4460, 592, 4773, 272.69)",0.0
Amount_shipped,"(320, 4460, 303, 4682, 594.76)",0.0
Amount_shipped,"(320, 4460, 519, 4618, 758.82)",0.0
Amount_shipped,"(320, 4460, 190, 4740, 907.18)",0.0
Amount_shipped,"(320, 4460, 604, 4955, 907.45)",0.0
Amount_shipped,"(320, 4460, 334, 4799, 1285.48)",0.0
Amount_shipped,"(320, 4460, 402, 4762, 1356.12)",0.0
Amount_shipped,"(320, 4480, 604, 4556, 10.77)",0.0
Amount_shipped,"(320, 4480, 545, 4715, 11.01)",0.0
Amount_shipped,"(320, 4480, 598, 4885, 11.15)",0.0
Amount_shipped,"(320, 4480, 622, 4729, 11.5)",0.0
Amount_shipped,"(320, 4480, 136, 4692, 11.61)",0.0
Amount_shipped,"(320, 4480, 494, 4926, 11.95)",0.0
Amount_shipped,"(320, 4480, 627, 4796, 12.52)",0.0
Amount_shipped,"(320, 4480, 604, 4624, 12.57)",0.0
Amount_shipped,"(320, 4480, 497, 4720, 12.7)",0.0
Amount_shipped,"(320, 4480, 503, 4807, 16.06)",0.0
Amount_shipped,"(320, 4480, 612, 4678, 16.32)",0.0
Amount_shipped,"(320, 4480, 345, 4695, 23.25)",0.0
Amount_shipped,"(320, 4480, 696, 4535, 23.59)",0.0
Amount_shipped,"(320, 4480, 250, 4682, 28.56)",0.0
Amount_shipped,"(320, 4480, 572, 4680, 30.45)",0.0
Amount_shipped,"(320, 4480, 371, 4764, 52.72)",0.0
Amount_shipped,"(320, 4480, 312, 4747, 62.13)",0.0
Amount_shipped,"(320, 4480, 417, 4874, 76.13)",0.0
Amount_shipped,"(320, 4480, 350, 4738, 111.96)",0.0
Amount_shipped,"(320, 4480, 327, 4722, 125.89)",0.0
Amount_shipped,"(320, 4480, 555, 4937, 127.49)",0.0
Amount_shipped,"(320, 4480, 239, 4765, 151.68)",0.0
Amount_shipped,"(320, 4480, 558, 4583, 208.94)",0.0
Amount_shipped,"(320, 4480, 592, 4773, 272.69)",0.0
Amount_shipped,"(320, 4480, 303, 4682, 594.76)",0.0
Amount_shipped,"(320, 4480, 519, 4618, 758.82)",0.0
Amount_shipped,"(320, 4480, 190, 4740, 907.18)",0.0
Amount_shipped,"(320, 4480, 604, 4955, 907.45)",0.0
Amount_shipped,"(320, 4480, 334, 4799, 1285.48)",0.0
Amount_shipped,"(320, 4480, 402, 4762, 1356.12)",0.0
Amount_shipped,"(320, 4500, 604, 4556, 10.77)",0.0
Amount_shipped,"(320, 4500, 545, 4715, 11.01)",0.0
Amount_shipped,"(320, 4500, 598, 4885, 11.15)",0.0
Amount_shipped,"(320, 4500, 622, 4729, 11.5)",0.0
Amount_shipped,"(320, 4500, 136, 4692, 11.61)",0.0
Amount_shipped,"(320, 4500, 494, 4926, 11.95)",0.0
Amount_shipped,"(320, 4500, 627, 4796, 12.52)",0.0
Amount_shipped,"(320, 4500, 604, 4624, 12.57)",0.0
Amount_shipped,"(320, 4500, 497, 4720, 12.7)",0.0
Amount_shipped,"(320, 4500, 503, 4807, 16.06)",0.0
Amount_shipped,"(320, 4500, 612, 4678, 16.32)",0.0
Amount_shipped,"(320, 4500, 345, 4695, 23.25)",0.0
Amount_shipped,"(320, 4500, 696, 4535, 23.59)",0.0
Amount_shipped,"(320, 4500, 250, 4682, 28.56)",0.0
Amount_shipped,"(320, 4500, 572, 4680, 30.45)",0.0
Amount_shipped,"(320, 4500, 371, 4764, 52.72)",0.0
Amount_shipped,"(320, 4500, 312, 4747, 62.13)",0.0
Amount_shipped,"(320, 4500, 417, 4874, 76.13)",0.0
Amount_shipped,"(320, 4500, 350, 4738, 111.96)",0.0
Amount_shipped,"(320, 4500, 327, 4722, 125.89)",0.0
Amount_shipped,"(320, 4500, 555, 4937, 127.49)",0.0
Amount_shipped,"(320, 4500, 239, 4765, 151.68)",0.0
Amount_shipped,"(320, 4500, 558, 4583, 208.94)",0.0
Amount_shipped,"(320, 4500, 592, 4773, 272.69)",0.0
Amount_shipped,"(320, 4500, 303, 4682, 594.76)",0.0
Amount_shipped,"(320, 4500, 519, 4618, 758.82)",0.0
Amount_shipped,"(320, 4500, 190, 4740, 907.18)",0.0
Amount_shipped,"(320, 4500, 604, 4955, 907.45)",0.0
Amount_shipped,"(320, 4500, 334, 4799, 1285.48)",0.0
Amount_shipped,"(320, 4500, 402, 4762, 1356.12)",0.0
Amount_shipped,"(320, 4520, 604, 4556, 10.77)",0.0
Amount_shipped,"(320, 4520, 545, 4715, 11.01)",0.0
Amount_shipped,"(320, 4520, 598, 4885, 11.15)",0.0
Amount_shipped,"(320, 4520, 622, 4729, 11.5)",0.0
Amount_shipped,"(320, 4520, 136, 4692, 11.61)",0.0
Amount_shipped,"(320, 4520, 494, 4926, 11.95)",0.0
Amount_shipped,"(320, 4520, 627, 4796, 12.52)",0.0
Amount_shipped,"(320, 4520, 604, 4624, 12.57)",0.0
Amount_shipped,"(320, 4520, 497, 4720, 12.7)",0.0
Amount_shipped,"(320, 4520, 503, 4807, 16.06)",0.0
Amount_shipped,"(320, 4520, 612, 4678, 16.32)",0.0
Amount_shipped,"(320, 4520, 345, 4695, 23.25)",0.0
Amount_shipped,"(320, 4520, 696, 4535, 23.59)",0.0
Amount_shipped,"(320, 4520, 250, 4682, 28.56)",0.0
Amount_shipped,"(320, 4520, 572, 4680, 30.45)",0.0
Amount_shipped,"(320, 4520, 371, 4764, 52.72)",0.0
Amount_shipped,"(320, 4520, 312, 4747, 62.13)",0.0
Amount_shipped,"(320, 4520, 417, 4874, 76.13)",0.0
Amount_shipped,"(320, 4520, 350, 4738, 111.96)",0.0
Amount_shipped,"(320, 4520, 327, 4722, 125.89)",0.0
Amount_shipped,"(320, 4520, 555, 4937, 127.49)",0.0
Amount_shipped,"(320, 4520, 239, 4765, 151.68)",0.0
Amount_shipped,"(320, 4520, 558, 4583, 208.94)",0.0
Amount_shipped,"(320, 4520, 592, 4773, 272.69)",0.0
Amount_shipped,"(320, 4520, 303, 4682, 594.76)",0.0
Amount_shipped,"(320, 4520, 519, 4618, 758.82)",0.0
Amount_shipped,"(320, 4520, 190, 4740, 907.18)",0.0
Amount_shipped,"(320, 4520, 604, 4955, 907.45)",0.0
Amount_shipped,"(320, 4520, 334, 4799, 1285.48)",0.0
Amount_shipped,"(320, 4520, 402, 4762, 1356.12)",0.0
Amount_shipped,"(320, 4540, 604, 4556, 10.77)",0.0
Amount_shipped,"(320, 4540, 545, 4715, 11.01)",0.0
Amount_shipped,"(320, 4540, 598, 4885, 11.15)",0.0
Amount_shipped,"(320, 4540, 622, 4729, 11.5)",0.0
Amount_shipped,"(320, 4540, 136, 4692, 11.61)",0.0
Amount_shipped,"(320, 4540, 494, 4926, 11.95)",0.0
Amount_shipped,"(320, 4540, 627, 4796, 12.52)",0.0
Amount_shipped,"(320, 4540, 604, 4624, 12.57)",0.0
Amount_shipped,"(320, 4540, 497, 4720, 12.7)",0.0
Amount_shipped,"(320, 4540, 503, 4807, 16.06)",0.0
Amount_shipped,"(320, 4540, 612, 4678, 16.32)",0.0
Amount_shipped,"(320, 4540, 345, 4695, 23.25)",0.0
Amount_shipped,"(320, 4540, 696, 4535, 23.59)",0.0
Amount_shipped,"(320, 4540, 250, 4682, 28.56)",0.0
Amount_shipped,"(320, 4540, 572, 4680, 30.45)",0.0
Amount_shipped,"(320, 4540, 371, 4764, 52.72)",0.0
Amount_shipped,"(320, 4540, 312, 4747, 62.13)",0.0
Amount_shipped,"(320, 4540, 417, 4874, 76.13)",0.0
Amount_shipped,"(320, 4540, 350, 4738, 111.96)",0.0
Amount_shipped,"(320, 4540, 327, 4722, 125.89)",0.0
Amount_shipped,"(320, 4540, 555, 4937, 127.49)",0.0
Amount_shipped,"(320, 4540, 239, 4765, 151.68)",0.0
Amount_shipped,"(320, 4540, 558, 4583, 208.94)",0.0
Amount_shipped,"(320, 4540, 592, 4773, 272.69)",0.0
Amount_shipped,"(320, 4540, 303, 4682, 594.76)",0.0
Amount_shipped,"(320, 4540, 519, 4618, 758.82)",0.0
Amount_shipped,"(320, 4540, 190, 4740, 907.18)",0.0
Amount_shipped,"(320, 4540, 604, 4955, 907.45)",0.0
Amount_shipped,"(320, 4540, 334, 4799, 1285.48)",0.0
Amount_shipped,"(320, 4540, 402, 4762, 1356.12)",0.0
Amount_shipped,"(320, 4560, 604, 4556, 10.77)",0.0
Amount_shipped,"(320, 4560, 545, 4715, 11.01)",0.0
Amount_shipped,"(320, 4560, 598, 4885, 11.15)",0.0
Amount_shipped,"(320, 4560, 622, 4729, 11.5)",0.0
Amount_shipped,"(320, 4560, 136, 4692, 11.61)",0.0
Amount_shipped,"(320, 4560, 494, 4926, 11.95)",0.0
Amount_shipped,"(320, 4560, 627, 4796, 12.52)",0.0
Amount_shipped,"(320, 4560, 604, 4624, 12.57)",0.0
Amount_shipped,"(320, 4560, 497, 4720, 12.7)",0.0
Amount_shipped,"(320, 4560, 503, 4807, 16.06)",0.0
Amount_shipped,"(320, 4560, 612, 4678, 16.32)",0.0
Amount_shipped,"(320, 4560, 345, 4695, 23.25)",0.0
Amount_shipped,"(320, 4560, 696, 4535, 23.59)",0.0
Amount_shipped,"(320, 4560, 250, 4682, 28.56)",0.0
Amount_shipped,"(320, 4560, 572, 4680, 30.45)",0.0
Amount_shipped,"(320, 4560, 371, 4764, 52.72)",0.0
Amount_shipped,"(320, 4560, 312, 4747, 62.13)",0.0
Amount_shipped,"(320, 4560, 417, 4874, 76.13)",0.0
Amount_shipped,"(320, 4560, 350, 4738, 111.96)",0.0
Amount_shipped,"(320, 4560, 327, 4722, 125.89)",0.0
Amount_shipped,"(320, 4560, 555, 4937, 127.49)",0.0
Amount_shipped,"(320, 4560, 239, 4765, 151.68)",0.0
Amount_shipped,"(320, 4560, 558, 4583, 208.94)",0.0
Amount_shipped,"(320, 4560, 592, 4773, 272.69)",0.0
Amount_shipped,"(320, 4560, 303, 4682, 594.76)",0.0
Amount_shipped,"(320, 4560, 519, 4618, 758.82)",0.0
Amount_shipped,"(320, 4560, 190, 4740, 907.18)",0.0
Amount_shipped,"(320, 4560, 604, 4955, 907.45)",0.0
Amount_shipped,"(320, 4560, 334, 4799, 1285.48)",0.0
Amount_shipped,"(320, 4560, 402, 4762, 1356.12)",0.0
Amount_shipped,"(320, 4580, 604, 4556, 10.77)",0.0
Amount_shipped,"(320, 4580, 545, 4715, 11.01)",0.0
Amount_shipped,"(320, 4580, 598, 4885, 11.15)",0.0
Amount_shipped,"(320, 4580, 622, 4729, 11.5)",0.0
Amount_shipped,"(320, 4580, 136, 4692, 11.61)",0.0
Amount_shipped,"(320, 4580, 494, 4926, 11.95)",0.0
Amount_shipped,"(320, 4580, 627, 4796, 12.52)",0.0
Amount_shipped,"(320, 4580, 604, 4624, 12.57)",0.0
Amount_shipped,"(320, 4580, 497, 4720, 12.7)",0.0
Amount_shipped,"(320, 4580, 503, 4807, 16.06)",0.0
Amount_shipped,"(320, 4580, 612, 4678, 16.32)",0.0
Amount_shipped,"(320, 4580, 345, 4695, 23.25)",0.0
Amount_shipped,"(320, 4580, 696, 4535, 23.59)",0.0
Amount_shipped,"(320, 4580, 250, 4682, 28.56)",0.0
Amount_shipped,"(320, 4580, 572, 4680, 30.45)",0.0
Amount_shipped,"(320, 4580, 371, 4764, 52.72)",0.0
Amount_shipped,"(320, 4580, 312, 4747, 62.13)",0.0
Amount_shipped,"(320, 4580, 417, 4874, 76.13)",0.0
Amount_shipped,"(320, 4580, 350, 4738, 111.96)",0.0
Amount_shipped,"(320, 4580, 327, 4722, 125.89)",0.0
Amount_shipped,"(320, 4580, 555, 4937, 127.49)",0.0
Amount_shipped,"(320, 4580, 239, 4765, 151.68)",0.0
Amount_shipped,"(320, 4580, 558, 4583, 208.94)",0.0
Amount_shipped,"(320, 4580, 592, 4773, 272.69)",0.0
Amount_shipped,"(320, 4580, 303, 4682, 594.76)",0.0
Amount_shipped,"(320, 4580, 519, 4618, 758.82)",0.0
Amount_shipped,"(320, 4580, 190, 4740, 907.18)",0.0
Amount_shipped,"(320, 4580, 604, 4955, 907.45)",0.0
Amount_shipped,"(320, 4580, 334, 4799, 1285.48)",0.0
Amount_shipped,"(320, 4580, 402, 4762, 1356.12)",0.0
Amount_shipped,"(320, 4600, 604, 4556, 10.77)",0.0
Amount_shipped,"(320, 4600, 545, 4715, 11.01)",0.0
Amount_shipped,"(320, 4600, 598, 4885, 11.15)",0.0
Amount_shipped,"(320, 4600, 622, 4729, 11.5)",0.0
Amount_shipped,"(320, 4600, 136, 4692, 11.61)",0.0
Amount_shipped,"(320, 4600, 494, 4926, 11.95)",0.0
Amount_shipped,"(320, 4600, 627, 4796, 12.52)",0.0
Amount_shipped,"(320, 4600, 604, 4624, 12.57)",0.0
Amount_shipped,"(320, 4600, 497, 4720, 12.7)",0.0
Amount_shipped,"(320, 4600, 503, 4807, 16.06)",0.0
Amount_shipped,"(320, 4600, 612, 4678, 16.32)",0.0
Amount_shipped,"(320, 4600, 345, 4695, 23.25)",0.0
Amount_shipped,"(320, 4600, 696, 4535, 23.59)",0.0
Amount_shipped,"(320, 4600, 250, 4682, 28.56)",0.0
Amount_shipped,"(320, 4600, 572, 4680, 30.45)",0.0
Amount_shipped,"(320, 4600, 371, 4764, 52.72)",0.0
Amount_shipped,"(320, 4600, 312, 4747, 62.13)",0.0
Amount_shipped,"(320, 4600, 417, 4874, 76.13)",0.0
Amount_shipped,"(320, 4600, 350, 4738, 111.96)",0.0
Amount_shipped,"(320, 4600, 327, 4722, 125.89)",0.0
Amount_shipped,"(320, 4600, 555, 4937, 127.49)",0.0
Amount_shipped,"(320, 4600, 239, 4765, 151.68)",0.0
Amount_shipped,"(320, 4600, 558, 4583, 208.94)",0.0
Amount_shipped,"(320, 4600, 592, 4773, 272.69)",0.0
Amount_shipped,"(320, 4600, 303, 4682, 594.76)",0.0
Amount_shipped,"(320, 4600, 519, 4618, 758.82)",0.0
Amount_shipped,"(320, 4600, 190, 4740, 907.18)",0.0
Amount_shipped,"(320, 4600, 604, 4955, 907.45)",0.0
Amount_shipped,"(320, 4600, 334, 4799, 1285.48)",0.0
Amount_shipped,"(320, 4600, 402, 4762, 1356.12)",0.0
Amount_shipped,"(320, 4620, 604, 4556, 10.77)",0.0
Amount_shipped,"(320, 4620, 545, 4715, 11.01)",0.0
Amount_shipped,"(320, 4620, 598, 4885, 11.15)",0.0
Amount_shipped,"(320, 4620, 622, 4729, 11.5)",0.0
Amount_shipped,"(320, 4620, 136, 4692, 11.61)",0.0
Amount_shipped,"(320, 4620, 494, 4926, 11.95)",0.0
Amount_shipped,"(320, 4620, 627, 4796, 12.52)",0.0
Amount_shipped,"(320, 4620, 604, 4624, 12.57)",0.0
Amount_shipped,"(320, 4620, 497, 4720, 12.7)",0.0
Amount_shipped,"(320, 4620, 503, 4807, 16.06)",0.0
Amount_shipped,"(320, 4620, 612, 4678, 16.32)",0.0
Amount_shipped,"(320, 4620, 345, 4695, 23.25)",0.0
Amount_shipped,"(320, 4620, 696, 4535, 23.59)",0.0
Amount_shipped,"(320, 4620, 250, 4682, 28.56)",0.0
Amount_shipped,"(320, 4620, 572, 4680, 30.45)",0.0
Amount_shipped,"(320, 4620, 371, 4764, 52.72)",0.0
Amount_shipped,"(320, 4620, 312, 4747, 62.13)",0.0
Amount_shipped,"(320, 4620, 417, 4874, 76.13)",0.0
Amount_shipped,"(320, 4620, 350, 4738, 111.96)",0.0
Amount_shipped,"(320, 4620, 327, 4722, 125.89)",0.0
Amount_shipped,"(320, 4620, 555, 4937, 127.49)",0.0
Amount_shipped,"(320, 4620, 239, 4765, 151.68)",0.0
Amount_shipped,"(320, 4620, 558, 4583, 208.94)",0.0
Amount_shipped,"(320, 4620, 592, 4773, 272.69)",0.0
Amount_shipped,"(320, 4620, 303, 4682, 594.76)",0.0
Amount_shipped,"(320, 4620, 519, 4618, 758.82)",0.0
Amount_shipped,"(320, 4620, 190, 4740, 907.18)",0.0
Amount_shipped,"(320, 4620, 604, 4955, 907.45)",0.0
Amount_shipped,"(320, 4620, 334, 4799, 1285.48)",0.0
Amount_shipped,"(320, 4620, 402, 4762, 1356.12)",0.0
Amount_shipped,"(320, 4640, 604, 4556, 10.77)",0.0
Amount_shipped,"(320, 4640, 545, 4715, 11.01)",0.0
Amount_shipped,"(320, 4640, 598, 4885, 11.15)",0.0
Amount_shipped,"(320, 4640, 622, 4729, 11.5)",0.0
Amount_shipped,"(320, 4640, 136, 4692, 11.61)",0.0
Amount_shipped,"(320, 4640, 494, 4926, 11.95)",0.0
Amount_shipped,"(320, 4640, 627, 4796, 12.52)",0.0
Amount_shipped,"(320, 4640, 604, 4624, 12.57)",0.0
Amount_shipped,"(320, 4640, 497, 4720, 12.7)",0.0
Amount_shipped,"(320, 4640, 503, 4807, 16.06)",0.0
Amount_shipped,"(320, 4640, 612, 4678, 16.32)",0.0
Amount_shipped,"(320, 4640, 345, 4695, 23.25)",0.0
Amount_shipped,"(320, 4640, 696, 4535, 23.59)",0.0
Amount_shipped,"(320, 4640, 250, 4682, 28.56)",0.0
Amount_shipped,"(320, 4640, 572, 4680, 30.45)",0.0
Amount_shipped,"(320, 4640, 371, 4764, 52.72)",0.0
Amount_shipped,"(320, 4640, 312, 4747, 62.13)",0.0
Amount_shipped,"(320, 4640, 417, 4874, 76.13)",0.0
Amount_shipped,"(320, 4640, 350, 4738, 111.96)",0.0
Amount_shipped,"(320, 4640, 327, 4722, 125.89)",0.0
Amount_shipped,"(320, 4640, 555, 4937, 127.49)",0.0
Amount_shipped,"(320, 4640, 239, 4765, 151.68)",0.0
Amount_shipped,"(320, 4640, 558, 4583, 208.94)",0.0
Amount_shipped,"(320, 4640, 592, 4773, 272.69)",0.0
Amount_shipped,"(320, 4640, 303, 4682, 594.76)",0.0
Amount_shipped,"(320, 4640, 519, 4618, 758.82)",0.0
Amount_shipped,"(320, 4640, 190, 4740, 907.18)",0.0
Amount_shipped,"(320, 4640, 604, 4955, 907.45)",0.0
Amount_shipped,"(320, 4640, 334, 4799, 1285.48)",0.0
Amount_shipped,"(320, 4640, 402, 4762, 1356.12)",0.0
Amount_shipped,"(320, 4660, 604, 4556, 10.77)",0.0
Amount_shipped,"(320, 4660, 545, 4715, 11.01)",0.0
Amount_shipped,"(320, 4660, 598, 4885, 11.15)",0.0
Amount_shipped,"(320, 4660, 622, 4729, 11.5)",0.0
Amount_shipped,"(320, 4660, 136, 4692, 11.61)",0.0
Amount_shipped,"(320, 4660, 494, 4926, 11.95)",0.0
Amount_shipped,"(320, 4660, 627, 4796, 12.52)",0.0
Amount_shipped,"(320, 4660, 604, 4624, 12.57)",0.0
Amount_shipped,"(320, 4660, 497, 4720, 12.7)",0.0
Amount_shipped,"(320, 4660, 503, 4807, 16.06)",0.0
Amount_shipped,"(320, 4660, 612, 4678, 16.32)",0.0
Amount_shipped,"(320, 4660, 345, 4695, 23.25)",0.0
Amount_shipped,"(320, 4660, 696, 4535, 23.59)",0.0
Amount_shipped,"(320, 4660, 250, 4682, 28.56)",0.0
Amount_shipped,"(320, 4660, 572, 4680, 30.45)",0.0
Amount_shipped,"(320, 4660, 371, 4764, 52.72)",0.0
Amount_shipped,"(320, 4660, 312, 4747, 62.13)",0.0
Amount_shipped,"(320, 4660, 417, 4874, 76.13)",0.0
Amount_shipped,"(320, 4660, 350, 4738, 111.96)",0.0
Amount_shipped,"(320, 4660, 327, 4722, 125.89)",0.0
Amount_shipped,"(320, 4660, 555, 4937, 127.49)",0.0
Amount_shipped,"(320, 4660, 239, 4765, 151.68)",0.0
Amount_shipped,"(320, 4660, 558, 4583, 208.94)",0.0
Amount_shipped,"(320, 4660, 592, 4773, 272.69)",0.0
Amount_shipped,"(320, 4660, 303, 4682, 594.76)",0.0
Amount_shipped,"(320, 4660, 519, 4618, 758.82)",0.0
Amount_shipped,"(320, 4660, 190, 4740, 907.18)",0.0
Amount_shipped,"(320, 4660, 604, 4955, 907.45)",0.0
Amount_shipped,"(320, 4660, 334, 4799, 1285.48)",0.0
Amount_shipped,"(320, 4660, 402, 4762, 1356.12)",0.0
Amount_shipped,"(320, 4680, 604, 4556, 10.77)",0.0
Amount_shipped,"(320, 4680, 545, 4715, 11.01)",0.0
Amount_shipped,"(320, 4680, 598, 4885, 11.15)",0.0
Amount_shipped,"(320, 4680, 622, 4729, 11.5)",0.0
Amount_shipped,"(320, 4680, 136, 4692, 11.61)",0.0
Amount_shipped,"(320, 4680, 494, 4926, 11.95)",0.0
Amount_shipped,"(320, 4680, 627, 4796, 12.52)",0.0
Amount_shipped,"(320, 4680, 604, 4624, 12.57)",0.0
Amount_shipped,"(320, 4680, 497, 4720, 12.7)",0.0
Amount_shipped,"(320, 4680, 503, 4807, 16.06)",0.0
Amount_shipped,"(320, 4680, 612, 4678, 16.32)",0.0
Amount_shipped,"(320, 4680, 345, 4695, 23.25)",0.0
Amount_shipped,"(320, 4680, 696, 4535, 23.59)",0.0
Amount_shipped,"(320, 4680, 250, 4682, 28.56)",0.0
Amount_shipped,"(320, 4680, 572, 4680, 30.45)",0.0
Amount_shipped,"(320, 4680, 371, 4764, 52.72)",0.0
Amount_shipped,"(320, 4680, 312, 4747, 62.13)",0.0
Amount_shipped,"(320, 4680, 417, 4874, 76.13)",0.0
Amount_shipped,"(320, 4680, 350, 4738, 111.96)",0.0
Amount_shipped,"(320, 4680, 327, 4722, 125.89)",0.0
Amount_shipped,"(320, 4680, 555, 4937, 127.49)",0.0
Amount_shipped,"(320, 4680, 239, 4765, 151.68)",0.0
Amount_shipped,"(320, 4680, 558, 4583, 208.94)",0.0
Amount_shipped,"(320, 4680, 592, 4773, 272.69)",0.0
Amount_shipped,"(320, 4680, 303, 4682, 594.76)",0.0
Amount_shipped,"(320, 4680, 519, 4618, 758.82)",0.0
Amount_shipped,"(320, 4680, 190, 4740, 907.18)",0.0
Amount_shipped,"(320, 4680, 604, 4955, 907.45)",0.0
Amount_shipped,"(320, 4680, 334, 4799, 1285.48)",0.0
Amount_shipped,"(320, 4680, 402, 4762, 1356.12)",0.0
Amount_shipped,"(320, 4700, 604, 4556, 10.77)",0.0
Amount_shipped,"(320, 4700, 545, 4715, 11.01)",0.0
Amount_shipped,"(320, 4700, 598, 4885, 11.15)",0.0
Amount_shipped,"(320, 4700, 622, 4729, 11.5)",0.0
Amount_shipped,"(320, 4700, 136, 4692, 11.61)",0.0
Amount_shipped,"(320, 4700, 494, 4926, 11.95)",0.0
Amount_shipped,"(320, 4700, 627, 4796, 12.52)",0.0
Amount_shipped,"(320, 4700, 604, 4624, 12.57)",0.0
Amount_shipped,"(320, 4700, 497, 4720, 12.7)",0.0
Amount_shipped,"(320, 4700, 503, 4807, 16.06)",0.0
Amount_shipped,"(320, 4700, 612, 4678, 16.32)",0.0
Amount_shipped,"(320, 4700, 345, 4695, 23.25)",0.0
Amount_shipped,"(320, 4700, 696, 4535, 23.59)",0.0
Amount_shipped,"(320, 4700, 250, 4682, 28.56)",0.0
Amount_shipped,"(320, 4700, 572, 4680, 30.45)",0.0
Amount_shipped,"(320, 4700, 371, 4764, 52.72)",0.0
Amount_shipped,"(320, 4700, 312, 4747, 62.13)",0.0
Amount_shipped,"(320, 4700, 417, 4874, 76.13)",0.0
Amount_shipped,"(320, 4700, 350, 4738, 111.96)",0.0
Amount_shipped,"(320, 4700, 327, 4722, 125.89)",0.0
Amount_shipped,"(320, 4700, 555, 4937, 127.49)",0.0
Amount_shipped,"(320, 4700, 239, 4765, 151.68)",0.0
Amount_shipped,"(320, 4700, 558, 4583, 208.94)",0.0
Amount_shipped,"(320, 4700, 592, 4773, 272.69)",0.0
Amount_shipped,"(320, 4700, 303, 4682, 594.76)",0.0
Amount_shipped,"(320, 4700, 519, 4618, 758.82)",0.0
Amount_shipped,"(320, 4700, 190, 4740, 907.18)",0.0
Amount_shipped,"(320, 4700, 604, 4955, 907.45)",0.0
Amount_shipped,"(320, 4700, 334, 4799, 1285.48)",0.0
Amount_shipped,"(320, 4700, 402, 4762, 1356.12)",0.0
Amount_shipped,"(320, 4720, 604, 4556, 10.77)",0.0
Amount_shipped,"(320, 4720, 545, 4715, 11.01)",0.0
Amount_shipped,"(320, 4720, 598, 4885, 11.15)",0.0
Amount_shipped,"(320, 4720, 622, 4729, 11.5)",0.0
Amount_shipped,"(320, 4720, 136, 4692, 11.61)",0.0
Amount_shipped,"(320, 4720, 494, 4926, 11.95)",0.0
Amount_shipped,"(320, 4720, 627, 4796, 12.52)",0.0
Amount_shipped,"(320, 4720, 604, 4624, 12.57)",0.0
Amount_shipped,"(320, 4720, 497, 4720, 12.7)",0.0
Amount_shipped,"(320, 4720, 503, 4807, 16.06)",0.0
Amount_shipped,"(320, 4720, 612, 4678, 16.32)",0.0
Amount_shipped,"(320, 4720, 345, 4695, 23.25)",0.0
Amount_shipped,"(320, 4720, 696, 4535, 23.59)",0.0
Amount_shipped,"(320, 4720, 250, 4682, 28.56)",0.0
Amount_shipped,"(320, 4720, 572, 4680, 30.45)",0.0
Amount_shipped,"(320, 4720, 371, 4764, 52.72)",0.0
Amount_shipped,"(320, 4720, 312, 4747, 62.13)",0.0
Amount_shipped,"(320, 4720, 417, 4874, 76.13)",0.0
Amount_shipped,"(320, 4720, 350, 4738, 111.96)",0.0
Amount_shipped,"(320, 4720, 327, 4722, 125.89)",0.0
Amount_shipped,"(320, 4720, 555, 4937, 127.49)",0.0
Amount_shipped,"(320, 4720, 239, 4765, 151.68)",0.0
Amount_shipped,"(320, 4720, 558, 4583, 208.94)",0.0
Amount_shipped,"(320, 4720, 592, 4773, 272.69)",0.0
Amount_shipped,"(320, 4720, 303, 4682, 594.76)",0.0
Amount_shipped,"(320, 4720, 519, 4618, 758.82)",0.0
Amount_shipped,"(320, 4720, 190, 4740, 907.18)",0.0
Amount_shipped,"(320, 4720, 604, 4955, 907.45)",0.0
Amount_shipped,"(320, 4720, 334, 4799, 1285.48)",0.0
Amount_shipped,"(320, 4720, 402, 4762, 1356.12)",0.0
Amount_shipped,"(320, 4740, 604, 4556, 10.77)",0.0
Amount_shipped,"(320, 4740, 545, 4715, 11.01)",0.0
Amount_shipped,"(320, 4740, 598, 4885, 11.15)",0.0
Amount_shipped,"(320, 4740, 622, 4729, 11.5)",0.0
Amount_shipped,"(320, 4740, 136, 4692, 11.61)",0.0
Amount_shipped,"(320, 4740, 494, 4926, 11.95)",0.0
Amount_shipped,"(320, 4740, 627, 4796, 12.52)",0.0
Amount_shipped,"(320, 4740, 604, 4624, 12.57)",0.0
Amount_shipped,"(320, 4740, 497, 4720, 12.7)",0.0
Amount_shipped,"(320, 4740, 503, 4807, 16.06)",0.0
Amount_shipped,"(320, 4740, 612, 4678, 16.32)",0.0
Amount_shipped,"(320, 4740, 345, 4695, 23.25)",0.0
Amount_shipped,"(320, 4740, 696, 4535, 23.59)",0.0
Amount_shipped,"(320, 4740, 250, 4682, 28.56)",0.0
Amount_shipped,"(320, 4740, 572, 4680, 30.45)",0.0
Amount_shipped,"(320, 4740, 371, 4764, 52.72)",0.0
Amount_shipped,"(320, 4740, 312, 4747, 62.13)",0.0
Amount_shipped,"(320, 4740, 417, 4874, 76.13)",0.0
Amount_shipped,"(320, 4740, 350, 4738, 111.96)",0.0
Amount_shipped,"(320, 4740, 327, 4722, 125.89)",0.0
Amount_shipped,"(320, 4740, 555, 4937, 127.49)",0.0
Amount_shipped,"(320, 4740, 239, 4765, 151.68)",0.0
Amount_shipped,"(320, 4740, 558, 4583, 208.94)",0.0
Amount_shipped,"(320, 4740, 592, 4773, 272.69)",0.0
Amount_shipped,"(320, 4740, 303, 4682, 594.76)",0.0
Amount_shipped,"(320, 4740, 519, 4618, 758.82)",0.0
Amount_shipped,"(320, 4740, 190, 4740, 907.18)",0.0
Amount_shipped,"(320, 4740, 604, 4955, 907.45)",0.0
Amount_shipped,"(320, 4740, 334, 4799, 1285.48)",0.0
Amount_shipped,"(320, 4740, 402, 4762, 1356.12)",0.0
Amount_shipped,"(320, 4760, 604, 4556, 10.77)",0.0
Amount_shipped,"(320, 4760, 545, 4715, 11.01)",0.0
Amount_shipped,"(320, 4760, 598, 4885, 11.15)",0.0
Amount_shipped,"(320, 4760, 622, 4729, 11.5)",0.0
Amount_shipped,"(320, 4760, 136, 4692, 11.61)",0.0
Amount_shipped,"(320, 4760, 494, 4926, 11.95)",0.0
Amount_shipped,"(320, 4760, 627, 4796, 12.52)",0.0
Amount_shipped,"(320, 4760, 604, 4624, 12.57)",0.0
Amount_shipped,"(320, 4760, 497, 4720, 12.7)",0.0
Amount_shipped,"(320, 4760, 503, 4807, 16.06)",0.0
Amount_shipped,"(320, 4760, 612, 4678, 16.32)",0.0
Amount_shipped,"(320, 4760, 345, 4695, 23.25)",0.0
Amount_shipped,"(320, 4760, 696, 4535, 23.59)",0.0
Amount_shipped,"(320, 4760, 250, 4682, 28.56)",0.0
Amount_shipped,"(320, 4760, 572, 4680, 30.45)",0.0
Amount_shipped,"(320, 4760, 371, 4764, 52.72)",0.0
Amount_shipped,"(320, 4760, 312, 4747, 62.13)",0.0
Amount_shipped,"(320, 4760, 417, 4874, 76.13)",0.0
Amount_shipped,"(320, 4760, 350, 4738, 111.96)",0.0
Amount_shipped,"(320, 4760, 327, 4722, 125.89)",0.0
Amount_shipped,"(320, 4760, 555, 4937, 127.49)",0.0
Amount_shipped,"(320, 4760, 239, 4765, 151.68)",0.0
Amount_shipped,"(320, 4760, 558, 4583, 208.94)",0.0
Amount_shipped,"(320, 4760, 592, 4773, 272.69)",0.0
Amount_shipped,"(320, 4760, 303, 4682, 594.76)",0.0
Amount_shipped,"(320, 4760, 519, 4618, 758.82)",0.0
Amount_shipped,"(320, 4760, 190, 4740, 907.18)",0.0
Amount_shipped,"(320, 4760, 604, 4955, 907.45)",0.0
Amount_shipped,"(320, 4760, 334, 4799, 1285.48)",0.0
Amount_shipped,"(320, 4760, 402, 4762, 1356.12)",0.0
Amount_shipped,"(320, 4780, 604, 4556, 10.77)",0.0
Amount_shipped,"(320, 4780, 545, 4715, 11.01)",0.0
Amount_shipped,"(320, 4780, 598, 4885, 11.15)",0.0
Amount_shipped,"(320, 4780, 622, 4729, 11.5)",0.0
Amount_shipped,"(320, 4780, 136, 4692, 11.61)",0.0
Amount_shipped,"(320, 4780, 494, 4926, 11.95)",0.0
Amount_shipped,"(320, 4780, 627, 4796, 12.52)",0.0
Amount_shipped,"(320, 4780, 604, 4624, 12.57)",0.0
Amount_shipped,"(320, 4780, 497, 4720, 12.7)",0.0
Amount_shipped,"(320, 4780, 503, 4807, 16.06)",0.0
Amount_shipped,"(320, 4780, 612, 4678, 16.32)",0.0
Amount_shipped,"(320, 4780, 345, 4695, 23.25)",0.0
Amount_shipped,"(320, 4780, 696, 4535, 23.59)",0.0
Amount_shipped,"(320, 4780, 250, 4682, 28.56)",0.0
Amount_shipped,"(320, 4780, 572, 4680, 30.45)",0.0
Amount_shipped,"(320, 4780, 371, 4764, 52.72)",0.0
Amount_shipped,"(320, 4780, 312, 4747, 62.13)",0.0
Amount_shipped,"(320, 4780, 417, 4874, 76.13)",0.0
Amount_shipped,"(320, 4780, 350, 4738, 111.96)",0.0
Amount_shipped,"(320, 4780, 327, 4722, 125.89)",0.0
Amount_shipped,"(320, 4780, 555, 4937, 127.49)",0.0
Amount_shipped,"(320, 4780, 239, 4765, 151.68)",0.0
Amount_shipped,"(320, 4780, 558, 4583, 208.94)",0.0
Amount_shipped,"(320, 4780, 592, 4773, 272.69)",0.0
Amount_shipped,"(320, 4780, 303, 4682, 594.76)",0.0
Amount_shipped,"(320, 4780, 519, 4618, 758.82)",0.0
Amount_shipped,"(320, 4780, 190, 4740, 907.18)",0.0
Amount_shipped,"(320, 4780, 604, 4955, 907.45)",0.0
Amount_shipped,"(320, 4780, 334, 4799, 1285.48)",0.0
Amount_shipped,"(320, 4780, 402, 4762, 1356.12)",0.0
Amount_shipped,"(320, 4800, 604, 4556, 10.77)",0.0
Amount_shipped,"(320, 4800, 545, 4715, 11.01)",0.0
Amount_shipped,"(320, 4800, 598, 4885, 11.15)",0.0
Amount_shipped,"(320, 4800, 622, 4729, 11.5)",0.0
Amount_shipped,"(320, 4800, 136, 4692, 11.61)",0.0
Amount_shipped,"(320, 4800, 494, 4926, 11.95)",0.0
Amount_shipped,"(320, 4800, 627, 4796, 12.52)",0.0
Amount_shipped,"(320, 4800, 604, 4624, 12.57)",0.0
Amount_shipped,"(320, 4800, 497, 4720, 12.7)",0.0
Amount_shipped,"(320, 4800, 503, 4807, 16.06)",0.0
Amount_shipped,"(320, 4800, 612, 4678, 16.32)",0.0
Amount_shipped,"(320, 4800, 345, 4695, 23.25)",0.0
Amount_shipped,"(320, 4800, 696, 4535, 23.59)",0.0
Amount_shipped,"(320, 4800, 250, 4682, 28.56)",0.0
Amount_shipped,"(320, 4800, 572, 4680, 30.45)",0.0
Amount_shipped,"(320, 4800, 371, 4764, 52.72)",0.0
Amount_shipped,"(320, 4800, 312, 4747, 62.13)",0.0
Amount_shipped,"(320, 4800, 417, 4874, 76.13)",0.0
Amount_shipped,"(320, 4800, 350, 4738, 111.96)",0.0
Amount_shipped,"(320, 4800, 327, 4722, 125.89)",0.0
Amount_shipped,"(320, 4800, 555, 4937, 127.49)",0.0
Amount_shipped,"(320, 4800, 239, 4765, 151.68)",0.0
Amount_shipped,"(320, 4800, 558, 4583, 208.94)",0.0
Amount_shipped,"(320, 4800, 592, 4773, 272.69)",0.0
Amount_shipped,"(320, 4800, 303, 4682, 594.76)",0.0
Amount_shipped,"(320, 4800, 519, 4618, 758.82)",0.0
Amount_shipped,"(320, 4800, 190, 4740, 907.18)",0.0
Amount_shipped,"(320, 4800, 604, 4955, 907.45)",0.0
Amount_shipped,"(320, 4800, 334, 4799, 1285.48)",0.0
Amount_shipped,"(320, 4800, 402, 4762, 1356.12)",0.0
Amount_shipped,"(320, 4820, 604, 4556, 10.77)",0.0
Amount_shipped,"(320, 4820, 545, 4715, 11.01)",0.0
Amount_shipped,"(320, 4820, 598, 4885, 11.15)",0.0
Amount_shipped,"(320, 4820, 622, 4729, 11.5)",0.0
Amount_shipped,"(320, 4820, 136, 4692, 11.61)",0.0
Amount_shipped,"(320, 4820, 494, 4926, 11.95)",0.0
Amount_shipped,"(320, 4820, 627, 4796, 12.52)",0.0
Amount_shipped,"(320, 4820, 604, 4624, 12.57)",0.0
Amount_shipped,"(320, 4820, 497, 4720, 12.7)",0.0
Amount_shipped,"(320, 4820, 503, 4807, 16.06)",0.0
Amount_shipped,"(320, 4820, 612, 4678, 16.32)",0.0
Amount_shipped,"(320, 4820, 345, 4695, 23.25)",0.0
Amount_shipped,"(320, 4820, 696, 4535, 23.59)",0.0
Amount_shipped,"(320, 4820, 250, 4682, 28.56)",0.0
Amount_shipped,"(320, 4820, 572, 4680, 30.45)",0.0
Amount_shipped,"(320, 4820, 371, 4764, 52.72)",0.0
Amount_shipped,"(320, 4820, 312, 4747, 62.13)",0.0
Amount_shipped,"(320, 4820, 417, 4874, 76.13)",0.0
Amount_shipped,"(320, 4820, 350, 4738, 111.96)",0.0
Amount_shipped,"(320, 4820, 327, 4722, 125.89)",0.0
Amount_shipped,"(320, 4820, 555, 4937, 127.49)",0.0
Amount_shipped,"(320, 4820, 239, 4765, 151.68)",0.0
Amount_shipped,"(320, 4820, 558, 4583, 208.94)",0.0
Amount_shipped,"(320, 4820, 592, 4773, 272.69)",0.0
Amount_shipped,"(320, 4820, 303, 4682, 594.76)",0.0
Amount_shipped,"(320, 4820, 519, 4618, 758.82)",0.0
Amount_shipped,"(320, 4820, 190, 4740, 907.18)",0.0
Amount_shipped,"(320, 4820, 604, 4955, 907.45)",0.0
Amount_shipped,"(320, 4820, 334, 4799, 1285.48)",0.0
Amount_shipped,"(320, 4820, 402, 4762, 1356.12)",0.0
Amount_shipped,"(320, 4840, 604, 4556, 10.77)",0.0
Amount_shipped,"(320, 4840, 545, 4715, 11.01)",0.0
Amount_shipped,"(320, 4840, 598, 4885, 11.15)",0.0
Amount_shipped,"(320, 4840, 622, 4729, 11.5)",0.0
Amount_shipped,"(320, 4840, 136, 4692, 11.61)",0.0
Amount_shipped,"(320, 4840, 494, 4926, 11.95)",0.0
Amount_shipped,"(320, 4840, 627, 4796, 12.52)",0.0
Amount_shipped,"(320, 4840, 604, 4624, 12.57)",0.0
Amount_shipped,"(320, 4840, 497, 4720, 12.7)",0.0
Amount_shipped,"(320, 4840, 503, 4807, 16.06)",0.0
Amount_shipped,"(320, 4840, 612, 4678, 16.32)",0.0
Amount_shipped,"(320, 4840, 345, 4695, 23.25)",0.0
Amount_shipped,"(320, 4840, 696, 4535, 23.59)",0.0
Amount_shipped,"(320, 4840, 250, 4682, 28.56)",0.0
Amount_shipped,"(320, 4840, 572, 4680, 30.45)",0.0
Amount_shipped,"(320, 4840, 371, 4764, 52.72)",0.0
Amount_shipped,"(320, 4840, 312, 4747, 62.13)",0.0
Amount_shipped,"(320, 4840, 417, 4874, 76.13)",0.0
Amount_shipped,"(320, 4840, 350, 4738, 111.96)",0.0
Amount_shipped,"(320, 4840, 327, 4722, 125.89)",0.0
Amount_shipped,"(320, 4840, 555, 4937, 127.49)",0.0
Amount_shipped,"(320, 4840, 239, 4765, 151.68)",0.0
Amount_shipped,"(320, 4840, 558, 4583, 208.94)",0.0
Amount_shipped,"(320, 4840, 592, 4773, 272.69)",0.0
Amount_shipped,"(320, 4840, 303, 4682, 594.76)",0.0
Amount_shipped,"(320, 4840, 519, 4618, 758.82)",0.0
Amount_shipped,"(320, 4840, 190, 4740, 907.18)",0.0
Amount_shipped,"(320, 4840, 604, 4955, 907.45)",0.0
Amount_shipped,"(320, 4840, 334, 4799, 1285.48)",0.0
Amount_shipped,"(320, 4840, 402, 4762, 1356.12)",0.0
Amount_shipped,"(320, 4860, 604, 4556, 10.77)",0.0
Amount_shipped,"(320, 4860, 545, 4715, 11.01)",0.0
Amount_shipped,"(320, 4860, 598, 4885, 11.15)",0.0
Amount_shipped,"(320, 4860, 622, 4729, 11.5)",0.0
Amount_shipped,"(320, 4860, 136, 4692, 11.61)",0.0
Amount_shipped,"(320, 4860, 494, 4926, 11.95)",0.0
Amount_shipped,"(320, 4860, 627, 4796, 12.52)",0.0
Amount_shipped,"(320, 4860, 604, 4624, 12.57)",0.0
Amount_shipped,"(320, 4860, 497, 4720, 12.7)",0.0
Amount_shipped,"(320, 4860, 503, 4807, 16.06)",0.0
Amount_shipped,"(320, 4860, 612, 4678, 16.32)",0.0
Amount_shipped,"(320, 4860, 345, 4695, 23.25)",0.0
Amount_shipped,"(320, 4860, 696, 4535, 23.59)",0.0
Amount_shipped,"(320, 4860, 250, 4682, 28.56)",0.0
Amount_shipped,"(320, 4860, 572, 4680, 30.45)",0.0
Amount_shipped,"(320, 4860, 371, 4764, 52.72)",0.0
Amount_shipped,"(320, 4860, 312, 4747, 62.13)",0.0
Amount_shipped,"(320, 4860, 417, 4874, 76.13)",0.0
Amount_shipped,"(320, 4860, 350, 4738, 111.96)",0.0
Amount_shipped,"(320, 4860, 327, 4722, 125.89)",0.0
Amount_shipped,"(320, 4860, 555, 4937, 127.49)",0.0
Amount_shipped,"(320, 4860, 239, 4765, 151.68)",0.0
Amount_shipped,"(320, 4860, 558, 4583, 208.94)",0.0
Amount_shipped,"(320, 4860, 592, 4773, 272.69)",0.0
Amount_shipped,"(320, 4860, 303, 4682, 594.76)",0.0
Amount_shipped,"(320, 4860, 519, 4618, 758.82)",0.0
Amount_shipped,"(320, 4860, 190, 4740, 907.18)",0.0
Amount_shipped,"(320, 4860, 604, 4955, 907.45)",0.0
Amount_shipped,"(320, 4860, 334, 4799, 1285.48)",0.0
Amount_shipped,"(320, 4860, 402, 4762, 1356.12)",0.0
Amount_shipped,"(320, 4880, 604, 4556, 10.77)",0.0
Amount_shipped,"(320, 4880, 545, 4715, 11.01)",0.0
Amount_shipped,"(320, 4880, 598, 4885, 11.15)",0.0
Amount_shipped,"(320, 4880, 622, 4729, 11.5)",0.0
Amount_shipped,"(320, 4880, 136, 4692, 11.61)",0.0
Amount_shipped,"(320, 4880, 494, 4926, 11.95)",0.0
Amount_shipped,"(320, 4880, 627, 4796, 12.52)",0.0
Amount_shipped,"(320, 4880, 604, 4624, 12.57)",0.0
Amount_shipped,"(320, 4880, 497, 4720, 12.7)",0.0
Amount_shipped,"(320, 4880, 503, 4807, 16.06)",0.0
Amount_shipped,"(320, 4880, 612, 4678, 16.32)",0.0
Amount_shipped,"(320, 4880, 345, 4695, 23.25)",0.0
Amount_shipped,"(320, 4880, 696, 4535, 23.59)",0.0
Amount_shipped,"(320, 4880, 250, 4682, 28.56)",0.0
Amount_shipped,"(320, 4880, 572, 4680, 30.45)",0.0
Amount_shipped,"(320, 4880, 371, 4764, 52.72)",0.0
Amount_shipped,"(320, 4880, 312, 4747, 62.13)",0.0
Amount_shipped,"(320, 4880, 417, 4874, 76.13)",0.0
Amount_shipped,"(320, 4880, 350, 4738, 111.96)",0.0
Amount_shipped,"(320, 4880, 327, 4722, 125.89)",0.0
Amount_shipped,"(320, 4880, 555, 4937, 127.49)",0.0
Amount_shipped,"(320, 4880, 239, 4765, 151.68)",0.0
Amount_shipped,"(320, 4880, 558, 4583, 208.94)",0.0
Amount_shipped,"(320, 4880, 592, 4773, 272.69)",0.0
Amount_shipped,"(320, 4880, 303, 4682, 594.76)",0.0
Amount_shipped,"(320, 4880, 519, 4618, 758.82)",0.0
Amount_shipped,"(320, 4880, 190, 4740, 907.18)",0.0
Amount_shipped,"(320, 4880, 604, 4955, 907.45)",0.0
Amount_shipped,"(320, 4880, 334, 4799, 1285.48)",0.0
Amount_shipped,"(320, 4880, 402, 4762, 1356.12)",0.0
Amount_shipped,"(320, 4900, 604, 4556, 10.77)",0.0
Amount_shipped,"(320, 4900, 545, 4715, 11.01)",0.0
Amount_shipped,"(320, 4900, 598, 4885, 11.15)",0.0
Amount_shipped,"(320, 4900, 622, 4729, 11.5)",0.0
Amount_shipped,"(320, 4900, 136, 4692, 11.61)",0.0
Amount_shipped,"(320, 4900, 494, 4926, 11.95)",0.0
Amount_shipped,"(320, 4900, 627, 4796, 12.52)",0.0
Amount_shipped,"(320, 4900, 604, 4624, 12.57)",0.0
Amount_shipped,"(320, 4900, 497, 4720, 12.7)",0.0
Amount_shipped,"(320, 4900, 503, 4807, 16.06)",0.0
Amount_shipped,"(320, 4900, 612, 4678, 16.32)",0.0
Amount_shipped,"(320, 4900, 345, 4695, 23.25)",0.0
Amount_shipped,"(320, 4900, 696, 4535, 23.59)",0.0
Amount_shipped,"(320, 4900, 250, 4682, 28.56)",0.0
Amount_shipped,"(320, 4900, 572, 4680, 30.45)",0.0
Amount_shipped,"(320, 4900, 371, 4764, 52.72)",0.0
Amount_shipped,"(320, 4900, 312, 4747, 62.13)",0.0
Amount_shipped,"(320, 4900, 417, 4874, 76.13)",0.0
Amount_shipped,"(320, 4900, 350, 4738, 111.96)",0.0
Amount_shipped,"(320, 4900, 327, 4722, 125.89)",0.0
Amount_shipped,"(320, 4900, 555, 4937, 127.49)",0.0
Amount_shipped,"(320, 4900, 239, 4765, 151.68)",0.0
Amount_shipped,"(320, 4900, 558, 4583, 208.94)",0.0
Amount_shipped,"(320, 4900, 592, 4773, 272.69)",0.0
Amount_shipped,"(320, 4900, 303, 4682, 594.76)",0.0
Amount_shipped,"(320, 4900, 519, 4618, 758.82)",0.0
Amount_shipped,"(320, 4900, 190, 4740, 907.18)",0.0
Amount_shipped,"(320, 4900, 604, 4955, 907.45)",0.0
Amount_shipped,"(320, 4900, 334, 4799, 1285.48)",0.0
Amount_shipped,"(320, 4900, 402, 4762, 1356.12)",0.0
Amount_shipped,"(320, 4920, 604, 4556, 10.77)",0.0
Amount_shipped,"(320, 4920, 545, 4715, 11.01)",0.0
Amount_shipped,"(320, 4920, 598, 4885, 11.15)",0.0
Amount_shipped,"(320, 4920, 622, 4729, 11.5)",0.0
Amount_shipped,"(320, 4920, 136, 4692, 11.61)",0.0
Amount_shipped,"(320, 4920, 494, 4926, 11.95)",0.0
Amount_shipped,"(320, 4920, 627, 4796, 12.52)",0.0
Amount_shipped,"(320, 4920, 604, 4624, 12.57)",0.0
Amount_shipped,"(320, 4920, 497, 4720, 12.7)",0.0
Amount_shipped,"(320, 4920, 503, 4807, 16.06)",0.0
Amount_shipped,"(320, 4920, 612, 4678, 16.32)",0.0
Amount_shipped,"(320, 4920, 345, 4695, 23.25)",0.0
Amount_shipped,"(320, 4920, 696, 4535, 23.59)",0.0
Amount_shipped,"(320, 4920, 250, 4682, 28.56)",0.0
Amount_shipped,"(320, 4920, 572, 4680, 30.45)",0.0
Amount_shipped,"(320, 4920, 371, 4764, 52.72)",0.0
Amount_shipped,"(320, 4920, 312, 4747, 62.13)",0.0
Amount_shipped,"(320, 4920, 417, 4874, 76.13)",0.0
Amount_shipped,"(320, 4920, 350, 4738, 111.96)",0.0
Amount_shipped,"(320, 4920, 327, 4722, 125.89)",0.0
Amount_shipped,"(320, 4920, 555, 4937, 127.49)",0.0
Amount_shipped,"(320, 4920, 239, 4765, 151.68)",0.0
Amount_shipped,"(320, 4920, 558, 4583, 208.94)",0.0
Amount_shipped,"(320, 4920, 592, 4773, 272.69)",0.0
Amount_shipped,"(320, 4920, 303, 4682, 594.76)",0.0
Amount_shipped,"(320, 4920, 519, 4618, 758.82)",0.0
Amount_shipped,"(320, 4920, 190, 4740, 907.18)",0.0
Amount_shipped,"(320, 4920, 604, 4955, 907.45)",0.0
Amount_shipped,"(320, 4920, 334, 4799, 1285.48)",0.0
Amount_shipped,"(320, 4920, 402, 4762, 1356.12)",0.0
Amount_shipped,"(320, 4940, 604, 4556, 10.77)",0.0
Amount_shipped,"(320, 4940, 545, 4715, 11.01)",0.0
Amount_shipped,"(320, 4940, 598, 4885, 11.15)",0.0
Amount_shipped,"(320, 4940, 622, 4729, 11.5)",0.0
Amount_shipped,"(320, 4940, 136, 4692, 11.61)",0.0
Amount_shipped,"(320, 4940, 494, 4926, 11.95)",0.0
Amount_shipped,"(320, 4940, 627, 4796, 12.52)",0.0
Amount_shipped,"(320, 4940, 604, 4624, 12.57)",0.0
Amount_shipped,"(320, 4940, 497, 4720, 12.7)",0.0
Amount_shipped,"(320, 4940, 503, 4807, 16.06)",0.0
Amount_shipped,"(320, 4940, 612, 4678, 16.32)",0.0
Amount_shipped,"(320, 4940, 345, 4695, 23.25)",0.0
Amount_shipped,"(320, 4940, 696, 4535, 23.59)",0.0
Amount_shipped,"(320, 4940, 250, 4682, 28.56)",0.0
Amount_shipped,"(320, 4940, 572, 4680, 30.45)",0.0
Amount_shipped,"(320, 4940, 371, 4764, 52.72)",0.0
Amount_shipped,"(320, 4940, 312, 4747, 62.13)",0.0
Amount_shipped,"(320, 4940, 417, 4874, 76.13)",0.0
Amount_shipped,"(320, 4940, 350, 4738, 111.96)",0.0
Amount_shipped,"(320, 4940, 327, 4722, 125.89)",0.0
Amount_shipped,"(320, 4940, 555, 4937, 127.49)",0.0
Amount_shipped,"(320, 4940, 239, 4765, 151.68)",0.0
Amount_shipped,"(320, 4940, 558, 4583, 208.94)",0.0
Amount_shipped,"(320, 4940, 592, 4773, 272.69)",0.0
Amount_shipped,"(320, 4940, 303, 4682, 594.76)",0.0
Amount_shipped,"(320, 4940, 519, 4618, 758.82)",0.0
Amount_shipped,"(320, 4940, 190, 4740, 907.18)",0.0
Amount_shipped,"(320, 4940, 604, 4955, 907.45)",0.0
Amount_shipped,"(320, 4940, 334, 4799, 1285.48)",0.0
Amount_shipped,"(320, 4940, 402, 4762, 1356.12)",0.0
Amount_shipped,"(320, 4960, 604, 4556, 10.77)",0.0
Amount_shipped,"(320, 4960, 545, 4715, 11.01)",0.0
Amount_shipped,"(320, 4960, 598, 4885, 11.15)",0.0
Amount_shipped,"(320, 4960, 622, 4729, 11.5)",0.0
Amount_shipped,"(320, 4960, 136, 4692, 11.61)",0.0
Amount_shipped,"(320, 4960, 494, 4926, 11.95)",0.0
Amount_shipped,"(320, 4960, 627, 4796, 12.52)",0.0
Amount_shipped,"(320, 4960, 604, 4624, 12.57)",0.0
Amount_shipped,"(320, 4960, 497, 4720, 12.7)",0.0
Amount_shipped,"(320, 4960, 503, 4807, 16.06)",0.0
Amount_shipped,"(320, 4960, 612, 4678, 16.32)",0.0
Amount_shipped,"(320, 4960, 345, 4695, 23.25)",0.0
Amount_shipped,"(320, 4960, 696, 4535, 23.59)",0.0
Amount_shipped,"(320, 4960, 250, 4682, 28.56)",0.0
Amount_shipped,"(320, 4960, 572, 4680, 30.45)",0.0
Amount_shipped,"(320, 4960, 371, 4764, 52.72)",0.0
Amount_shipped,"(320, 4960, 312, 4747, 62.13)",0.0
Amount_shipped,"(320, 4960, 417, 4874, 76.13)",0.0
Amount_shipped,"(320, 4960, 350, 4738, 111.96)",0.0
Amount_shipped,"(320, 4960, 327, 4722, 125.89)",0.0
Amount_shipped,"(320, 4960, 555, 4937, 127.49)",0.0
Amount_shipped,"(320, 4960, 239, 4765, 151.68)",0.0
Amount_shipped,"(320, 4960, 558, 4583, 208.94)",0.0
Amount_shipped,"(320, 4960, 592, 4773, 272.69)",0.0
Amount_shipped,"(320, 4960, 303, 4682, 594.76)",0.0
Amount_shipped,"(320, 4960, 519, 4618, 758.82)",0.0
Amount_shipped,"(320, 4960, 190, 4740, 907.18)",0.0
Amount_shipped,"(320, 4960, 604, 4955, 907.45)",0.0
Amount_shipped,"(320, 4960, 334, 4799, 1285.48)",0.0
Amount_shipped,"(320, 4960, 402, 4762, 1356.12)",0.0
Amount_shipped,"(320, 4980, 604, 4556, 10.77)",0.0
Amount_shipped,"(320, 4980, 545, 4715, 11.01)",0.0
Amount_shipped,"(320, 4980, 598, 4885, 11.15)",0.0
Amount_shipped,"(320, 4980, 622, 4729, 11.5)",0.0
Amount_shipped,"(320, 4980, 136, 4692, 11.61)",0.0
Amount_shipped,"(320, 4980, 494, 4926, 11.95)",0.0
Amount_shipped,"(320, 4980, 627, 4796, 12.52)",0.0
Amount_shipped,"(320, 4980, 604, 4624, 12.57)",0.0
Amount_shipped,"(320, 4980, 497, 4720, 12.7)",0.0
Amount_shipped,"(320, 4980, 503, 4807, 16.06)",0.0
Amount_shipped,"(320, 4980, 612, 4678, 16.32)",0.0
Amount_shipped,"(320, 4980, 345, 4695, 23.25)",0.0
Amount_shipped,"(320, 4980, 696, 4535, 23.59)",0.0
Amount_shipped,"(320, 4980, 250, 4682, 28.56)",0.0
Amount_shipped,"(320, 4980, 572, 4680, 30.45)",0.0
Amount_shipped,"(320, 4980, 371, 4764, 52.72)",0.0
Amount_shipped,"(320, 4980, 312, 4747, 62.13)",0.0
Amount_shipped,"(320, 4980, 417, 4874, 76.13)",0.0
Amount_shipped,"(320, 4980, 350, 4738, 111.96)",0.0
Amount_shipped,"(320, 4980, 327, 4722, 125.89)",0.0
Amount_shipped,"(320, 4980, 555, 4937, 127.49)",0.0
Amount_shipped,"(320, 4980, 239, 4765, 151.68)",0.0
Amount_shipped,"(320, 4980, 558, 4583, 208.94)",0.0
Amount_shipped,"(320, 4980, 592, 4773, 272.69)",0.0
Amount_shipped,"(320, 4980, 303, 4682, 594.76)",0.0
Amount_shipped,"(320, 4980, 519, 4618, 758.82)",0.0
Amount_shipped,"(320, 4980, 190, 4740, 907.18)",0.0
Amount_shipped,"(320, 4980, 604, 4955, 907.45)",0.0
Amount_shipped,"(320, 4980, 334, 4799, 1285.48)",0.0
Amount_shipped,"(320, 4980, 402, 4762, 1356.12)",0.0
Amount_shipped,"(340, 4440, 604, 4556, 10.77)",0.0
Amount_shipped,"(340, 4440, 545, 4715, 11.01)",0.0
Amount_shipped,"(340, 4440, 598, 4885, 11.15)",0.0
Amount_shipped,"(340, 4440, 622, 4729, 11.5)",0.0
Amount_shipped,"(340, 4440, 136, 4692, 11.61)",0.0
Amount_shipped,"(340, 4440, 494, 4926, 11.95)",0.0
Amount_shipped,"(340, 4440, 627, 4796, 12.52)",0.0
Amount_shipped,"(340, 4440, 604, 4624, 12.57)",0.0
Amount_shipped,"(340, 4440, 497, 4720, 12.7)",0.0
Amount_shipped,"(340, 4440, 503, 4807, 16.06)",0.0
Amount_shipped,"(340, 4440, 612, 4678, 16.32)",0.0
Amount_shipped,"(340, 4440, 345, 4695, 23.25)",0.0
Amount_shipped,"(340, 4440, 696, 4535, 23.59)",0.0
Amount_shipped,"(340, 4440, 250, 4682, 28.56)",0.0
Amount_shipped,"(340, 4440, 572, 4680, 30.45)",0.0
Amount_shipped,"(340, 4440, 371, 4764, 52.72)",0.0
Amount_shipped,"(340, 4440, 312, 4747, 62.13)",0.0
Amount_shipped,"(340, 4440, 417, 4874, 76.13)",0.0
Amount_shipped,"(340, 4440, 350, 4738, 111.96)",0.0
Amount_shipped,"(340, 4440, 327, 4722, 125.89)",0.0
Amount_shipped,"(340, 4440, 555, 4937, 127.49)",0.0
Amount_shipped,"(340, 4440, 239, 4765, 151.68)",0.0
Amount_shipped,"(340, 4440, 558, 4583, 208.94)",0.0
Amount_shipped,"(340, 4440, 592, 4773, 272.69)",0.0
Amount_shipped,"(340, 4440, 303, 4682, 594.76)",0.0
Amount_shipped,"(340, 4440, 519, 4618, 758.82)",0.0
Amount_shipped,"(340, 4440, 190, 4740, 907.18)",0.0
Amount_shipped,"(340, 4440, 604, 4955, 907.45)",0.0
Amount_shipped,"(340, 4440, 334, 4799, 1285.48)",0.0
Amount_shipped,"(340, 4440, 402, 4762, 1356.12)",0.0
Amount_shipped,"(340, 4460, 604, 4556, 10.77)",0.0
Amount_shipped,"(340, 4460, 545, 4715, 11.01)",0.0
Amount_shipped,"(340, 4460, 598, 4885, 11.15)",0.0
Amount_shipped,"(340, 4460, 622, 4729, 11.5)",0.0
Amount_shipped,"(340, 4460, 136, 4692, 11.61)",0.0
Amount_shipped,"(340, 4460, 494, 4926, 11.95)",0.0
Amount_shipped,"(340, 4460, 627, 4796, 12.52)",0.0
Amount_shipped,"(340, 4460, 604, 4624, 12.57)",0.0
Amount_shipped,"(340, 4460, 497, 4720, 12.7)",0.0
Amount_shipped,"(340, 4460, 503, 4807, 16.06)",0.0
Amount_shipped,"(340, 4460, 612, 4678, 16.32)",0.0
Amount_shipped,"(340, 4460, 345, 4695, 23.25)",0.0
Amount_shipped,"(340, 4460, 696, 4535, 23.59)",0.0
Amount_shipped,"(340, 4460, 250, 4682, 28.56)",0.0
Amount_shipped,"(340, 4460, 572, 4680, 30.45)",0.0
Amount_shipped,"(340, 4460, 371, 4764, 52.72)",0.0
Amount_shipped,"(340, 4460, 312, 4747, 62.13)",0.0
Amount_shipped,"(340, 4460, 417, 4874, 76.13)",0.0
Amount_shipped,"(340, 4460, 350, 4738, 111.96)",0.0
Amount_shipped,"(340, 4460, 327, 4722, 125.89)",0.0
Amount_shipped,"(340, 4460, 555, 4937, 127.49)",0.0
Amount_shipped,"(340, 4460, 239, 4765, 151.68)",0.0
Amount_shipped,"(340, 4460, 558, 4583, 208.94)",0.0
Amount_shipped,"(340, 4460, 592, 4773, 272.69)",0.0
Amount_shipped,"(340, 4460, 303, 4682, 594.76)",0.0
Amount_shipped,"(340, 4460, 519, 4618, 758.82)",0.0
Amount_shipped,"(340, 4460, 190, 4740, 907.18)",0.0
Amount_shipped,"(340, 4460, 604, 4955, 907.45)",0.0
Amount_shipped,"(340, 4460, 334, 4799, 1285.48)",0.0
Amount_shipped,"(340, 4460, 402, 4762, 1356.12)",0.0
Amount_shipped,"(340, 4480, 604, 4556, 10.77)",0.0
Amount_shipped,"(340, 4480, 545, 4715, 11.01)",0.0
Amount_shipped,"(340, 4480, 598, 4885, 11.15)",0.0
Amount_shipped,"(340, 4480, 622, 4729, 11.5)",0.0
Amount_shipped,"(340, 4480, 136, 4692, 11.61)",0.0
Amount_shipped,"(340, 4480, 494, 4926, 11.95)",0.0
Amount_shipped,"(340, 4480, 627, 4796, 12.52)",0.0
Amount_shipped,"(340, 4480, 604, 4624, 12.57)",0.0
Amount_shipped,"(340, 4480, 497, 4720, 12.7)",0.0
Amount_shipped,"(340, 4480, 503, 4807, 16.06)",0.0
Amount_shipped,"(340, 4480, 612, 4678, 16.32)",0.0
Amount_shipped,"(340, 4480, 345, 4695, 23.25)",0.0
Amount_shipped,"(340, 4480, 696, 4535, 23.59)",0.0
Amount_shipped,"(340, 4480, 250, 4682, 28.56)",0.0
Amount_shipped,"(340, 4480, 572, 4680, 30.45)",0.0
Amount_shipped,"(340, 4480, 371, 4764, 52.72)",0.0
Amount_shipped,"(340, 4480, 312, 4747, 62.13)",0.0
Amount_shipped,"(340, 4480, 417, 4874, 76.13)",0.0
Amount_shipped,"(340, 4480, 350, 4738, 111.96)",0.0
Amount_shipped,"(340, 4480, 327, 4722, 125.89)",0.0
Amount_shipped,"(340, 4480, 555, 4937, 127.49)",0.0
Amount_shipped,"(340, 4480, 239, 4765, 151.68)",0.0
Amount_shipped,"(340, 4480, 558, 4583, 208.94)",0.0
Amount_shipped,"(340, 4480, 592, 4773, 272.69)",0.0
Amount_shipped,"(340, 4480, 303, 4682, 594.76)",0.0
Amount_shipped,"(340, 4480, 519, 4618, 758.82)",0.0
Amount_shipped,"(340, 4480, 190, 4740, 907.18)",0.0
Amount_shipped,"(340, 4480, 604, 4955, 907.45)",0.0
Amount_shipped,"(340, 4480, 334, 4799, 1285.48)",0.0
Amount_shipped,"(340, 4480, 402, 4762, 1356.12)",0.0
Amount_shipped,"(340, 4500, 604, 4556, 10.77)",0.0
Amount_shipped,"(340, 4500, 545, 4715, 11.01)",0.0
Amount_shipped,"(340, 4500, 598, 4885, 11.15)",0.0
Amount_shipped,"(340, 4500, 622, 4729, 11.5)",0.0
Amount_shipped,"(340, 4500, 136, 4692, 11.61)",0.0
Amount_shipped,"(340, 4500, 494, 4926, 11.95)",0.0
Amount_shipped,"(340, 4500, 627, 4796, 12.52)",0.0
Amount_shipped,"(340, 4500, 604, 4624, 12.57)",0.0
Amount_shipped,"(340, 4500, 497, 4720, 12.7)",0.0
Amount_shipped,"(340, 4500, 503, 4807, 16.06)",0.0
Amount_shipped,"(340, 4500, 612, 4678, 16.32)",0.0
Amount_shipped,"(340, 4500, 345, 4695, 23.25)",0.0
Amount_shipped,"(340, 4500, 696, 4535, 23.59)",0.0
Amount_shipped,"(340, 4500, 250, 4682, 28.56)",0.0
Amount_shipped,"(340, 4500, 572, 4680, 30.45)",0.0
Amount_shipped,"(340, 4500, 371, 4764, 52.72)",0.0
Amount_shipped,"(340, 4500, 312, 4747, 62.13)",0.0
Amount_shipped,"(340, 4500, 417, 4874, 76.13)",0.0
Amount_shipped,"(340, 4500, 350, 4738, 111.96)",0.0
Amount_shipped,"(340, 4500, 327, 4722, 125.89)",0.0
Amount_shipped,"(340, 4500, 555, 4937, 127.49)",0.0
Amount_shipped,"(340, 4500, 239, 4765, 151.68)",0.0
Amount_shipped,"(340, 4500, 558, 4583, 208.94)",0.0
Amount_shipped,"(340, 4500, 592, 4773, 272.69)",0.0
Amount_shipped,"(340, 4500, 303, 4682, 594.76)",0.0
Amount_shipped,"(340, 4500, 519, 4618, 758.82)",0.0
Amount_shipped,"(340, 4500, 190, 4740, 907.18)",0.0
Amount_shipped,"(340, 4500, 604, 4955, 907.45)",0.0
Amount_shipped,"(340, 4500, 334, 4799, 1285.48)",0.0
Amount_shipped,"(340, 4500, 402, 4762, 1356.12)",0.0
Amount_shipped,"(340, 4520, 604, 4556, 10.77)",0.0
Amount_shipped,"(340, 4520, 545, 4715, 11.01)",0.0
Amount_shipped,"(340, 4520, 598, 4885, 11.15)",0.0
Amount_shipped,"(340, 4520, 622, 4729, 11.5)",0.0
Amount_shipped,"(340, 4520, 136, 4692, 11.61)",0.0
Amount_shipped,"(340, 4520, 494, 4926, 11.95)",0.0
Amount_shipped,"(340, 4520, 627, 4796, 12.52)",0.0
Amount_shipped,"(340, 4520, 604, 4624, 12.57)",0.0
Amount_shipped,"(340, 4520, 497, 4720, 12.7)",0.0
Amount_shipped,"(340, 4520, 503, 4807, 16.06)",0.0
Amount_shipped,"(340, 4520, 612, 4678, 16.32)",0.0
Amount_shipped,"(340, 4520, 345, 4695, 23.25)",0.0
Amount_shipped,"(340, 4520, 696, 4535, 23.59)",0.0
Amount_shipped,"(340, 4520, 250, 4682, 28.56)",0.0
Amount_shipped,"(340, 4520, 572, 4680, 30.45)",0.0
Amount_shipped,"(340, 4520, 371, 4764, 52.72)",0.0
Amount_shipped,"(340, 4520, 312, 4747, 62.13)",0.0
Amount_shipped,"(340, 4520, 417, 4874, 76.13)",0.0
Amount_shipped,"(340, 4520, 350, 4738, 111.96)",0.0
Amount_shipped,"(340, 4520, 327, 4722, 125.89)",0.0
Amount_shipped,"(340, 4520, 555, 4937, 127.49)",0.0
Amount_shipped,"(340, 4520, 239, 4765, 151.68)",0.0
Amount_shipped,"(340, 4520, 558, 4583, 208.94)",0.0
Amount_shipped,"(340, 4520, 592, 4773, 272.69)",0.0
Amount_shipped,"(340, 4520, 303, 4682, 594.76)",0.0
Amount_shipped,"(340, 4520, 519, 4618, 758.82)",0.0
Amount_shipped,"(340, 4520, 190, 4740, 907.18)",0.0
Amount_shipped,"(340, 4520, 604, 4955, 907.45)",0.0
Amount_shipped,"(340, 4520, 334, 4799, 1285.48)",0.0
Amount_shipped,"(340, 4520, 402, 4762, 1356.12)",0.0
Amount_shipped,"(340, 4540, 604, 4556, 10.77)",0.0
Amount_shipped,"(340, 4540, 545, 4715, 11.01)",0.0
Amount_shipped,"(340, 4540, 598, 4885, 11.15)",0.0
Amount_shipped,"(340, 4540, 622, 4729, 11.5)",0.0
Amount_shipped,"(340, 4540, 136, 4692, 11.61)",0.0
Amount_shipped,"(340, 4540, 494, 4926, 11.95)",0.0
Amount_shipped,"(340, 4540, 627, 4796, 12.52)",0.0
Amount_shipped,"(340, 4540, 604, 4624, 12.57)",0.0
Amount_shipped,"(340, 4540, 497, 4720, 12.7)",0.0
Amount_shipped,"(340, 4540, 503, 4807, 16.06)",0.0
Amount_shipped,"(340, 4540, 612, 4678, 16.32)",0.0
Amount_shipped,"(340, 4540, 345, 4695, 23.25)",0.0
Amount_shipped,"(340, 4540, 696, 4535, 23.59)",0.0
Amount_shipped,"(340, 4540, 250, 4682, 28.56)",0.0
Amount_shipped,"(340, 4540, 572, 4680, 30.45)",0.0
Amount_shipped,"(340, 4540, 371, 4764, 52.72)",0.0
Amount_shipped,"(340, 4540, 312, 4747, 62.13)",0.0
Amount_shipped,"(340, 4540, 417, 4874, 76.13)",0.0
Amount_shipped,"(340, 4540, 350, 4738, 111.96)",0.0
Amount_shipped,"(340, 4540, 327, 4722, 125.89)",0.0
Amount_shipped,"(340, 4540, 555, 4937, 127.49)",0.0
Amount_shipped,"(340, 4540, 239, 4765, 151.68)",0.0
Amount_shipped,"(340, 4540, 558, 4583, 208.94)",0.0
Amount_shipped,"(340, 4540, 592, 4773, 272.69)",0.0
Amount_shipped,"(340, 4540, 303, 4682, 594.76)",0.0
Amount_shipped,"(340, 4540, 519, 4618, 758.82)",0.0
Amount_shipped,"(340, 4540, 190, 4740, 907.18)",0.0
Amount_shipped,"(340, 4540, 604, 4955, 907.45)",0.0
Amount_shipped,"(340, 4540, 334, 4799, 1285.48)",0.0
Amount_shipped,"(340, 4540, 402, 4762, 1356.12)",0.0
Amount_shipped,"(340, 4560, 604, 4556, 10.77)",0.0
Amount_shipped,"(340, 4560, 545, 4715, 11.01)",0.0
Amount_shipped,"(340, 4560, 598, 4885, 11.15)",0.0
Amount_shipped,"(340, 4560, 622, 4729, 11.5)",0.0
Amount_shipped,"(340, 4560, 136, 4692, 11.61)",0.0
Amount_shipped,"(340, 4560, 494, 4926, 11.95)",0.0
Amount_shipped,"(340, 4560, 627, 4796, 12.52)",0.0
Amount_shipped,"(340, 4560, 604, 4624, 12.57)",0.0
Amount_shipped,"(340, 4560, 497, 4720, 12.7)",0.0
Amount_shipped,"(340, 4560, 503, 4807, 16.06)",0.0
Amount_shipped,"(340, 4560, 612, 4678, 16.32)",0.0
Amount_shipped,"(340, 4560, 345, 4695, 23.25)",0.0
Amount_shipped,"(340, 4560, 696, 4535, 23.59)",0.0
Amount_shipped,"(340, 4560, 250, 4682, 28.56)",0.0
Amount_shipped,"(340, 4560, 572, 4680, 30.45)",0.0
Amount_shipped,"(340, 4560, 371, 4764, 52.72)",0.0
Amount_shipped,"(340, 4560, 312, 4747, 62.13)",0.0
Amount_shipped,"(340, 4560, 417, 4874, 76.13)",0.0
Amount_shipped,"(340, 4560, 350, 4738, 111.96)",0.0
Amount_shipped,"(340, 4560, 327, 4722, 125.89)",0.0
Amount_shipped,"(340, 4560, 555, 4937, 127.49)",0.0
Amount_shipped,"(340, 4560, 239, 4765, 151.68)",0.0
Amount_shipped,"(340, 4560, 558, 4583, 208.94)",0.0
Amount_shipped,"(340, 4560, 592, 4773, 272.69)",0.0
Amount_shipped,"(340, 4560, 303, 4682, 594.76)",0.0
Amount_shipped,"(340, 4560, 519, 4618, 758.82)",0.0
Amount_shipped,"(340, 4560, 190, 4740, 907.18)",0.0
Amount_shipped,"(340, 4560, 604, 4955, 907.45)",0.0
Amount_shipped,"(340, 4560, 334, 4799, 1285.48)",0.0
Amount_shipped,"(340, 4560, 402, 4762, 1356.12)",0.0
Amount_shipped,"(340, 4580, 604, 4556, 10.77)",0.0
Amount_shipped,"(340, 4580, 545, 4715, 11.01)",0.0
Amount_shipped,"(340, 4580, 598, 4885, 11.15)",0.0
Amount_shipped,"(340, 4580, 622, 4729, 11.5)",0.0
Amount_shipped,"(340, 4580, 136, 4692, 11.61)",0.0
Amount_shipped,"(340, 4580, 494, 4926, 11.95)",0.0
Amount_shipped,"(340, 4580, 627, 4796, 12.52)",0.0
Amount_shipped,"(340, 4580, 604, 4624, 12.57)",0.0
Amount_shipped,"(340, 4580, 497, 4720, 12.7)",0.0
Amount_shipped,"(340, 4580, 503, 4807, 16.06)",0.0
Amount_shipped,"(340, 4580, 612, 4678, 16.32)",0.0
Amount_shipped,"(340, 4580, 345, 4695, 23.25)",0.0
Amount_shipped,"(340, 4580, 696, 4535, 23.59)",0.0
Amount_shipped,"(340, 4580, 250, 4682, 28.56)",0.0
Amount_shipped,"(340, 4580, 572, 4680, 30.45)",0.0
Amount_shipped,"(340, 4580, 371, 4764, 52.72)",0.0
Amount_shipped,"(340, 4580, 312, 4747, 62.13)",0.0
Amount_shipped,"(340, 4580, 417, 4874, 76.13)",0.0
Amount_shipped,"(340, 4580, 350, 4738, 111.96)",0.0
Amount_shipped,"(340, 4580, 327, 4722, 125.89)",0.0
Amount_shipped,"(340, 4580, 555, 4937, 127.49)",0.0
Amount_shipped,"(340, 4580, 239, 4765, 151.68)",0.0
Amount_shipped,"(340, 4580, 558, 4583, 208.94)",0.0
Amount_shipped,"(340, 4580, 592, 4773, 272.69)",0.0
Amount_shipped,"(340, 4580, 303, 4682, 594.76)",0.0
Amount_shipped,"(340, 4580, 519, 4618, 758.82)",0.0
Amount_shipped,"(340, 4580, 190, 4740, 907.18)",0.0
Amount_shipped,"(340, 4580, 604, 4955, 907.45)",0.0
Amount_shipped,"(340, 4580, 334, 4799, 1285.48)",0.0
Amount_shipped,"(340, 4580, 402, 4762, 1356.12)",0.0
Amount_shipped,"(340, 4600, 604, 4556, 10.77)",0.0
Amount_shipped,"(340, 4600, 545, 4715, 11.01)",0.0
Amount_shipped,"(340, 4600, 598, 4885, 11.15)",0.0
Amount_shipped,"(340, 4600, 622, 4729, 11.5)",0.0
Amount_shipped,"(340, 4600, 136, 4692, 11.61)",0.0
Amount_shipped,"(340, 4600, 494, 4926, 11.95)",0.0
Amount_shipped,"(340, 4600, 627, 4796, 12.52)",0.0
Amount_shipped,"(340, 4600, 604, 4624, 12.57)",0.0
Amount_shipped,"(340, 4600, 497, 4720, 12.7)",0.0
Amount_shipped,"(340, 4600, 503, 4807, 16.06)",0.0
Amount_shipped,"(340, 4600, 612, 4678, 16.32)",0.0
Amount_shipped,"(340, 4600, 345, 4695, 23.25)",0.0
Amount_shipped,"(340, 4600, 696, 4535, 23.59)",0.0
Amount_shipped,"(340, 4600, 250, 4682, 28.56)",0.0
Amount_shipped,"(340, 4600, 572, 4680, 30.45)",0.0
Amount_shipped,"(340, 4600, 371, 4764, 52.72)",0.0
Amount_shipped,"(340, 4600, 312, 4747, 62.13)",0.0
Amount_shipped,"(340, 4600, 417, 4874, 76.13)",0.0
Amount_shipped,"(340, 4600, 350, 4738, 111.96)",0.0
Amount_shipped,"(340, 4600, 327, 4722, 125.89)",0.0
Amount_shipped,"(340, 4600, 555, 4937, 127.49)",0.0
Amount_shipped,"(340, 4600, 239, 4765, 151.68)",0.0
Amount_shipped,"(340, 4600, 558, 4583, 208.94)",0.0
Amount_shipped,"(340, 4600, 592, 4773, 272.69)",0.0
Amount_shipped,"(340, 4600, 303, 4682, 594.76)",0.0
Amount_shipped,"(340, 4600, 519, 4618, 758.82)",0.0
Amount_shipped,"(340, 4600, 190, 4740, 907.18)",0.0
Amount_shipped,"(340, 4600, 604, 4955, 907.45)",0.0
Amount_shipped,"(340, 4600, 334, 4799, 1285.48)",0.0
Amount_shipped,"(340, 4600, 402, 4762, 1356.12)",0.0
Amount_shipped,"(340, 4620, 604, 4556, 10.77)",0.0
Amount_shipped,"(340, 4620, 545, 4715, 11.01)",0.0
Amount_shipped,"(340, 4620, 598, 4885, 11.15)",0.0
Amount_shipped,"(340, 4620, 622, 4729, 11.5)",0.0
Amount_shipped,"(340, 4620, 136, 4692, 11.61)",0.0
Amount_shipped,"(340, 4620, 494, 4926, 11.95)",0.0
Amount_shipped,"(340, 4620, 627, 4796, 12.52)",0.0
Amount_shipped,"(340, 4620, 604, 4624, 12.57)",0.0
Amount_shipped,"(340, 4620, 497, 4720, 12.7)",0.0
Amount_shipped,"(340, 4620, 503, 4807, 16.06)",0.0
Amount_shipped,"(340, 4620, 612, 4678, 16.32)",0.0
Amount_shipped,"(340, 4620, 345, 4695, 23.25)",0.0
Amount_shipped,"(340, 4620, 696, 4535, 23.59)",0.0
Amount_shipped,"(340, 4620, 250, 4682, 28.56)",0.0
Amount_shipped,"(340, 4620, 572, 4680, 30.45)",0.0
Amount_shipped,"(340, 4620, 371, 4764, 52.72)",0.0
Amount_shipped,"(340, 4620, 312, 4747, 62.13)",0.0
Amount_shipped,"(340, 4620, 417, 4874, 76.13)",0.0
Amount_shipped,"(340, 4620, 350, 4738, 111.96)",0.0
Amount_shipped,"(340, 4620, 327, 4722, 125.89)",0.0
Amount_shipped,"(340, 4620, 555, 4937, 127.49)",0.0
Amount_shipped,"(340, 4620, 239, 4765, 151.68)",0.0
Amount_shipped,"(340, 4620, 558, 4583, 208.94)",0.0
Amount_shipped,"(340, 4620, 592, 4773, 272.69)",0.0
Amount_shipped,"(340, 4620, 303, 4682, 594.76)",0.0
Amount_shipped,"(340, 4620, 519, 4618, 758.82)",0.0
Amount_shipped,"(340, 4620, 190, 4740, 907.18)",0.0
Amount_shipped,"(340, 4620, 604, 4955, 907.45)",0.0
Amount_shipped,"(340, 4620, 334, 4799, 1285.48)",0.0
Amount_shipped,"(340, 4620, 402, 4762, 1356.12)",0.0
Amount_shipped,"(340, 4640, 604, 4556, 10.77)",0.0
Amount_shipped,"(340, 4640, 545, 4715, 11.01)",0.0
Amount_shipped,"(340, 4640, 598, 4885, 11.15)",0.0
Amount_shipped,"(340, 4640, 622, 4729, 11.5)",0.0
Amount_shipped,"(340, 4640, 136, 4692, 11.61)",0.0
Amount_shipped,"(340, 4640, 494, 4926, 11.95)",0.0
Amount_shipped,"(340, 4640, 627, 4796, 12.52)",0.0
Amount_shipped,"(340, 4640, 604, 4624, 12.57)",0.0
Amount_shipped,"(340, 4640, 497, 4720, 12.7)",0.0
Amount_shipped,"(340, 4640, 503, 4807, 16.06)",0.0
Amount_shipped,"(340, 4640, 612, 4678, 16.32)",0.0
Amount_shipped,"(340, 4640, 345, 4695, 23.25)",0.0
Amount_shipped,"(340, 4640, 696, 4535, 23.59)",0.0
Amount_shipped,"(340, 4640, 250, 4682, 28.56)",0.0
Amount_shipped,"(340, 4640, 572, 4680, 30.45)",0.0
Amount_shipped,"(340, 4640, 371, 4764, 52.72)",0.0
Amount_shipped,"(340, 4640, 312, 4747, 62.13)",0.0
Amount_shipped,"(340, 4640, 417, 4874, 76.13)",0.0
Amount_shipped,"(340, 4640, 350, 4738, 111.96)",0.0
Amount_shipped,"(340, 4640, 327, 4722, 125.89)",0.0
Amount_shipped,"(340, 4640, 555, 4937, 127.49)",0.0
Amount_shipped,"(340, 4640, 239, 4765, 151.68)",0.0
Amount_shipped,"(340, 4640, 558, 4583, 208.94)",0.0
Amount_shipped,"(340, 4640, 592, 4773, 272.69)",0.0
Amount_shipped,"(340, 4640, 303, 4682, 594.76)",0.0
Amount_shipped,"(340, 4640, 519, 4618, 758.82)",0.0
Amount_shipped,"(340, 4640, 190, 4740, 907.18)",0.0
Amount_shipped,"(340, 4640, 604, 4955, 907.45)",0.0
Amount_shipped,"(340, 4640, 334, 4799, 1285.48)",0.0
Amount_shipped,"(340, 4640, 402, 4762, 1356.12)",0.0
Amount_shipped,"(340, 4660, 604, 4556, 10.77)",0.0
Amount_shipped,"(340, 4660, 545, 4715, 11.01)",0.0
Amount_shipped,"(340, 4660, 598, 4885, 11.15)",0.0
Amount_shipped,"(340, 4660, 622, 4729, 11.5)",0.0
Amount_shipped,"(340, 4660, 136, 4692, 11.61)",0.0
Amount_shipped,"(340, 4660, 494, 4926, 11.95)",0.0
Amount_shipped,"(340, 4660, 627, 4796, 12.52)",0.0
Amount_shipped,"(340, 4660, 604, 4624, 12.57)",0.0
Amount_shipped,"(340, 4660, 497, 4720, 12.7)",0.0
Amount_shipped,"(340, 4660, 503, 4807, 16.06)",0.0
Amount_shipped,"(340, 4660, 612, 4678, 16.32)",0.0
Amount_shipped,"(340, 4660, 345, 4695, 23.25)",0.0
Amount_shipped,"(340, 4660, 696, 4535, 23.59)",0.0
Amount_shipped,"(340, 4660, 250, 4682, 28.56)",0.0
Amount_shipped,"(340, 4660, 572, 4680, 30.45)",0.0
Amount_shipped,"(340, 4660, 371, 4764, 52.72)",0.0
Amount_shipped,"(340, 4660, 312, 4747, 62.13)",0.0
Amount_shipped,"(340, 4660, 417, 4874, 76.13)",0.0
Amount_shipped,"(340, 4660, 350, 4738, 111.96)",0.0
Amount_shipped,"(340, 4660, 327, 4722, 125.89)",0.0
Amount_shipped,"(340, 4660, 555, 4937, 127.49)",0.0
Amount_shipped,"(340, 4660, 239, 4765, 151.68)",0.0
Amount_shipped,"(340, 4660, 558, 4583, 208.94)",0.0
Amount_shipped,"(340, 4660, 592, 4773, 272.69)",0.0
Amount_shipped,"(340, 4660, 303, 4682, 594.76)",0.0
Amount_shipped,"(340, 4660, 519, 4618, 758.82)",0.0
Amount_shipped,"(340, 4660, 190, 4740, 907.18)",0.0
Amount_shipped,"(340, 4660, 604, 4955, 907.45)",0.0
Amount_shipped,"(340, 4660, 334, 4799, 1285.48)",0.0
Amount_shipped,"(340, 4660, 402, 4762, 1356.12)",0.0
Amount_shipped,"(340, 4680, 604, 4556, 10.77)",0.0
Amount_shipped,"(340, 4680, 545, 4715, 11.01)",0.0
Amount_shipped,"(340, 4680, 598, 4885, 11.15)",0.0
Amount_shipped,"(340, 4680, 622, 4729, 11.5)",0.0
Amount_shipped,"(340, 4680, 136, 4692, 11.61)",0.0
Amount_shipped,"(340, 4680, 494, 4926, 11.95)",0.0
Amount_shipped,"(340, 4680, 627, 4796, 12.52)",0.0
Amount_shipped,"(340, 4680, 604, 4624, 12.57)",0.0
Amount_shipped,"(340, 4680, 497, 4720, 12.7)",0.0
Amount_shipped,"(340, 4680, 503, 4807, 16.06)",0.0
Amount_shipped,"(340, 4680, 612, 4678, 16.32)",0.0
Amount_shipped,"(340, 4680, 345, 4695, 23.25)",0.0
Amount_shipped,"(340, 4680, 696, 4535, 23.59)",0.0
Amount_shipped,"(340, 4680, 250, 4682, 28.56)",0.0
Amount_shipped,"(340, 4680, 572, 4680, 30.45)",0.0
Amount_shipped,"(340, 4680, 371, 4764, 52.72)",0.0
Amount_shipped,"(340, 4680, 312, 4747, 62.13)",0.0
Amount_shipped,"(340, 4680, 417, 4874, 76.13)",0.0
Amount_shipped,"(340, 4680, 350, 4738, 111.96)",0.0
Amount_shipped,"(340, 4680, 327, 4722, 125.89)",0.0
Amount_shipped,"(340, 4680, 555, 4937, 127.49)",0.0
Amount_shipped,"(340, 4680, 239, 4765, 151.68)",0.0
Amount_shipped,"(340, 4680, 558, 4583, 208.94)",0.0
Amount_shipped,"(340, 4680, 592, 4773, 272.69)",0.0
Amount_shipped,"(340, 4680, 303, 4682, 594.76)",0.0
Amount_shipped,"(340, 4680, 519, 4618, 758.82)",0.0
Amount_shipped,"(340, 4680, 190, 4740, 907.18)",0.0
Amount_shipped,"(340, 4680, 604, 4955, 907.45)",0.0
Amount_shipped,"(340, 4680, 334, 4799, 1285.48)",0.0
Amount_shipped,"(340, 4680, 402, 4762, 1356.12)",0.0
Amount_shipped,"(340, 4700, 604, 4556, 10.77)",0.0
Amount_shipped,"(340, 4700, 545, 4715, 11.01)",0.0
Amount_shipped,"(340, 4700, 598, 4885, 11.15)",0.0
Amount_shipped,"(340, 4700, 622, 4729, 11.5)",0.0
Amount_shipped,"(340, 4700, 136, 4692, 11.61)",0.0
Amount_shipped,"(340, 4700, 494, 4926, 11.95)",0.0
Amount_shipped,"(340, 4700, 627, 4796, 12.52)",0.0
Amount_shipped,"(340, 4700, 604, 4624, 12.57)",0.0
Amount_shipped,"(340, 4700, 497, 4720, 12.7)",0.0
Amount_shipped,"(340, 4700, 503, 4807, 16.06)",0.0
Amount_shipped,"(340, 4700, 612, 4678, 16.32)",0.0
Amount_shipped,"(340, 4700, 345, 4695, 23.25)",0.0
Amount_shipped,"(340, 4700, 696, 4535, 23.59)",0.0
Amount_shipped,"(340, 4700, 250, 4682, 28.56)",0.0
Amount_shipped,"(340, 4700, 572, 4680, 30.45)",0.0
Amount_shipped,"(340, 4700, 371, 4764, 52.72)",0.0
Amount_shipped,"(340, 4700, 312, 4747, 62.13)",0.0
Amount_shipped,"(340, 4700, 417, 4874, 76.13)",0.0
Amount_shipped,"(340, 4700, 350, 4738, 111.96)",0.0
Amount_shipped,"(340, 4700, 327, 4722, 125.89)",0.0
Amount_shipped,"(340, 4700, 555, 4937, 127.49)",0.0
Amount_shipped,"(340, 4700, 239, 4765, 151.68)",0.0
Amount_shipped,"(340, 4700, 558, 4583, 208.94)",0.0
Amount_shipped,"(340, 4700, 592, 4773, 272.69)",0.0
Amount_shipped,"(340, 4700, 303, 4682, 594.76)",0.0
Amount_shipped,"(340, 4700, 519, 4618, 758.82)",0.0
Amount_shipped,"(340, 4700, 190, 4740, 907.18)",0.0
Amount_shipped,"(340, 4700, 604, 4955, 907.45)",0.0
Amount_shipped,"(340, 4700, 334, 4799, 1285.48)",0.0
Amount_shipped,"(340, 4700, 402, 4762, 1356.12)",0.0
Amount_shipped,"(340, 4720, 604, 4556, 10.77)",0.0
Amount_shipped,"(340, 4720, 545, 4715, 11.01)",0.0
Amount_shipped,"(340, 4720, 598, 4885, 11.15)",0.0
Amount_shipped,"(340, 4720, 622, 4729, 11.5)",0.0
Amount_shipped,"(340, 4720, 136, 4692, 11.61)",0.0
Amount_shipped,"(340, 4720, 494, 4926, 11.95)",0.0
Amount_shipped,"(340, 4720, 627, 4796, 12.52)",0.0
Amount_shipped,"(340, 4720, 604, 4624, 12.57)",0.0
Amount_shipped,"(340, 4720, 497, 4720, 12.7)",0.0
Amount_shipped,"(340, 4720, 503, 4807, 16.06)",0.0
Amount_shipped,"(340, 4720, 612, 4678, 16.32)",0.0
Amount_shipped,"(340, 4720, 345, 4695, 23.25)",0.0
Amount_shipped,"(340, 4720, 696, 4535, 23.59)",0.0
Amount_shipped,"(340, 4720, 250, 4682, 28.56)",0.0
Amount_shipped,"(340, 4720, 572, 4680, 30.45)",0.0
Amount_shipped,"(340, 4720, 371, 4764, 52.72)",0.0
Amount_shipped,"(340, 4720, 312, 4747, 62.13)",0.0
Amount_shipped,"(340, 4720, 417, 4874, 76.13)",0.0
Amount_shipped,"(340, 4720, 350, 4738, 111.96)",0.0
Amount_shipped,"(340, 4720, 327, 4722, 125.89)",0.0
Amount_shipped,"(340, 4720, 555, 4937, 127.49)",0.0
Amount_shipped,"(340, 4720, 239, 4765, 151.68)",0.0
Amount_shipped,"(340, 4720, 558, 4583, 208.94)",0.0
Amount_shipped,"(340, 4720, 592, 4773, 272.69)",0.0
Amount_shipped,"(340, 4720, 303, 4682, 594.76)",0.0
Amount_shipped,"(340, 4720, 519, 4618, 758.82)",0.0
Amount_shipped,"(340, 4720, 190, 4740, 907.18)",0.0
Amount_shipped,"(340, 4720, 604, 4955, 907.45)",0.0
Amount_shipped,"(340, 4720, 334, 4799, 1285.48)",0.0
Amount_shipped,"(340, 4720, 402, 4762, 1356.12)",0.0
Amount_shipped,"(340, 4740, 604, 4556, 10.77)",0.0
Amount_shipped,"(340, 4740, 545, 4715, 11.01)",0.0
Amount_shipped,"(340, 4740, 598, 4885, 11.15)",0.0
Amount_shipped,"(340, 4740, 622, 4729, 11.5)",0.0
Amount_shipped,"(340, 4740, 136, 4692, 11.61)",0.0
Amount_shipped,"(340, 4740, 494, 4926, 11.95)",0.0
Amount_shipped,"(340, 4740, 627, 4796, 12.52)",0.0
Amount_shipped,"(340, 4740, 604, 4624, 12.57)",0.0
Amount_shipped,"(340, 4740, 497, 4720, 12.7)",0.0
Amount_shipped,"(340, 4740, 503, 4807, 16.06)",0.0
Amount_shipped,"(340, 4740, 612, 4678, 16.32)",0.0
Amount_shipped,"(340, 4740, 345, 4695, 23.25)",0.0
Amount_shipped,"(340, 4740, 696, 4535, 23.59)",0.0
Amount_shipped,"(340, 4740, 250, 4682, 28.56)",0.0
Amount_shipped,"(340, 4740, 572, 4680, 30.45)",0.0
Amount_shipped,"(340, 4740, 371, 4764, 52.72)",0.0
Amount_shipped,"(340, 4740, 312, 4747, 62.13)",0.0
Amount_shipped,"(340, 4740, 417, 4874, 76.13)",0.0
Amount_shipped,"(340, 4740, 350, 4738, 111.96)",0.0
Amount_shipped,"(340, 4740, 327, 4722, 125.89)",0.0
Amount_shipped,"(340, 4740, 555, 4937, 127.49)",0.0
Amount_shipped,"(340, 4740, 239, 4765, 151.68)",0.0
Amount_shipped,"(340, 4740, 558, 4583, 208.94)",0.0
Amount_shipped,"(340, 4740, 592, 4773, 272.69)",0.0
Amount_shipped,"(340, 4740, 303, 4682, 594.76)",0.0
Amount_shipped,"(340, 4740, 519, 4618, 758.82)",0.0
Amount_shipped,"(340, 4740, 190, 4740, 907.18)",0.0
Amount_shipped,"(340, 4740, 604, 4955, 907.45)",0.0
Amount_shipped,"(340, 4740, 334, 4799, 1285.48)",0.0
Amount_shipped,"(340, 4740, 402, 4762, 1356.12)",0.0
Amount_shipped,"(340, 4760, 604, 4556, 10.77)",0.0
Amount_shipped,"(340, 4760, 545, 4715, 11.01)",0.0
Amount_shipped,"(340, 4760, 598, 4885, 11.15)",0.0
Amount_shipped,"(340, 4760, 622, 4729, 11.5)",0.0
Amount_shipped,"(340, 4760, 136, 4692, 11.61)",0.0
Amount_shipped,"(340, 4760, 494, 4926, 11.95)",0.0
Amount_shipped,"(340, 4760, 627, 4796, 12.52)",0.0
Amount_shipped,"(340, 4760, 604, 4624, 12.57)",0.0
Amount_shipped,"(340, 4760, 497, 4720, 12.7)",0.0
Amount_shipped,"(340, 4760, 503, 4807, 16.06)",0.0
Amount_shipped,"(340, 4760, 612, 4678, 16.32)",0.0
Amount_shipped,"(340, 4760, 345, 4695, 23.25)",0.0
Amount_shipped,"(340, 4760, 696, 4535, 23.59)",0.0
Amount_shipped,"(340, 4760, 250, 4682, 28.56)",0.0
Amount_shipped,"(340, 4760, 572, 4680, 30.45)",0.0
Amount_shipped,"(340, 4760, 371, 4764, 52.72)",0.0
Amount_shipped,"(340, 4760, 312, 4747, 62.13)",0.0
Amount_shipped,"(340, 4760, 417, 4874, 76.13)",0.0
Amount_shipped,"(340, 4760, 350, 4738, 111.96)",0.0
Amount_shipped,"(340, 4760, 327, 4722, 125.89)",0.0
Amount_shipped,"(340, 4760, 555, 4937, 127.49)",0.0
Amount_shipped,"(340, 4760, 239, 4765, 151.68)",0.0
Amount_shipped,"(340, 4760, 558, 4583, 208.94)",0.0
Amount_shipped,"(340, 4760, 592, 4773, 272.69)",0.0
Amount_shipped,"(340, 4760, 303, 4682, 594.76)",0.0
Amount_shipped,"(340, 4760, 519, 4618, 758.82)",0.0
Amount_shipped,"(340, 4760, 190, 4740, 907.18)",0.0
Amount_shipped,"(340, 4760, 604, 4955, 907.45)",0.0
Amount_shipped,"(340, 4760, 334, 4799, 1285.48)",0.0
Amount_shipped,"(340, 4760, 402, 4762, 1356.12)",0.0
Amount_shipped,"(340, 4780, 604, 4556, 10.77)",0.0
Amount_shipped,"(340, 4780, 545, 4715, 11.01)",0.0
Amount_shipped,"(340, 4780, 598, 4885, 11.15)",0.0
Amount_shipped,"(340, 4780, 622, 4729, 11.5)",0.0
Amount_shipped,"(340, 4780, 136, 4692, 11.61)",0.0
Amount_shipped,"(340, 4780, 494, 4926, 11.95)",0.0
Amount_shipped,"(340, 4780, 627, 4796, 12.52)",0.0
Amount_shipped,"(340, 4780, 604, 4624, 12.57)",0.0
Amount_shipped,"(340, 4780, 497, 4720, 12.7)",0.0
Amount_shipped,"(340, 4780, 503, 4807, 16.06)",0.0
Amount_shipped,"(340, 4780, 612, 4678, 16.32)",0.0
Amount_shipped,"(340, 4780, 345, 4695, 23.25)",0.0
Amount_shipped,"(340, 4780, 696, 4535, 23.59)",0.0
Amount_shipped,"(340, 4780, 250, 4682, 28.56)",0.0
Amount_shipped,"(340, 4780, 572, 4680, 30.45)",0.0
Amount_shipped,"(340, 4780, 371, 4764, 52.72)",0.0
Amount_shipped,"(340, 4780, 312, 4747, 62.13)",0.0
Amount_shipped,"(340, 4780, 417, 4874, 76.13)",0.0
Amount_shipped,"(340, 4780, 350, 4738, 111.96)",0.0
Amount_shipped,"(340, 4780, 327, 4722, 125.89)",0.0
Amount_shipped,"(340, 4780, 555, 4937, 127.49)",0.0
Amount_shipped,"(340, 4780, 239, 4765, 151.68)",0.0
Amount_shipped,"(340, 4780, 558, 4583, 208.94)",0.0
Amount_shipped,"(340, 4780, 592, 4773, 272.69)",0.0
Amount_shipped,"(340, 4780, 303, 4682, 594.76)",0.0
Amount_shipped,"(340, 4780, 519, 4618, 758.82)",0.0
Amount_shipped,"(340, 4780, 190, 4740, 907.18)",0.0
Amount_shipped,"(340, 4780, 604, 4955, 907.45)",0.0
Amount_shipped,"(340, 4780, 334, 4799, 1285.48)",0.0
Amount_shipped,"(340, 4780, 402, 4762, 1356.12)",0.0
Amount_shipped,"(340, 4800, 604, 4556, 10.77)",0.0
Amount_shipped,"(340, 4800, 545, 4715, 11.01)",0.0
Amount_shipped,"(340, 4800, 598, 4885, 11.15)",0.0
Amount_shipped,"(340, 4800, 622, 4729, 11.5)",0.0
Amount_shipped,"(340, 4800, 136, 4692, 11.61)",0.0
Amount_shipped,"(340, 4800, 494, 4926, 11.95)",0.0
Amount_shipped,"(340, 4800, 627, 4796, 12.52)",0.0
Amount_shipped,"(340, 4800, 604, 4624, 12.57)",0.0
Amount_shipped,"(340, 4800, 497, 4720, 12.7)",0.0
Amount_shipped,"(340, 4800, 503, 4807, 16.06)",0.0
Amount_shipped,"(340, 4800, 612, 4678, 16.32)",0.0
Amount_shipped,"(340, 4800, 345, 4695, 23.25)",0.0
Amount_shipped,"(340, 4800, 696, 4535, 23.59)",0.0
Amount_shipped,"(340, 4800, 250, 4682, 28.56)",0.0
Amount_shipped,"(340, 4800, 572, 4680, 30.45)",0.0
Amount_shipped,"(340, 4800, 371, 4764, 52.72)",0.0
Amount_shipped,"(340, 4800, 312, 4747, 62.13)",0.0
Amount_shipped,"(340, 4800, 417, 4874, 76.13)",0.0
Amount_shipped,"(340, 4800, 350, 4738, 111.96)",0.0
Amount_shipped,"(340, 4800, 327, 4722, 125.89)",0.0
Amount_shipped,"(340, 4800, 555, 4937, 127.49)",0.0
Amount_shipped,"(340, 4800, 239, 4765, 151.68)",0.0
Amount_shipped,"(340, 4800, 558, 4583, 208.94)",0.0
Amount_shipped,"(340, 4800, 592, 4773, 272.69)",0.0
Amount_shipped,"(340, 4800, 303, 4682, 594.76)",0.0
Amount_shipped,"(340, 4800, 519, 4618, 758.82)",0.0
Amount_shipped,"(340, 4800, 190, 4740, 907.18)",0.0
Amount_shipped,"(340, 4800, 604, 4955, 907.45)",0.0
Amount_shipped,"(340, 4800, 334, 4799, 1285.48)",0.0
Amount_shipped,"(340, 4800, 402, 4762, 1356.12)",0.0
Amount_shipped,"(340, 4820, 604, 4556, 10.77)",0.0
Amount_shipped,"(340, 4820, 545, 4715, 11.01)",0.0
Amount_shipped,"(340, 4820, 598, 4885, 11.15)",0.0
Amount_shipped,"(340, 4820, 622, 4729, 11.5)",0.0
Amount_shipped,"(340, 4820, 136, 4692, 11.61)",0.0
Amount_shipped,"(340, 4820, 494, 4926, 11.95)",0.0
Amount_shipped,"(340, 4820, 627, 4796, 12.52)",0.0
Amount_shipped,"(340, 4820, 604, 4624, 12.57)",0.0
Amount_shipped,"(340, 4820, 497, 4720, 12.7)",0.0
Amount_shipped,"(340, 4820, 503, 4807, 16.06)",0.0
Amount_shipped,"(340, 4820, 612, 4678, 16.32)",0.0
Amount_shipped,"(340, 4820, 345, 4695, 23.25)",0.0
Amount_shipped,"(340, 4820, 696, 4535, 23.59)",0.0
Amount_shipped,"(340, 4820, 250, 4682, 28.56)",0.0
Amount_shipped,"(340, 4820, 572, 4680, 30.45)",0.0
Amount_shipped,"(340, 4820, 371, 4764, 52.72)",0.0
Amount_shipped,"(340, 4820, 312, 4747, 62.13)",0.0
Amount_shipped,"(340, 4820, 417, 4874, 76.13)",0.0
Amount_shipped,"(340, 4820, 350, 4738, 111.96)",0.0
Amount_shipped,"(340, 4820, 327, 4722, 125.89)",0.0
Amount_shipped,"(340, 4820, 555, 4937, 127.49)",0.0
Amount_shipped,"(340, 4820, 239, 4765, 151.68)",0.0
Amount_shipped,"(340, 4820, 558, 4583, 208.94)",0.0
Amount_shipped,"(340, 4820, 592, 4773, 272.69)",0.0
Amount_shipped,"(340, 4820, 303, 4682, 594.76)",0.0
Amount_shipped,"(340, 4820, 519, 4618, 758.82)",0.0
Amount_shipped,"(340, 4820, 190, 4740, 907.18)",0.0
Amount_shipped,"(340, 4820, 604, 4955, 907.45)",0.0
Amount_shipped,"(340, 4820, 334, 4799, 1285.48)",0.0
Amount_shipped,"(340, 4820, 402, 4762, 1356.12)",0.0
Amount_shipped,"(340, 4840, 604, 4556, 10.77)",0.0
Amount_shipped,"(340, 4840, 545, 4715, 11.01)",0.0
Amount_shipped,"(340, 4840, 598, 4885, 11.15)",0.0
Amount_shipped,"(340, 4840, 622, 4729, 11.5)",0.0
Amount_shipped,"(340, 4840, 136, 4692, 11.61)",0.0
Amount_shipped,"(340, 4840, 494, 4926, 11.95)",0.0
Amount_shipped,"(340, 4840, 627, 4796, 12.52)",0.0
Amount_shipped,"(340, 4840, 604, 4624, 12.57)",0.0
Amount_shipped,"(340, 4840, 497, 4720, 12.7)",0.0
Amount_shipped,"(340, 4840, 503, 4807, 16.06)",0.0
Amount_shipped,"(340, 4840, 612, 4678, 16.32)",0.0
Amount_shipped,"(340, 4840, 345, 4695, 23.25)",0.0
Amount_shipped,"(340, 4840, 696, 4535, 23.59)",0.0
Amount_shipped,"(340, 4840, 250, 4682, 28.56)",0.0
Amount_shipped,"(340, 4840, 572, 4680, 30.45)",0.0
Amount_shipped,"(340, 4840, 371, 4764, 52.72)",0.0
Amount_shipped,"(340, 4840, 312, 4747, 62.13)",0.0
Amount_shipped,"(340, 4840, 417, 4874, 76.13)",0.0
Amount_shipped,"(340, 4840, 350, 4738, 111.96)",0.0
Amount_shipped,"(340, 4840, 327, 4722, 125.89)",0.0
Amount_shipped,"(340, 4840, 555, 4937, 127.49)",0.0
Amount_shipped,"(340, 4840, 239, 4765, 151.68)",0.0
Amount_shipped,"(340, 4840, 558, 4583, 208.94)",0.0
Amount_shipped,"(340, 4840, 592, 4773, 272.69)",0.0
Amount_shipped,"(340, 4840, 303, 4682, 594.76)",0.0
Amount_shipped,"(340, 4840, 519, 4618, 758.82)",0.0
Amount_shipped,"(340, 4840, 190, 4740, 907.18)",0.0
Amount_shipped,"(340, 4840, 604, 4955, 907.45)",0.0
Amount_shipped,"(340, 4840, 334, 4799, 1285.48)",0.0
Amount_shipped,"(340, 4840, 402, 4762, 1356.12)",0.0
Amount_shipped,"(340, 4860, 604, 4556, 10.77)",0.0
Amount_shipped,"(340, 4860, 545, 4715, 11.01)",0.0
Amount_shipped,"(340, 4860, 598, 4885, 11.15)",0.0
Amount_shipped,"(340, 4860, 622, 4729, 11.5)",0.0
Amount_shipped,"(340, 4860, 136, 4692, 11.61)",0.0
Amount_shipped,"(340, 4860, 494, 4926, 11.95)",0.0
Amount_shipped,"(340, 4860, 627, 4796, 12.52)",0.0
Amount_shipped,"(340, 4860, 604, 4624, 12.57)",0.0
Amount_shipped,"(340, 4860, 497, 4720, 12.7)",0.0
Amount_shipped,"(340, 4860, 503, 4807, 16.06)",0.0
Amount_shipped,"(340, 4860, 612, 4678, 16.32)",0.0
Amount_shipped,"(340, 4860, 345, 4695, 23.25)",0.0
Amount_shipped,"(340, 4860, 696, 4535, 23.59)",0.0
Amount_shipped,"(340, 4860, 250, 4682, 28.56)",0.0
Amount_shipped,"(340, 4860, 572, 4680, 30.45)",0.0
Amount_shipped,"(340, 4860, 371, 4764, 52.72)",0.0
Amount_shipped,"(340, 4860, 312, 4747, 62.13)",0.0
Amount_shipped,"(340, 4860, 417, 4874, 76.13)",0.0
Amount_shipped,"(340, 4860, 350, 4738, 111.96)",0.0
Amount_shipped,"(340, 4860, 327, 4722, 125.89)",0.0
Amount_shipped,"(340, 4860, 555, 4937, 127.49)",0.0
Amount_shipped,"(340, 4860, 239, 4765, 151.68)",0.0
Amount_shipped,"(340, 4860, 558, 4583, 208.94)",0.0
Amount_shipped,"(340, 4860, 592, 4773, 272.69)",0.0
Amount_shipped,"(340, 4860, 303, 4682, 594.76)",0.0
Amount_shipped,"(340, 4860, 519, 4618, 758.82)",0.0
Amount_shipped,"(340, 4860, 190, 4740, 907.18)",0.0
Amount_shipped,"(340, 4860, 604, 4955, 907.45)",0.0
Amount_shipped,"(340, 4860, 334, 4799, 1285.48)",0.0
Amount_shipped,"(340, 4860, 402, 4762, 1356.12)",0.0
Amount_shipped,"(340, 4880, 604, 4556, 10.77)",0.0
Amount_shipped,"(340, 4880, 545, 4715, 11.01)",0.0
Amount_shipped,"(340, 4880, 598, 4885, 11.15)",0.0
Amount_shipped,"(340, 4880, 622, 4729, 11.5)",0.0
Amount_shipped,"(340, 4880, 136, 4692, 11.61)",0.0
Amount_shipped,"(340, 4880, 494, 4926, 11.95)",0.0
Amount_shipped,"(340, 4880, 627, 4796, 12.52)",0.0
Amount_shipped,"(340, 4880, 604, 4624, 12.57)",0.0
Amount_shipped,"(340, 4880, 497, 4720, 12.7)",0.0
Amount_shipped,"(340, 4880, 503, 4807, 16.06)",0.0
Amount_shipped,"(340, 4880, 612, 4678, 16.32)",0.0
Amount_shipped,"(340, 4880, 345, 4695, 23.25)",0.0
Amount_shipped,"(340, 4880, 696, 4535, 23.59)",0.0
Amount_shipped,"(340, 4880, 250, 4682, 28.56)",0.0
Amount_shipped,"(340, 4880, 572, 4680, 30.45)",0.0
Amount_shipped,"(340, 4880, 371, 4764, 52.72)",0.0
Amount_shipped,"(340, 4880, 312, 4747, 62.13)",0.0
Amount_shipped,"(340, 4880, 417, 4874, 76.13)",0.0
Amount_shipped,"(340, 4880, 350, 4738, 111.96)",0.0
Amount_shipped,"(340, 4880, 327, 4722, 125.89)",0.0
Amount_shipped,"(340, 4880, 555, 4937, 127.49)",0.0
Amount_shipped,"(340, 4880, 239, 4765, 151.68)",0.0
Amount_shipped,"(340, 4880, 558, 4583, 208.94)",0.0
Amount_shipped,"(340, 4880, 592, 4773, 272.69)",0.0
Amount_shipped,"(340, 4880, 303, 4682, 594.76)",0.0
Amount_shipped,"(340, 4880, 519, 4618, 758.82)",0.0
Amount_shipped,"(340, 4880, 190, 4740, 907.18)",0.0
Amount_shipped,"(340, 4880, 604, 4955, 907.45)",0.0
Amount_shipped,"(340, 4880, 334, 4799, 1285.48)",0.0
Amount_shipped,"(340, 4880, 402, 4762, 1356.12)",0.0
Amount_shipped,"(340, 4900, 604, 4556, 10.77)",0.0
Amount_shipped,"(340, 4900, 545, 4715, 11.01)",0.0
Amount_shipped,"(340, 4900, 598, 4885, 11.15)",0.0
Amount_shipped,"(340, 4900, 622, 4729, 11.5)",0.0
Amount_shipped,"(340, 4900, 136, 4692, 11.61)",0.0
Amount_shipped,"(340, 4900, 494, 4926, 11.95)",0.0
Amount_shipped,"(340, 4900, 627, 4796, 12.52)",0.0
Amount_shipped,"(340, 4900, 604, 4624, 12.57)",0.0
Amount_shipped,"(340, 4900, 497, 4720, 12.7)",0.0
Amount_shipped,"(340, 4900, 503, 4807, 16.06)",0.0
Amount_shipped,"(340, 4900, 612, 4678, 16.32)",0.0
Amount_shipped,"(340, 4900, 345, 4695, 23.25)",0.0
Amount_shipped,"(340, 4900, 696, 4535, 23.59)",0.0
Amount_shipped,"(340, 4900, 250, 4682, 28.56)",0.0
Amount_shipped,"(340, 4900, 572, 4680, 30.45)",0.0
Amount_shipped,"(340, 4900, 371, 4764, 52.72)",0.0
Amount_shipped,"(340, 4900, 312, 4747, 62.13)",0.0
Amount_shipped,"(340, 4900, 417, 4874, 76.13)",0.0
Amount_shipped,"(340, 4900, 350, 4738, 111.96)",0.0
Amount_shipped,"(340, 4900, 327, 4722, 125.89)",0.0
Amount_shipped,"(340, 4900, 555, 4937, 127.49)",0.0
Amount_shipped,"(340, 4900, 239, 4765, 151.68)",0.0
Amount_shipped,"(340, 4900, 558, 4583, 208.94)",0.0
Amount_shipped,"(340, 4900, 592, 4773, 272.69)",0.0
Amount_shipped,"(340, 4900, 303, 4682, 594.76)",0.0
Amount_shipped,"(340, 4900, 519, 4618, 758.82)",0.0
Amount_shipped,"(340, 4900, 190, 4740, 907.18)",0.0
Amount_shipped,"(340, 4900, 604, 4955, 907.45)",0.0
Amount_shipped,"(340, 4900, 334, 4799, 1285.48)",0.0
Amount_shipped,"(340, 4900, 402, 4762, 1356.12)",0.0
Amount_shipped,"(340, 4920, 604, 4556, 10.77)",0.0
Amount_shipped,"(340, 4920, 545, 4715, 11.01)",0.0
Amount_shipped,"(340, 4920, 598, 4885, 11.15)",0.0
Amount_shipped,"(340, 4920, 622, 4729, 11.5)",0.0
Amount_shipped,"(340, 4920, 136, 4692, 11.61)",0.0
Amount_shipped,"(340, 4920, 494, 4926, 11.95)",0.0
Amount_shipped,"(340, 4920, 627, 4796, 12.52)",0.0
Amount_shipped,"(340, 4920, 604, 4624, 12.57)",0.0
Amount_shipped,"(340, 4920, 497, 4720, 12.7)",0.0
Amount_shipped,"(340, 4920, 503, 4807, 16.06)",0.0
Amount_shipped,"(340, 4920, 612, 4678, 16.32)",0.0
Amount_shipped,"(340, 4920, 345, 4695, 23.25)",0.0
Amount_shipped,"(340, 4920, 696, 4535, 23.59)",0.0
Amount_shipped,"(340, 4920, 250, 4682, 28.56)",0.0
Amount_shipped,"(340, 4920, 572, 4680, 30.45)",0.0
Amount_shipped,"(340, 4920, 371, 4764, 52.72)",0.0
Amount_shipped,"(340, 4920, 312, 4747, 62.13)",0.0
Amount_shipped,"(340, 4920, 417, 4874, 76.13)",0.0
Amount_shipped,"(340, 4920, 350, 4738, 111.96)",0.0
Amount_shipped,"(340, 4920, 327, 4722, 125.89)",0.0
Amount_shipped,"(340, 4920, 555, 4937, 127.49)",0.0
Amount_shipped,"(340, 4920, 239, 4765, 151.68)",0.0
Amount_shipped,"(340, 4920, 558, 4583, 208.94)",0.0
Amount_shipped,"(340, 4920, 592, 4773, 272.69)",0.0
Amount_shipped,"(340, 4920, 303, 4682, 594.76)",0.0
Amount_shipped,"(340, 4920, 519, 4618, 758.82)",0.0
Amount_shipped,"(340, 4920, 190, 4740, 907.18)",0.0
Amount_shipped,"(340, 4920, 604, 4955, 907.45)",0.0
Amount_shipped,"(340, 4920, 334, 4799, 1285.48)",0.0
Amount_shipped,"(340, 4920, 402, 4762, 1356.12)",0.0
Amount_shipped,"(340, 4940, 604, 4556, 10.77)",0.0
Amount_shipped,"(340, 4940, 545, 4715, 11.01)",0.0
Amount_shipped,"(340, 4940, 598, 4885, 11.15)",0.0
Amount_shipped,"(340, 4940, 622, 4729, 11.5)",0.0
Amount_shipped,"(340, 4940, 136, 4692, 11.61)",0.0
Amount_shipped,"(340, 4940, 494, 4926, 11.95)",0.0
Amount_shipped,"(340, 4940, 627, 4796, 12.52)",0.0
Amount_shipped,"(340, 4940, 604, 4624, 12.57)",0.0
Amount_shipped,"(340, 4940, 497, 4720, 12.7)",0.0
Amount_shipped,"(340, 4940, 503, 4807, 16.06)",0.0
Amount_shipped,"(340, 4940, 612, 4678, 16.32)",0.0
Amount_shipped,"(340, 4940, 345, 4695, 23.25)",0.0
Amount_shipped,"(340, 4940, 696, 4535, 23.59)",0.0
Amount_shipped,"(340, 4940, 250, 4682, 28.56)",0.0
Amount_shipped,"(340, 4940, 572, 4680, 30.45)",0.0
Amount_shipped,"(340, 4940, 371, 4764, 52.72)",0.0
Amount_shipped,"(340, 4940, 312, 4747, 62.13)",0.0
Amount_shipped,"(340, 4940, 417, 4874, 76.13)",0.0
Amount_shipped,"(340, 4940, 350, 4738, 111.96)",0.0
Amount_shipped,"(340, 4940, 327, 4722, 125.89)",0.0
Amount_shipped,"(340, 4940, 555, 4937, 127.49)",0.0
Amount_shipped,"(340, 4940, 239, 4765, 151.68)",0.0
Amount_shipped,"(340, 4940, 558, 4583, 208.94)",0.0
Amount_shipped,"(340, 4940, 592, 4773, 272.69)",0.0
Amount_shipped,"(340, 4940, 303, 4682, 594.76)",0.0
Amount_shipped,"(340, 4940, 519, 4618, 758.82)",0.0
Amount_shipped,"(340, 4940, 190, 4740, 907.18)",0.0
Amount_shipped,"(340, 4940, 604, 4955, 907.45)",0.0
Amount_shipped,"(340, 4940, 334, 4799, 1285.48)",0.0
Amount_shipped,"(340, 4940, 402, 4762, 1356.12)",0.0
Amount_shipped,"(340, 4960, 604, 4556, 10.77)",0.0
Amount_shipped,"(340, 4960, 545, 4715, 11.01)",0.0
Amount_shipped,"(340, 4960, 598, 4885, 11.15)",0.0
Amount_shipped,"(340, 4960, 622, 4729, 11.5)",0.0
Amount_shipped,"(340, 4960, 136, 4692, 11.61)",0.0
Amount_shipped,"(340, 4960, 494, 4926, 11.95)",0.0
Amount_shipped,"(340, 4960, 627, 4796, 12.52)",0.0
Amount_shipped,"(340, 4960, 604, 4624, 12.57)",0.0
Amount_shipped,"(340, 4960, 497, 4720, 12.7)",0.0
Amount_shipped,"(340, 4960, 503, 4807, 16.06)",0.0
Amount_shipped,"(340, 4960, 612, 4678, 16.32)",0.0
Amount_shipped,"(340, 4960, 345, 4695, 23.25)",0.0
Amount_shipped,"(340, 4960, 696, 4535, 23.59)",0.0
Amount_shipped,"(340, 4960, 250, 4682, 28.56)",0.0
Amount_shipped,"(340, 4960, 572, 4680, 30.45)",0.0
Amount_shipped,"(340, 4960, 371, 4764, 52.72)",0.0
Amount_shipped,"(340, 4960, 312, 4747, 62.13)",0.0
Amount_shipped,"(340, 4960, 417, 4874, 76.13)",0.0
Amount_shipped,"(340, 4960, 350, 4738, 111.96)",0.0
Amount_shipped,"(340, 4960, 327, 4722, 125.89)",0.0
Amount_shipped,"(340, 4960, 555, 4937, 127.49)",0.0
Amount_shipped,"(340, 4960, 239, 4765, 151.68)",0.0
Amount_shipped,"(340, 4960, 558, 4583, 208.94)",0.0
Amount_shipped,"(340, 4960, 592, 4773, 272.69)",0.0
Amount_shipped,"(340, 4960, 303, 4682, 594.76)",0.0
Amount_shipped,"(340, 4960, 519, 4618, 758.82)",0.0
Amount_shipped,"(340, 4960, 190, 4740, 907.18)",0.0
Amount_shipped,"(340, 4960, 604, 4955, 907.45)",0.0
Amount_shipped,"(340, 4960, 334, 4799, 1285.48)",0.0
Amount_shipped,"(340, 4960, 402, 4762, 1356.12)",0.0
Amount_shipped,"(340, 4980, 604, 4556, 10.77)",0.0
Amount_shipped,"(340, 4980, 545, 4715, 11.01)",0.0
Amount_shipped,"(340, 4980, 598, 4885, 11.15)",0.0
Amount_shipped,"(340, 4980, 622, 4729, 11.5)",0.0
Amount_shipped,"(340, 4980, 136, 4692, 11.61)",0.0
Amount_shipped,"(340, 4980, 494, 4926, 11.95)",0.0
Amount_shipped,"(340, 4980, 627, 4796, 12.52)",0.0
Amount_shipped,"(340, 4980, 604, 4624, 12.57)",0.0
Amount_shipped,"(340, 4980, 497, 4720, 12.7)",0.0
Amount_shipped,"(340, 4980, 503, 4807, 16.06)",0.0
Amount_shipped,"(340, 4980, 612, 4678, 16.32)",0.0
Amount_shipped,"(340, 4980, 345, 4695, 23.25)",0.0
Amount_shipped,"(340, 4980, 696, 4535, 23.59)",0.0
Amount_shipped,"(340, 4980, 250, 4682, 28.56)",0.0
Amount_shipped,"(340, 4980, 572, 4680, 30.45)",0.0
Amount_shipped,"(340, 4980, 371, 4764, 52.72)",0.0
Amount_shipped,"(340, 4980, 312, 4747, 62.13)",0.0
Amount_shipped,"(340, 4980, 417, 4874, 76.13)",0.0
Amount_shipped,"(340, 4980, 350, 4738, 111.96)",0.0
Amount_shipped,"(340, 4980, 327, 4722, 125.89)",0.0
Amount_shipped,"(340, 4980, 555, 4937, 127.49)",0.0
Amount_shipped,"(340, 4980, 239, 4765, 151.68)",0.0
Amount_shipped,"(340, 4980, 558, 4583, 208.94)",0.0
Amount_shipped,"(340, 4980, 592, 4773, 272.69)",0.0
Amount_shipped,"(340, 4980, 303, 4682, 594.76)",0.0
Amount_shipped,"(340, 4980, 519, 4618, 758.82)",0.0
Amount_shipped,"(340, 4980, 190, 4740, 907.18)",0.0
Amount_shipped,"(340, 4980, 604, 4955, 907.45)",0.0
Amount_shipped,"(340, 4980, 334, 4799, 1285.48)",0.0
Amount_shipped,"(340, 4980, 402, 4762, 1356.12)",0.0
Amount_shipped,"(360, 4440, 604, 4556, 10.77)",0.0
Amount_shipped,"(360, 4440, 545, 4715, 11.01)",0.0
Amount_shipped,"(360, 4440, 598, 4885, 11.15)",0.0
Amount_shipped,"(360, 4440, 622, 4729, 11.5)",0.0
Amount_shipped,"(360, 4440, 136, 4692, 11.61)",0.0
Amount_shipped,"(360, 4440, 494, 4926, 11.95)",0.0
Amount_shipped,"(360, 4440, 627, 4796, 12.52)",0.0
Amount_shipped,"(360, 4440, 604, 4624, 12.57)",0.0
Amount_shipped,"(360, 4440, 497, 4720, 12.7)",0.0
Amount_shipped,"(360, 4440, 503, 4807, 16.06)",0.0
Amount_shipped,"(360, 4440, 612, 4678, 16.32)",0.0
Amount_shipped,"(360, 4440, 345, 4695, 23.25)",0.0
Amount_shipped,"(360, 4440, 696, 4535, 23.59)",0.0
Amount_shipped,"(360, 4440, 250, 4682, 28.56)",0.0
Amount_shipped,"(360, 4440, 572, 4680, 30.45)",0.0
Amount_shipped,"(360, 4440, 371, 4764, 52.72)",0.0
Amount_shipped,"(360, 4440, 312, 4747, 62.13)",0.0
Amount_shipped,"(360, 4440, 417, 4874, 76.13)",0.0
Amount_shipped,"(360, 4440, 350, 4738, 111.96)",0.0
Amount_shipped,"(360, 4440, 327, 4722, 125.89)",0.0
Amount_shipped,"(360, 4440, 555, 4937, 127.49)",0.0
Amount_shipped,"(360, 4440, 239, 4765, 151.68)",0.0
Amount_shipped,"(360, 4440, 558, 4583, 208.94)",0.0
Amount_shipped,"(360, 4440, 592, 4773, 272.69)",0.0
Amount_shipped,"(360, 4440, 303, 4682, 594.76)",0.0
Amount_shipped,"(360, 4440, 519, 4618, 758.82)",0.0
Amount_shipped,"(360, 4440, 190, 4740, 907.18)",0.0
Amount_shipped,"(360, 4440, 604, 4955, 907.45)",0.0
Amount_shipped,"(360, 4440, 334, 4799, 1285.48)",0.0
Amount_shipped,"(360, 4440, 402, 4762, 1356.12)",0.0
Amount_shipped,"(360, 4460, 604, 4556, 10.77)",0.0
Amount_shipped,"(360, 4460, 545, 4715, 11.01)",0.0
Amount_shipped,"(360, 4460, 598, 4885, 11.15)",0.0
Amount_shipped,"(360, 4460, 622, 4729, 11.5)",0.0
Amount_shipped,"(360, 4460, 136, 4692, 11.61)",0.0
Amount_shipped,"(360, 4460, 494, 4926, 11.95)",0.0
Amount_shipped,"(360, 4460, 627, 4796, 12.52)",0.0
Amount_shipped,"(360, 4460, 604, 4624, 12.57)",0.0
Amount_shipped,"(360, 4460, 497, 4720, 12.7)",0.0
Amount_shipped,"(360, 4460, 503, 4807, 16.06)",0.0
Amount_shipped,"(360, 4460, 612, 4678, 16.32)",0.0
Amount_shipped,"(360, 4460, 345, 4695, 23.25)",0.0
Amount_shipped,"(360, 4460, 696, 4535, 23.59)",0.0
Amount_shipped,"(360, 4460, 250, 4682, 28.56)",0.0
Amount_shipped,"(360, 4460, 572, 4680, 30.45)",0.0
Amount_shipped,"(360, 4460, 371, 4764, 52.72)",0.0
Amount_shipped,"(360, 4460, 312, 4747, 62.13)",0.0
Amount_shipped,"(360, 4460, 417, 4874, 76.13)",0.0
Amount_shipped,"(360, 4460, 350, 4738, 111.96)",0.0
Amount_shipped,"(360, 4460, 327, 4722, 125.89)",0.0
Amount_shipped,"(360, 4460, 555, 4937, 127.49)",0.0
Amount_shipped,"(360, 4460, 239, 4765, 151.68)",0.0
Amount_shipped,"(360, 4460, 558, 4583, 208.94)",0.0
Amount_shipped,"(360, 4460, 592, 4773, 272.69)",0.0
Amount_shipped,"(360, 4460, 303, 4682, 594.76)",0.0
Amount_shipped,"(360, 4460, 519, 4618, 758.82)",0.0
Amount_shipped,"(360, 4460, 190, 4740, 907.18)",0.0
Amount_shipped,"(360, 4460, 604, 4955, 907.45)",0.0
Amount_shipped,"(360, 4460, 334, 4799, 1285.48)",0.0
Amount_shipped,"(360, 4460, 402, 4762, 1356.12)",0.0
Amount_shipped,"(360, 4480, 604, 4556, 10.77)",0.0
Amount_shipped,"(360, 4480, 545, 4715, 11.01)",0.0
Amount_shipped,"(360, 4480, 598, 4885, 11.15)",0.0
Amount_shipped,"(360, 4480, 622, 4729, 11.5)",0.0
Amount_shipped,"(360, 4480, 136, 4692, 11.61)",0.0
Amount_shipped,"(360, 4480, 494, 4926, 11.95)",0.0
Amount_shipped,"(360, 4480, 627, 4796, 12.52)",0.0
Amount_shipped,"(360, 4480, 604, 4624, 12.57)",0.0
Amount_shipped,"(360, 4480, 497, 4720, 12.7)",0.0
Amount_shipped,"(360, 4480, 503, 4807, 16.06)",0.0
Amount_shipped,"(360, 4480, 612, 4678, 16.32)",0.0
Amount_shipped,"(360, 4480, 345, 4695, 23.25)",0.0
Amount_shipped,"(360, 4480, 696, 4535, 23.59)",0.0
Amount_shipped,"(360, 4480, 250, 4682, 28.56)",0.0
Amount_shipped,"(360, 4480, 572, 4680, 30.45)",0.0
Amount_shipped,"(360, 4480, 371, 4764, 52.72)",0.0
Amount_shipped,"(360, 4480, 312, 4747, 62.13)",0.0
Amount_shipped,"(360, 4480, 417, 4874, 76.13)",0.0
Amount_shipped,"(360, 4480, 350, 4738, 111.96)",0.0
Amount_shipped,"(360, 4480, 327, 4722, 125.89)",0.0
Amount_shipped,"(360, 4480, 555, 4937, 127.49)",0.0
Amount_shipped,"(360, 4480, 239, 4765, 151.68)",0.0
Amount_shipped,"(360, 4480, 558, 4583, 208.94)",0.0
Amount_shipped,"(360, 4480, 592, 4773, 272.69)",0.0
Amount_shipped,"(360, 4480, 303, 4682, 594.76)",0.0
Amount_shipped,"(360, 4480, 519, 4618, 758.82)",0.0
Amount_shipped,"(360, 4480, 190, 4740, 907.18)",0.0
Amount_shipped,"(360, 4480, 604, 4955, 907.45)",0.0
Amount_shipped,"(360, 4480, 334, 4799, 1285.48)",0.0
Amount_shipped,"(360, 4480, 402, 4762, 1356.12)",0.0
Amount_shipped,"(360, 4500, 604, 4556, 10.77)",0.0
Amount_shipped,"(360, 4500, 545, 4715, 11.01)",0.0
Amount_shipped,"(360, 4500, 598, 4885, 11.15)",0.0
Amount_shipped,"(360, 4500, 622, 4729, 11.5)",0.0
Amount_shipped,"(360, 4500, 136, 4692, 11.61)",0.0
Amount_shipped,"(360, 4500, 494, 4926, 11.95)",0.0
Amount_shipped,"(360, 4500, 627, 4796, 12.52)",0.0
Amount_shipped,"(360, 4500, 604, 4624, 12.57)",0.0
Amount_shipped,"(360, 4500, 497, 4720, 12.7)",0.0
Amount_shipped,"(360, 4500, 503, 4807, 16.06)",0.0
Amount_shipped,"(360, 4500, 612, 4678, 16.32)",0.0
Amount_shipped,"(360, 4500, 345, 4695, 23.25)",0.0
Amount_shipped,"(360, 4500, 696, 4535, 23.59)",0.0
Amount_shipped,"(360, 4500, 250, 4682, 28.56)",0.0
Amount_shipped,"(360, 4500, 572, 4680, 30.45)",0.0
Amount_shipped,"(360, 4500, 371, 4764, 52.72)",0.0
Amount_shipped,"(360, 4500, 312, 4747, 62.13)",0.0
Amount_shipped,"(360, 4500, 417, 4874, 76.13)",0.0
Amount_shipped,"(360, 4500, 350, 4738, 111.96)",0.0
Amount_shipped,"(360, 4500, 327, 4722, 125.89)",0.0
Amount_shipped,"(360, 4500, 555, 4937, 127.49)",0.0
Amount_shipped,"(360, 4500, 239, 4765, 151.68)",0.0
Amount_shipped,"(360, 4500, 558, 4583, 208.94)",0.0
Amount_shipped,"(360, 4500, 592, 4773, 272.69)",0.0
Amount_shipped,"(360, 4500, 303, 4682, 594.76)",0.0
Amount_shipped,"(360, 4500, 519, 4618, 758.82)",0.0
Amount_shipped,"(360, 4500, 190, 4740, 907.18)",0.0
Amount_shipped,"(360, 4500, 604, 4955, 907.45)",0.0
Amount_shipped,"(360, 4500, 334, 4799, 1285.48)",0.0
Amount_shipped,"(360, 4500, 402, 4762, 1356.12)",0.0
Amount_shipped,"(360, 4520, 604, 4556, 10.77)",0.0
Amount_shipped,"(360, 4520, 545, 4715, 11.01)",0.0
Amount_shipped,"(360, 4520, 598, 4885, 11.15)",0.0
Amount_shipped,"(360, 4520, 622, 4729, 11.5)",0.0
Amount_shipped,"(360, 4520, 136, 4692, 11.61)",0.0
Amount_shipped,"(360, 4520, 494, 4926, 11.95)",0.0
Amount_shipped,"(360, 4520, 627, 4796, 12.52)",0.0
Amount_shipped,"(360, 4520, 604, 4624, 12.57)",0.0
Amount_shipped,"(360, 4520, 497, 4720, 12.7)",0.0
Amount_shipped,"(360, 4520, 503, 4807, 16.06)",0.0
Amount_shipped,"(360, 4520, 612, 4678, 16.32)",0.0
Amount_shipped,"(360, 4520, 345, 4695, 23.25)",0.0
Amount_shipped,"(360, 4520, 696, 4535, 23.59)",0.0
Amount_shipped,"(360, 4520, 250, 4682, 28.56)",0.0
Amount_shipped,"(360, 4520, 572, 4680, 30.45)",0.0
Amount_shipped,"(360, 4520, 371, 4764, 52.72)",0.0
Amount_shipped,"(360, 4520, 312, 4747, 62.13)",0.0
Amount_shipped,"(360, 4520, 417, 4874, 76.13)",0.0
Amount_shipped,"(360, 4520, 350, 4738, 111.96)",0.0
Amount_shipped,"(360, 4520, 327, 4722, 125.89)",0.0
Amount_shipped,"(360, 4520, 555, 4937, 127.49)",0.0
Amount_shipped,"(360, 4520, 239, 4765, 151.68)",0.0
Amount_shipped,"(360, 4520, 558, 4583, 208.94)",0.0
Amount_shipped,"(360, 4520, 592, 4773, 272.69)",0.0
Amount_shipped,"(360, 4520, 303, 4682, 594.76)",0.0
Amount_shipped,"(360, 4520, 519, 4618, 758.82)",0.0
Amount_shipped,"(360, 4520, 190, 4740, 907.18)",0.0
Amount_shipped,"(360, 4520, 604, 4955, 907.45)",0.0
Amount_shipped,"(360, 4520, 334, 4799, 1285.48)",0.0
Amount_shipped,"(360, 4520, 402, 4762, 1356.12)",0.0
Amount_shipped,"(360, 4540, 604, 4556, 10.77)",0.0
Amount_shipped,"(360, 4540, 545, 4715, 11.01)",0.0
Amount_shipped,"(360, 4540, 598, 4885, 11.15)",0.0
Amount_shipped,"(360, 4540, 622, 4729, 11.5)",0.0
Amount_shipped,"(360, 4540, 136, 4692, 11.61)",0.0
Amount_shipped,"(360, 4540, 494, 4926, 11.95)",0.0
Amount_shipped,"(360, 4540, 627, 4796, 12.52)",0.0
Amount_shipped,"(360, 4540, 604, 4624, 12.57)",0.0
Amount_shipped,"(360, 4540, 497, 4720, 12.7)",0.0
Amount_shipped,"(360, 4540, 503, 4807, 16.06)",0.0
Amount_shipped,"(360, 4540, 612, 4678, 16.32)",0.0
Amount_shipped,"(360, 4540, 345, 4695, 23.25)",0.0
Amount_shipped,"(360, 4540, 696, 4535, 23.59)",0.0
Amount_shipped,"(360, 4540, 250, 4682, 28.56)",0.0
Amount_shipped,"(360, 4540, 572, 4680, 30.45)",0.0
Amount_shipped,"(360, 4540, 371, 4764, 52.72)",0.0
Amount_shipped,"(360, 4540, 312, 4747, 62.13)",0.0
Amount_shipped,"(360, 4540, 417, 4874, 76.13)",0.0
Amount_shipped,"(360, 4540, 350, 4738, 111.96)",0.0
Amount_shipped,"(360, 4540, 327, 4722, 125.89)",0.0
Amount_shipped,"(360, 4540, 555, 4937, 127.49)",0.0
Amount_shipped,"(360, 4540, 239, 4765, 151.68)",0.0
Amount_shipped,"(360, 4540, 558, 4583, 208.94)",0.0
Amount_shipped,"(360, 4540, 592, 4773, 272.69)",0.0
Amount_shipped,"(360, 4540, 303, 4682, 594.76)",0.0
Amount_shipped,"(360, 4540, 519, 4618, 758.82)",0.0
Amount_shipped,"(360, 4540, 190, 4740, 907.18)",0.0
Amount_shipped,"(360, 4540, 604, 4955, 907.45)",0.0
Amount_shipped,"(360, 4540, 334, 4799, 1285.48)",0.0
Amount_shipped,"(360, 4540, 402, 4762, 1356.12)",0.0
Amount_shipped,"(360, 4560, 604, 4556, 10.77)",0.0
Amount_shipped,"(360, 4560, 545, 4715, 11.01)",0.0
Amount_shipped,"(360, 4560, 598, 4885, 11.15)",0.0
Amount_shipped,"(360, 4560, 622, 4729, 11.5)",0.0
Amount_shipped,"(360, 4560, 136, 4692, 11.61)",0.0
Amount_shipped,"(360, 4560, 494, 4926, 11.95)",0.0
Amount_shipped,"(360, 4560, 627, 4796, 12.52)",0.0
Amount_shipped,"(360, 4560, 604, 4624, 12.57)",0.0
Amount_shipped,"(360, 4560, 497, 4720, 12.7)",0.0
Amount_shipped,"(360, 4560, 503, 4807, 16.06)",0.0
Amount_shipped,"(360, 4560, 612, 4678, 16.32)",0.0
Amount_shipped,"(360, 4560, 345, 4695, 23.25)",0.0
Amount_shipped,"(360, 4560, 696, 4535, 23.59)",0.0
Amount_shipped,"(360, 4560, 250, 4682, 28.56)",0.0
Amount_shipped,"(360, 4560, 572, 4680, 30.45)",0.0
Amount_shipped,"(360, 4560, 371, 4764, 52.72)",0.0
Amount_shipped,"(360, 4560, 312, 4747, 62.13)",0.0
Amount_shipped,"(360, 4560, 417, 4874, 76.13)",0.0
Amount_shipped,"(360, 4560, 350, 4738, 111.96)",0.0
Amount_shipped,"(360, 4560, 327, 4722, 125.89)",0.0
Amount_shipped,"(360, 4560, 555, 4937, 127.49)",0.0
Amount_shipped,"(360, 4560, 239, 4765, 151.68)",0.0
Amount_shipped,"(360, 4560, 558, 4583, 208.94)",0.0
Amount_shipped,"(360, 4560, 592, 4773, 272.69)",0.0
Amount_shipped,"(360, 4560, 303, 4682, 594.76)",0.0
Amount_shipped,"(360, 4560, 519, 4618, 758.82)",0.0
Amount_shipped,"(360, 4560, 190, 4740, 907.18)",0.0
Amount_shipped,"(360, 4560, 604, 4955, 907.45)",0.0
Amount_shipped,"(360, 4560, 334, 4799, 1285.48)",0.0
Amount_shipped,"(360, 4560, 402, 4762, 1356.12)",0.0
Amount_shipped,"(360, 4580, 604, 4556, 10.77)",0.0
Amount_shipped,"(360, 4580, 545, 4715, 11.01)",0.0
Amount_shipped,"(360, 4580, 598, 4885, 11.15)",0.0
Amount_shipped,"(360, 4580, 622, 4729, 11.5)",0.0
Amount_shipped,"(360, 4580, 136, 4692, 11.61)",0.0
Amount_shipped,"(360, 4580, 494, 4926, 11.95)",0.0
Amount_shipped,"(360, 4580, 627, 4796, 12.52)",0.0
Amount_shipped,"(360, 4580, 604, 4624, 12.57)",0.0
Amount_shipped,"(360, 4580, 497, 4720, 12.7)",0.0
Amount_shipped,"(360, 4580, 503, 4807, 16.06)",0.0
Amount_shipped,"(360, 4580, 612, 4678, 16.32)",0.0
Amount_shipped,"(360, 4580, 345, 4695, 23.25)",0.0
Amount_shipped,"(360, 4580, 696, 4535, 23.59)",0.0
Amount_shipped,"(360, 4580, 250, 4682, 28.56)",0.0
Amount_shipped,"(360, 4580, 572, 4680, 30.45)",0.0
Amount_shipped,"(360, 4580, 371, 4764, 52.72)",0.0
Amount_shipped,"(360, 4580, 312, 4747, 62.13)",0.0
Amount_shipped,"(360, 4580, 417, 4874, 76.13)",0.0
Amount_shipped,"(360, 4580, 350, 4738, 111.96)",0.0
Amount_shipped,"(360, 4580, 327, 4722, 125.89)",0.0
Amount_shipped,"(360, 4580, 555, 4937, 127.49)",0.0
Amount_shipped,"(360, 4580, 239, 4765, 151.68)",0.0
Amount_shipped,"(360, 4580, 558, 4583, 208.94)",0.0
Amount_shipped,"(360, 4580, 592, 4773, 272.69)",0.0
Amount_shipped,"(360, 4580, 303, 4682, 594.76)",0.0
Amount_shipped,"(360, 4580, 519, 4618, 758.82)",0.0
Amount_shipped,"(360, 4580, 190, 4740, 907.18)",0.0
Amount_shipped,"(360, 4580, 604, 4955, 907.45)",0.0
Amount_shipped,"(360, 4580, 334, 4799, 1285.48)",0.0
Amount_shipped,"(360, 4580, 402, 4762, 1356.12)",0.0
Amount_shipped,"(360, 4600, 604, 4556, 10.77)",0.0
Amount_shipped,"(360, 4600, 545, 4715, 11.01)",0.0
Amount_shipped,"(360, 4600, 598, 4885, 11.15)",0.0
Amount_shipped,"(360, 4600, 622, 4729, 11.5)",0.0
Amount_shipped,"(360, 4600, 136, 4692, 11.61)",0.0
Amount_shipped,"(360, 4600, 494, 4926, 11.95)",0.0
Amount_shipped,"(360, 4600, 627, 4796, 12.52)",0.0
Amount_shipped,"(360, 4600, 604, 4624, 12.57)",0.0
Amount_shipped,"(360, 4600, 497, 4720, 12.7)",0.0
Amount_shipped,"(360, 4600, 503, 4807, 16.06)",0.0
Amount_shipped,"(360, 4600, 612, 4678, 16.32)",0.0
Amount_shipped,"(360, 4600, 345, 4695, 23.25)",0.0
Amount_shipped,"(360, 4600, 696, 4535, 23.59)",0.0
Amount_shipped,"(360, 4600, 250, 4682, 28.56)",0.0
Amount_shipped,"(360, 4600, 572, 4680, 30.45)",0.0
Amount_shipped,"(360, 4600, 371, 4764, 52.72)",0.0
Amount_shipped,"(360, 4600, 312, 4747, 62.13)",0.0
Amount_shipped,"(360, 4600, 417, 4874, 76.13)",0.0
Amount_shipped,"(360, 4600, 350, 4738, 111.96)",0.0
Amount_shipped,"(360, 4600, 327, 4722, 125.89)",0.0
Amount_shipped,"(360, 4600, 555, 4937, 127.49)",0.0
Amount_shipped,"(360, 4600, 239, 4765, 151.68)",0.0
Amount_shipped,"(360, 4600, 558, 4583, 208.94)",0.0
Amount_shipped,"(360, 4600, 592, 4773, 272.69)",0.0
Amount_shipped,"(360, 4600, 303, 4682, 594.76)",0.0
Amount_shipped,"(360, 4600, 519, 4618, 758.82)",0.0
Amount_shipped,"(360, 4600, 190, 4740, 907.18)",0.0
Amount_shipped,"(360, 4600, 604, 4955, 907.45)",0.0
Amount_shipped,"(360, 4600, 334, 4799, 1285.48)",0.0
Amount_shipped,"(360, 4600, 402, 4762, 1356.12)",0.0
Amount_shipped,"(360, 4620, 604, 4556, 10.77)",0.0
Amount_shipped,"(360, 4620, 545, 4715, 11.01)",0.0
Amount_shipped,"(360, 4620, 598, 4885, 11.15)",0.0
Amount_shipped,"(360, 4620, 622, 4729, 11.5)",0.0
Amount_shipped,"(360, 4620, 136, 4692, 11.61)",0.0
Amount_shipped,"(360, 4620, 494, 4926, 11.95)",0.0
Amount_shipped,"(360, 4620, 627, 4796, 12.52)",0.0
Amount_shipped,"(360, 4620, 604, 4624, 12.57)",0.0
Amount_shipped,"(360, 4620, 497, 4720, 12.7)",0.0
Amount_shipped,"(360, 4620, 503, 4807, 16.06)",0.0
Amount_shipped,"(360, 4620, 612, 4678, 16.32)",0.0
Amount_shipped,"(360, 4620, 345, 4695, 23.25)",0.0
Amount_shipped,"(360, 4620, 696, 4535, 23.59)",0.0
Amount_shipped,"(360, 4620, 250, 4682, 28.56)",0.0
Amount_shipped,"(360, 4620, 572, 4680, 30.45)",0.0
Amount_shipped,"(360, 4620, 371, 4764, 52.72)",0.0
Amount_shipped,"(360, 4620, 312, 4747, 62.13)",0.0
Amount_shipped,"(360, 4620, 417, 4874, 76.13)",0.0
Amount_shipped,"(360, 4620, 350, 4738, 111.96)",0.0
Amount_shipped,"(360, 4620, 327, 4722, 125.89)",0.0
Amount_shipped,"(360, 4620, 555, 4937, 127.49)",0.0
Amount_shipped,"(360, 4620, 239, 4765, 151.68)",0.0
Amount_shipped,"(360, 4620, 558, 4583, 208.94)",0.0
Amount_shipped,"(360, 4620, 592, 4773, 272.69)",0.0
Amount_shipped,"(360, 4620, 303, 4682, 594.76)",0.0
Amount_shipped,"(360, 4620, 519, 4618, 758.82)",0.0
Amount_shipped,"(360, 4620, 190, 4740, 907.18)",0.0
Amount_shipped,"(360, 4620, 604, 4955, 907.45)",0.0
Amount_shipped,"(360, 4620, 334, 4799, 1285.48)",0.0
Amount_shipped,"(360, 4620, 402, 4762, 1356.12)",0.0
Amount_shipped,"(360, 4640, 604, 4556, 10.77)",0.0
Amount_shipped,"(360, 4640, 545, 4715, 11.01)",0.0
Amount_shipped,"(360, 4640, 598, 4885, 11.15)",0.0
Amount_shipped,"(360, 4640, 622, 4729, 11.5)",0.0
Amount_shipped,"(360, 4640, 136, 4692, 11.61)",0.0
Amount_shipped,"(360, 4640, 494, 4926, 11.95)",0.0
Amount_shipped,"(360, 4640, 627, 4796, 12.52)",0.0
Amount_shipped,"(360, 4640, 604, 4624, 12.57)",0.0
Amount_shipped,"(360, 4640, 497, 4720, 12.7)",0.0
Amount_shipped,"(360, 4640, 503, 4807, 16.06)",0.0
Amount_shipped,"(360, 4640, 612, 4678, 16.32)",0.0
Amount_shipped,"(360, 4640, 345, 4695, 23.25)",0.0
Amount_shipped,"(360, 4640, 696, 4535, 23.59)",0.0
Amount_shipped,"(360, 4640, 250, 4682, 28.56)",0.0
Amount_shipped,"(360, 4640, 572, 4680, 30.45)",0.0
Amount_shipped,"(360, 4640, 371, 4764, 52.72)",0.0
Amount_shipped,"(360, 4640, 312, 4747, 62.13)",0.0
Amount_shipped,"(360, 4640, 417, 4874, 76.13)",0.0
Amount_shipped,"(360, 4640, 350, 4738, 111.96)",0.0
Amount_shipped,"(360, 4640, 327, 4722, 125.89)",0.0
Amount_shipped,"(360, 4640, 555, 4937, 127.49)",0.0
Amount_shipped,"(360, 4640, 239, 4765, 151.68)",0.0
Amount_shipped,"(360, 4640, 558, 4583, 208.94)",0.0
Amount_shipped,"(360, 4640, 592, 4773, 272.69)",0.0
Amount_shipped,"(360, 4640, 303, 4682, 594.76)",0.0
Amount_shipped,"(360, 4640, 519, 4618, 758.82)",0.0
Amount_shipped,"(360, 4640, 190, 4740, 907.18)",0.0
Amount_shipped,"(360, 4640, 604, 4955, 907.45)",0.0
Amount_shipped,"(360, 4640, 334, 4799, 1285.48)",0.0
Amount_shipped,"(360, 4640, 402, 4762, 1356.12)",0.0
Amount_shipped,"(360, 4660, 604, 4556, 10.77)",0.0
Amount_shipped,"(360, 4660, 545, 4715, 11.01)",0.0
Amount_shipped,"(360, 4660, 598, 4885, 11.15)",0.0
Amount_shipped,"(360, 4660, 622, 4729, 11.5)",0.0
Amount_shipped,"(360, 4660, 136, 4692, 11.61)",0.0
Amount_shipped,"(360, 4660, 494, 4926, 11.95)",0.0
Amount_shipped,"(360, 4660, 627, 4796, 12.52)",0.0
Amount_shipped,"(360, 4660, 604, 4624, 12.57)",0.0
Amount_shipped,"(360, 4660, 497, 4720, 12.7)",0.0
Amount_shipped,"(360, 4660, 503, 4807, 16.06)",0.0
Amount_shipped,"(360, 4660, 612, 4678, 16.32)",0.0
Amount_shipped,"(360, 4660, 345, 4695, 23.25)",0.0
Amount_shipped,"(360, 4660, 696, 4535, 23.59)",0.0
Amount_shipped,"(360, 4660, 250, 4682, 28.56)",0.0
Amount_shipped,"(360, 4660, 572, 4680, 30.45)",0.0
Amount_shipped,"(360, 4660, 371, 4764, 52.72)",0.0
Amount_shipped,"(360, 4660, 312, 4747, 62.13)",0.0
Amount_shipped,"(360, 4660, 417, 4874, 76.13)",0.0
Amount_shipped,"(360, 4660, 350, 4738, 111.96)",0.0
Amount_shipped,"(360, 4660, 327, 4722, 125.89)",0.0
Amount_shipped,"(360, 4660, 555, 4937, 127.49)",0.0
Amount_shipped,"(360, 4660, 239, 4765, 151.68)",0.0
Amount_shipped,"(360, 4660, 558, 4583, 208.94)",0.0
Amount_shipped,"(360, 4660, 592, 4773, 272.69)",0.0
Amount_shipped,"(360, 4660, 303, 4682, 594.76)",0.0
Amount_shipped,"(360, 4660, 519, 4618, 758.82)",0.0
Amount_shipped,"(360, 4660, 190, 4740, 907.18)",0.0
Amount_shipped,"(360, 4660, 604, 4955, 907.45)",0.0
Amount_shipped,"(360, 4660, 334, 4799, 1285.48)",0.0
Amount_shipped,"(360, 4660, 402, 4762, 1356.12)",0.0
Amount_shipped,"(360, 4680, 604, 4556, 10.77)",0.0
Amount_shipped,"(360, 4680, 545, 4715, 11.01)",0.0
Amount_shipped,"(360, 4680, 598, 4885, 11.15)",0.0
Amount_shipped,"(360, 4680, 622, 4729, 11.5)",0.0
Amount_shipped,"(360, 4680, 136, 4692, 11.61)",0.0
Amount_shipped,"(360, 4680, 494, 4926, 11.95)",0.0
Amount_shipped,"(360, 4680, 627, 4796, 12.52)",0.0
Amount_shipped,"(360, 4680, 604, 4624, 12.57)",0.0
Amount_shipped,"(360, 4680, 497, 4720, 12.7)",0.0
Amount_shipped,"(360, 4680, 503, 4807, 16.06)",0.0
Amount_shipped,"(360, 4680, 612, 4678, 16.32)",0.0
Amount_shipped,"(360, 4680, 345, 4695, 23.25)",0.0
Amount_shipped,"(360, 4680, 696, 4535, 23.59)",0.0
Amount_shipped,"(360, 4680, 250, 4682, 28.56)",0.0
Amount_shipped,"(360, 4680, 572, 4680, 30.45)",0.0
Amount_shipped,"(360, 4680, 371, 4764, 52.72)",0.0
Amount_shipped,"(360, 4680, 312, 4747, 62.13)",0.0
Amount_shipped,"(360, 4680, 417, 4874, 76.13)",0.0
Amount_shipped,"(360, 4680, 350, 4738, 111.96)",0.0
Amount_shipped,"(360, 4680, 327, 4722, 125.89)",0.0
Amount_shipped,"(360, 4680, 555, 4937, 127.49)",0.0
Amount_shipped,"(360, 4680, 239, 4765, 151.68)",0.0
Amount_shipped,"(360, 4680, 558, 4583, 208.94)",0.0
Amount_shipped,"(360, 4680, 592, 4773, 272.69)",0.0
Amount_shipped,"(360, 4680, 303, 4682, 594.76)",0.0
Amount_shipped,"(360, 4680, 519, 4618, 758.82)",0.0
Amount_shipped,"(360, 4680, 190, 4740, 907.18)",0.0
Amount_shipped,"(360, 4680, 604, 4955, 907.45)",0.0
Amount_shipped,"(360, 4680, 334, 4799, 1285.48)",0.0
Amount_shipped,"(360, 4680, 402, 4762, 1356.12)",0.0
Amount_shipped,"(360, 4700, 604, 4556, 10.77)",0.0
Amount_shipped,"(360, 4700, 545, 4715, 11.01)",0.0
Amount_shipped,"(360, 4700, 598, 4885, 11.15)",0.0
Amount_shipped,"(360, 4700, 622, 4729, 11.5)",0.0
Amount_shipped,"(360, 4700, 136, 4692, 11.61)",0.0
Amount_shipped,"(360, 4700, 494, 4926, 11.95)",0.0
Amount_shipped,"(360, 4700, 627, 4796, 12.52)",0.0
Amount_shipped,"(360, 4700, 604, 4624, 12.57)",0.0
Amount_shipped,"(360, 4700, 497, 4720, 12.7)",0.0
Amount_shipped,"(360, 4700, 503, 4807, 16.06)",0.0
Amount_shipped,"(360, 4700, 612, 4678, 16.32)",0.0
Amount_shipped,"(360, 4700, 345, 4695, 23.25)",0.0
Amount_shipped,"(360, 4700, 696, 4535, 23.59)",0.0
Amount_shipped,"(360, 4700, 250, 4682, 28.56)",0.0
Amount_shipped,"(360, 4700, 572, 4680, 30.45)",0.0
Amount_shipped,"(360, 4700, 371, 4764, 52.72)",0.0
Amount_shipped,"(360, 4700, 312, 4747, 62.13)",0.0
Amount_shipped,"(360, 4700, 417, 4874, 76.13)",0.0
Amount_shipped,"(360, 4700, 350, 4738, 111.96)",0.0
Amount_shipped,"(360, 4700, 327, 4722, 125.89)",0.0
Amount_shipped,"(360, 4700, 555, 4937, 127.49)",0.0
Amount_shipped,"(360, 4700, 239, 4765, 151.68)",0.0
Amount_shipped,"(360, 4700, 558, 4583, 208.94)",0.0
Amount_shipped,"(360, 4700, 592, 4773, 272.69)",0.0
Amount_shipped,"(360, 4700, 303, 4682, 594.76)",0.0
Amount_shipped,"(360, 4700, 519, 4618, 758.82)",0.0
Amount_shipped,"(360, 4700, 190, 4740, 907.18)",0.0
Amount_shipped,"(360, 4700, 604, 4955, 907.45)",0.0
Amount_shipped,"(360, 4700, 334, 4799, 1285.48)",0.0
Amount_shipped,"(360, 4700, 402, 4762, 1356.12)",0.0
Amount_shipped,"(360, 4720, 604, 4556, 10.77)",0.0
Amount_shipped,"(360, 4720, 545, 4715, 11.01)",0.0
Amount_shipped,"(360, 4720, 598, 4885, 11.15)",0.0
Amount_shipped,"(360, 4720, 622, 4729, 11.5)",0.0
Amount_shipped,"(360, 4720, 136, 4692, 11.61)",0.0
Amount_shipped,"(360, 4720, 494, 4926, 11.95)",0.0
Amount_shipped,"(360, 4720, 627, 4796, 12.52)",0.0
Amount_shipped,"(360, 4720, 604, 4624, 12.57)",0.0
Amount_shipped,"(360, 4720, 497, 4720, 12.7)",0.0
Amount_shipped,"(360, 4720, 503, 4807, 16.06)",0.0
Amount_shipped,"(360, 4720, 612, 4678, 16.32)",0.0
Amount_shipped,"(360, 4720, 345, 4695, 23.25)",0.0
Amount_shipped,"(360, 4720, 696, 4535, 23.59)",0.0
Amount_shipped,"(360, 4720, 250, 4682, 28.56)",0.0
Amount_shipped,"(360, 4720, 572, 4680, 30.45)",0.0
Amount_shipped,"(360, 4720, 371, 4764, 52.72)",0.0
Amount_shipped,"(360, 4720, 312, 4747, 62.13)",0.0
Amount_shipped,"(360, 4720, 417, 4874, 76.13)",0.0
Amount_shipped,"(360, 4720, 350, 4738, 111.96)",0.0
Amount_shipped,"(360, 4720, 327, 4722, 125.89)",0.0
Amount_shipped,"(360, 4720, 555, 4937, 127.49)",0.0
Amount_shipped,"(360, 4720, 239, 4765, 151.68)",0.0
Amount_shipped,"(360, 4720, 558, 4583, 208.94)",0.0
Amount_shipped,"(360, 4720, 592, 4773, 272.69)",0.0
Amount_shipped,"(360, 4720, 303, 4682, 594.76)",0.0
Amount_shipped,"(360, 4720, 519, 4618, 758.82)",0.0
Amount_shipped,"(360, 4720, 190, 4740, 907.18)",0.0
Amount_shipped,"(360, 4720, 604, 4955, 907.45)",0.0
Amount_shipped,"(360, 4720, 334, 4799, 1285.48)",0.0
Amount_shipped,"(360, 4720, 402, 4762, 1356.12)",0.0
Amount_shipped,"(360, 4740, 604, 4556, 10.77)",0.0
Amount_shipped,"(360, 4740, 545, 4715, 11.01)",0.0
Amount_shipped,"(360, 4740, 598, 4885, 11.15)",0.0
Amount_shipped,"(360, 4740, 622, 4729, 11.5)",0.0
Amount_shipped,"(360, 4740, 136, 4692, 11.61)",0.0
Amount_shipped,"(360, 4740, 494, 4926, 11.95)",0.0
Amount_shipped,"(360, 4740, 627, 4796, 12.52)",0.0
Amount_shipped,"(360, 4740, 604, 4624, 12.57)",0.0
Amount_shipped,"(360, 4740, 497, 4720, 12.7)",0.0
Amount_shipped,"(360, 4740, 503, 4807, 16.06)",0.0
Amount_shipped,"(360, 4740, 612, 4678, 16.32)",0.0
Amount_shipped,"(360, 4740, 345, 4695, 23.25)",0.0
Amount_shipped,"(360, 4740, 696, 4535, 23.59)",0.0
Amount_shipped,"(360, 4740, 250, 4682, 28.56)",0.0
Amount_shipped,"(360, 4740, 572, 4680, 30.45)",0.0
Amount_shipped,"(360, 4740, 371, 4764, 52.72)",0.0
Amount_shipped,"(360, 4740, 312, 4747, 62.13)",0.0
Amount_shipped,"(360, 4740, 417, 4874, 76.13)",0.0
Amount_shipped,"(360, 4740, 350, 4738, 111.96)",0.0
Amount_shipped,"(360, 4740, 327, 4722, 125.89)",0.0
Amount_shipped,"(360, 4740, 555, 4937, 127.49)",0.0
Amount_shipped,"(360, 4740, 239, 4765, 151.68)",0.0
Amount_shipped,"(360, 4740, 558, 4583, 208.94)",0.0
Amount_shipped,"(360, 4740, 592, 4773, 272.69)",0.0
Amount_shipped,"(360, 4740, 303, 4682, 594.76)",0.0
Amount_shipped,"(360, 4740, 519, 4618, 758.82)",0.0
Amount_shipped,"(360, 4740, 190, 4740, 907.18)",0.0
Amount_shipped,"(360, 4740, 604, 4955, 907.45)",0.0
Amount_shipped,"(360, 4740, 334, 4799, 1285.48)",0.0
Amount_shipped,"(360, 4740, 402, 4762, 1356.12)",0.0
Amount_shipped,"(360, 4760, 604, 4556, 10.77)",0.0
Amount_shipped,"(360, 4760, 545, 4715, 11.01)",11.01
Amount_shipped,"(360, 4760, 598, 4885, 11.15)",0.0
Amount_shipped,"(360, 4760, 622, 4729, 11.5)",11.5
Amount_shipped,"(360, 4760, 136, 4692, 11.61)",11.61
Amount_shipped,"(360, 4760, 494, 4926, 11.95)",11.95
Amount_shipped,"(360, 4760, 627, 4796, 12.52)",12.52
Amount_shipped,"(360, 4760, 604, 4624, 12.57)",5.869999999999997
Amount_shipped,"(360, 4760, 497, 4720, 12.7)",12.7
Amount_shipped,"(360, 4760, 503, 4807, 16.06)",16.06
Amount_shipped,"(360, 4760, 612, 4678, 16.32)",16.32
Amount_shipped,"(360, 4760, 345, 4695, 23.25)",23.25
Amount_shipped,"(360, 4760, 696, 4535, 23.59)",0.0
Amount_shipped,"(360, 4760, 250, 4682, 28.56)",28.56
Amount_shipped,"(360, 4760, 572, 4680, 30.45)",30.45
Amount_shipped,"(360, 4760, 371, 4764, 52.72)",52.72
Amount_shipped,"(360, 4760, 312, 4747, 62.13)",62.13
Amount_shipped,"(360, 4760, 417, 4874, 76.13)",76.13
Amount_shipped,"(360, 4760, 350, 4738, 111.96)",111.96
Amount_shipped,"(360, 4760, 327, 4722, 125.89)",125.89
Amount_shipped,"(360, 4760, 555, 4937, 127.49)",0.0
Amount_shipped,"(360, 4760, 239, 4765, 151.68)",151.68
Amount_shipped,"(360, 4760, 558, 4583, 208.94)",0.0
Amount_shipped,"(360, 4760, 592, 4773, 272.69)",272.69
Amount_shipped,"(360, 4760, 303, 4682, 594.76)",594.76
Amount_shipped,"(360, 4760, 519, 4618, 758.82)",758.82
Amount_shipped,"(360, 4760, 190, 4740, 907.18)",907.18
Amount_shipped,"(360, 4760, 604, 4955, 907.45)",0.0
Amount_shipped,"(360, 4760, 334, 4799, 1285.48)",1285.48
Amount_shipped,"(360, 4760, 402, 4762, 1356.12)",1356.12
Amount_shipped,"(360, 4780, 604, 4556, 10.77)",0.0
Amount_shipped,"(360, 4780, 545, 4715, 11.01)",0.0
Amount_shipped,"(360, 4780, 598, 4885, 11.15)",0.0
Amount_shipped,"(360, 4780, 622, 4729, 11.5)",0.0
Amount_shipped,"(360, 4780, 136, 4692, 11.61)",0.0
Amount_shipped,"(360, 4780, 494, 4926, 11.95)",0.0
Amount_shipped,"(360, 4780, 627, 4796, 12.52)",0.0
Amount_shipped,"(360, 4780, 604, 4624, 12.57)",0.0
Amount_shipped,"(360, 4780, 497, 4720, 12.7)",0.0
Amount_shipped,"(360, 4780, 503, 4807, 16.06)",0.0
Amount_shipped,"(360, 4780, 612, 4678, 16.32)",0.0
Amount_shipped,"(360, 4780, 345, 4695, 23.25)",0.0
Amount_shipped,"(360, 4780, 696, 4535, 23.59)",0.0
Amount_shipped,"(360, 4780, 250, 4682, 28.56)",0.0
Amount_shipped,"(360, 4780, 572, 4680, 30.45)",0.0
Amount_shipped,"(360, 4780, 371, 4764, 52.72)",0.0
Amount_shipped,"(360, 4780, 312, 4747, 62.13)",0.0
Amount_shipped,"(360, 4780, 417, 4874, 76.13)",0.0
Amount_shipped,"(360, 4780, 350, 4738, 111.96)",0.0
Amount_shipped,"(360, 4780, 327, 4722, 125.89)",0.0
Amount_shipped,"(360, 4780, 555, 4937, 127.49)",0.0
Amount_shipped,"(360, 4780, 239, 4765, 151.68)",0.0
Amount_shipped,"(360, 4780, 558, 4583, 208.94)",0.0
Amount_shipped,"(360, 4780, 592, 4773, 272.69)",0.0
Amount_shipped,"(360, 4780, 303, 4682, 594.76)",0.0
Amount_shipped,"(360, 4780, 519, 4618, 758.82)",0.0
Amount_shipped,"(360, 4780, 190, 4740, 907.18)",0.0
Amount_shipped,"(360, 4780, 604, 4955, 907.45)",0.0
Amount_shipped,"(360, 4780, 334, 4799, 1285.48)",0.0
Amount_shipped,"(360, 4780, 402, 4762, 1356.12)",0.0
Amount_shipped,"(360, 4800, 604, 4556, 10.77)",0.0
Amount_shipped,"(360, 4800, 545, 4715, 11.01)",0.0
Amount_shipped,"(360, 4800, 598, 4885, 11.15)",0.0
Amount_shipped,"(360, 4800, 622, 4729, 11.5)",0.0
Amount_shipped,"(360, 4800, 136, 4692, 11.61)",0.0
Amount_shipped,"(360, 4800, 494, 4926, 11.95)",0.0
Amount_shipped,"(360, 4800, 627, 4796, 12.52)",0.0
Amount_shipped,"(360, 4800, 604, 4624, 12.57)",0.0
Amount_shipped,"(360, 4800, 497, 4720, 12.7)",0.0
Amount_shipped,"(360, 4800, 503, 4807, 16.06)",0.0
Amount_shipped,"(360, 4800, 612, 4678, 16.32)",0.0
Amount_shipped,"(360, 4800, 345, 4695, 23.25)",0.0
Amount_shipped,"(360, 4800, 696, 4535, 23.59)",0.0
Amount_shipped,"(360, 4800, 250, 4682, 28.56)",0.0
Amount_shipped,"(360, 4800, 572, 4680, 30.45)",0.0
Amount_shipped,"(360, 4800, 371, 4764, 52.72)",0.0
Amount_shipped,"(360, 4800, 312, 4747, 62.13)",0.0
Amount_shipped,"(360, 4800, 417, 4874, 76.13)",0.0
Amount_shipped,"(360, 4800, 350, 4738, 111.96)",0.0
Amount_shipped,"(360, 4800, 327, 4722, 125.89)",0.0
Amount_shipped,"(360, 4800, 555, 4937, 127.49)",0.0
Amount_shipped,"(360, 4800, 239, 4765, 151.68)",0.0
Amount_shipped,"(360, 4800, 558, 4583, 208.94)",0.0
Amount_shipped,"(360, 4800, 592, 4773, 272.69)",0.0
Amount_shipped,"(360, 4800, 303, 4682, 594.76)",0.0
Amount_shipped,"(360, 4800, 519, 4618, 758.82)",0.0
Amount_shipped,"(360, 4800, 190, 4740, 907.18)",0.0
Amount_shipped,"(360, 4800, 604, 4955, 907.45)",0.0
Amount_shipped,"(360, 4800, 334, 4799, 1285.48)",0.0
Amount_shipped,"(360, 4800, 402, 4762, 1356.12)",0.0
Amount_shipped,"(360, 4820, 604, 4556, 10.77)",0.0
Amount_shipped,"(360, 4820, 545, 4715, 11.01)",0.0
Amount_shipped,"(360, 4820, 598, 4885, 11.15)",0.0
Amount_shipped,"(360, 4820, 622, 4729, 11.5)",0.0
Amount_shipped,"(360, 4820, 136, 4692, 11.61)",0.0
Amount_shipped,"(360, 4820, 494, 4926, 11.95)",0.0
Amount_shipped,"(360, 4820, 627, 4796, 12.52)",0.0
Amount_shipped,"(360, 4820, 604, 4624, 12.57)",0.0
Amount_shipped,"(360, 4820, 497, 4720, 12.7)",0.0
Amount_shipped,"(360, 4820, 503, 4807, 16.06)",0.0
Amount_shipped,"(360, 4820, 612, 4678, 16.32)",0.0
Amount_shipped,"(360, 4820, 345, 4695, 23.25)",0.0
Amount_shipped,"(360, 4820, 696, 4535, 23.59)",0.0
Amount_shipped,"(360, 4820, 250, 4682, 28.56)",0.0
Amount_shipped,"(360, 4820, 572, 4680, 30.45)",0.0
Amount_shipped,"(360, 4820, 371, 4764, 52.72)",0.0
Amount_shipped,"(360, 4820, 312, 4747, 62.13)",0.0
Amount_shipped,"(360, 4820, 417, 4874, 76.13)",0.0
Amount_shipped,"(360, 4820, 350, 4738, 111.96)",0.0
Amount_shipped,"(360, 4820, 327, 4722, 125.89)",0.0
Amount_shipped,"(360, 4820, 555, 4937, 127.49)",0.0
Amount_shipped,"(360, 4820, 239, 4765, 151.68)",0.0
Amount_shipped,"(360, 4820, 558, 4583, 208.94)",0.0
Amount_shipped,"(360, 4820, 592, 4773, 272.69)",0.0
Amount_shipped,"(360, 4820, 303, 4682, 594.76)",0.0
Amount_shipped,"(360, 4820, 519, 4618, 758.82)",0.0
Amount_shipped,"(360, 4820, 190, 4740, 907.18)",0.0
Amount_shipped,"(360, 4820, 604, 4955, 907.45)",0.0
Amount_shipped,"(360, 4820, 334, 4799, 1285.48)",0.0
Amount_shipped,"(360, 4820, 402, 4762, 1356.12)",0.0
Amount_shipped,"(360, 4840, 604, 4556, 10.77)",0.0
Amount_shipped,"(360, 4840, 545, 4715, 11.01)",0.0
Amount_shipped,"(360, 4840, 598, 4885, 11.15)",0.0
Amount_shipped,"(360, 4840, 622, 4729, 11.5)",0.0
Amount_shipped,"(360, 4840, 136, 4692, 11.61)",0.0
Amount_shipped,"(360, 4840, 494, 4926, 11.95)",0.0
Amount_shipped,"(360, 4840, 627, 4796, 12.52)",0.0
Amount_shipped,"(360, 4840, 604, 4624, 12.57)",0.0
Amount_shipped,"(360, 4840, 497, 4720, 12.7)",0.0
Amount_shipped,"(360, 4840, 503, 4807, 16.06)",0.0
Amount_shipped,"(360, 4840, 612, 4678, 16.32)",0.0
Amount_shipped,"(360, 4840, 345, 4695, 23.25)",0.0
Amount_shipped,"(360, 4840, 696, 4535, 23.59)",0.0
Amount_shipped,"(360, 4840, 250, 4682, 28.56)",0.0
Amount_shipped,"(360, 4840, 572, 4680, 30.45)",0.0
Amount_shipped,"(360, 4840, 371, 4764, 52.72)",0.0
Amount_shipped,"(360, 4840, 312, 4747, 62.13)",0.0
Amount_shipped,"(360, 4840, 417, 4874, 76.13)",0.0
Amount_shipped,"(360, 4840, 350, 4738, 111.96)",0.0
Amount_shipped,"(360, 4840, 327, 4722, 125.89)",0.0
Amount_shipped,"(360, 4840, 555, 4937, 127.49)",0.0
Amount_shipped,"(360, 4840, 239, 4765, 151.68)",0.0
Amount_shipped,"(360, 4840, 558, 4583, 208.94)",0.0
Amount_shipped,"(360, 4840, 592, 4773, 272.69)",0.0
Amount_shipped,"(360, 4840, 303, 4682, 594.76)",0.0
Amount_shipped,"(360, 4840, 519, 4618, 758.82)",0.0
Amount_shipped,"(360, 4840, 190, 4740, 907.18)",0.0
Amount_shipped,"(360, 4840, 604, 4955, 907.45)",0.0
Amount_shipped,"(360, 4840, 334, 4799, 1285.48)",0.0
Amount_shipped,"(360, 4840, 402, 4762, 1356.12)",0.0
Amount_shipped,"(360, 4860, 604, 4556, 10.77)",0.0
Amount_shipped,"(360, 4860, 545, 4715, 11.01)",0.0
Amount_shipped,"(360, 4860, 598, 4885, 11.15)",0.0
Amount_shipped,"(360, 4860, 622, 4729, 11.5)",0.0
Amount_shipped,"(360, 4860, 136, 4692, 11.61)",0.0
Amount_shipped,"(360, 4860, 494, 4926, 11.95)",0.0
Amount_shipped,"(360, 4860, 627, 4796, 12.52)",0.0
Amount_shipped,"(360, 4860, 604, 4624, 12.57)",0.0
Amount_shipped,"(360, 4860, 497, 4720, 12.7)",0.0
Amount_shipped,"(360, 4860, 503, 4807, 16.06)",0.0
Amount_shipped,"(360, 4860, 612, 4678, 16.32)",0.0
Amount_shipped,"(360, 4860, 345, 4695, 23.25)",0.0
Amount_shipped,"(360, 4860, 696, 4535, 23.59)",0.0
Amount_shipped,"(360, 4860, 250, 4682, 28.56)",0.0
Amount_shipped,"(360, 4860, 572, 4680, 30.45)",0.0
Amount_shipped,"(360, 4860, 371, 4764, 52.72)",0.0
Amount_shipped,"(360, 4860, 312, 4747, 62.13)",0.0
Amount_shipped,"(360, 4860, 417, 4874, 76.13)",0.0
Amount_shipped,"(360, 4860, 350, 4738, 111.96)",0.0
Amount_shipped,"(360, 4860, 327, 4722, 125.89)",0.0
Amount_shipped,"(360, 4860, 555, 4937, 127.49)",0.0
Amount_shipped,"(360, 4860, 239, 4765, 151.68)",0.0
Amount_shipped,"(360, 4860, 558, 4583, 208.94)",0.0
Amount_shipped,"(360, 4860, 592, 4773, 272.69)",0.0
Amount_shipped,"(360, 4860, 303, 4682, 594.76)",0.0
Amount_shipped,"(360, 4860, 519, 4618, 758.82)",0.0
Amount_shipped,"(360, 4860, 190, 4740, 907.18)",0.0
Amount_shipped,"(360, 4860, 604, 4955, 907.45)",0.0
Amount_shipped,"(360, 4860, 334, 4799, 1285.48)",0.0
Amount_shipped,"(360, 4860, 402, 4762, 1356.12)",0.0
Amount_shipped,"(360, 4880, 604, 4556, 10.77)",0.0
Amount_shipped,"(360, 4880, 545, 4715, 11.01)",0.0
Amount_shipped,"(360, 4880, 598, 4885, 11.15)",0.0
Amount_shipped,"(360, 4880, 622, 4729, 11.5)",0.0
Amount_shipped,"(360, 4880, 136, 4692, 11.61)",0.0
Amount_shipped,"(360, 4880, 494, 4926, 11.95)",0.0
Amount_shipped,"(360, 4880, 627, 4796, 12.52)",0.0
Amount_shipped,"(360, 4880, 604, 4624, 12.57)",0.0
Amount_shipped,"(360, 4880, 497, 4720, 12.7)",0.0
Amount_shipped,"(360, 4880, 503, 4807, 16.06)",0.0
Amount_shipped,"(360, 4880, 612, 4678, 16.32)",0.0
Amount_shipped,"(360, 4880, 345, 4695, 23.25)",0.0
Amount_shipped,"(360, 4880, 696, 4535, 23.59)",0.0
Amount_shipped,"(360, 4880, 250, 4682, 28.56)",0.0
Amount_shipped,"(360, 4880, 572, 4680, 30.45)",0.0
Amount_shipped,"(360, 4880, 371, 4764, 52.72)",0.0
Amount_shipped,"(360, 4880, 312, 4747, 62.13)",0.0
Amount_shipped,"(360, 4880, 417, 4874, 76.13)",0.0
Amount_shipped,"(360, 4880, 350, 4738, 111.96)",0.0
Amount_shipped,"(360, 4880, 327, 4722, 125.89)",0.0
Amount_shipped,"(360, 4880, 555, 4937, 127.49)",0.0
Amount_shipped,"(360, 4880, 239, 4765, 151.68)",0.0
Amount_shipped,"(360, 4880, 558, 4583, 208.94)",0.0
Amount_shipped,"(360, 4880, 592, 4773, 272.69)",0.0
Amount_shipped,"(360, 4880, 303, 4682, 594.76)",0.0
Amount_shipped,"(360, 4880, 519, 4618, 758.82)",0.0
Amount_shipped,"(360, 4880, 190, 4740, 907.18)",0.0
Amount_shipped,"(360, 4880, 604, 4955, 907.45)",0.0
Amount_shipped,"(360, 4880, 334, 4799, 1285.48)",0.0
Amount_shipped,"(360, 4880, 402, 4762, 1356.12)",0.0
Amount_shipped,"(360, 4900, 604, 4556, 10.77)",0.0
Amount_shipped,"(360, 4900, 545, 4715, 11.01)",0.0
Amount_shipped,"(360, 4900, 598, 4885, 11.15)",0.0
Amount_shipped,"(360, 4900, 622, 4729, 11.5)",0.0
Amount_shipped,"(360, 4900, 136, 4692, 11.61)",0.0
Amount_shipped,"(360, 4900, 494, 4926, 11.95)",0.0
Amount_shipped,"(360, 4900, 627, 4796, 12.52)",0.0
Amount_shipped,"(360, 4900, 604, 4624, 12.57)",0.0
Amount_shipped,"(360, 4900, 497, 4720, 12.7)",0.0
Amount_shipped,"(360, 4900, 503, 4807, 16.06)",0.0
Amount_shipped,"(360, 4900, 612, 4678, 16.32)",0.0
Amount_shipped,"(360, 4900, 345, 4695, 23.25)",0.0
Amount_shipped,"(360, 4900, 696, 4535, 23.59)",0.0
Amount_shipped,"(360, 4900, 250, 4682, 28.56)",0.0
Amount_shipped,"(360, 4900, 572, 4680, 30.45)",0.0
Amount_shipped,"(360, 4900, 371, 4764, 52.72)",0.0
Amount_shipped,"(360, 4900, 312, 4747, 62.13)",0.0
Amount_shipped,"(360, 4900, 417, 4874, 76.13)",0.0
Amount_shipped,"(360, 4900, 350, 4738, 111.96)",0.0
Amount_shipped,"(360, 4900, 327, 4722, 125.89)",0.0
Amount_shipped,"(360, 4900, 555, 4937, 127.49)",0.0
Amount_shipped,"(360, 4900, 239, 4765, 151.68)",0.0
Amount_shipped,"(360, 4900, 558, 4583, 208.94)",0.0
Amount_shipped,"(360, 4900, 592, 4773, 272.69)",0.0
Amount_shipped,"(360, 4900, 303, 4682, 594.76)",0.0
Amount_shipped,"(360, 4900, 519, 4618, 758.82)",0.0
Amount_shipped,"(360, 4900, 190, 4740, 907.18)",0.0
Amount_shipped,"(360, 4900, 604, 4955, 907.45)",0.0
Amount_shipped,"(360, 4900, 334, 4799, 1285.48)",0.0
Amount_shipped,"(360, 4900, 402, 4762, 1356.12)",0.0
Amount_shipped,"(360, 4920, 604, 4556, 10.77)",0.0
Amount_shipped,"(360, 4920, 545, 4715, 11.01)",0.0
Amount_shipped,"(360, 4920, 598, 4885, 11.15)",0.0
Amount_shipped,"(360, 4920, 622, 4729, 11.5)",0.0
Amount_shipped,"(360, 4920, 136, 4692, 11.61)",0.0
Amount_shipped,"(360, 4920, 494, 4926, 11.95)",0.0
Amount_shipped,"(360, 4920, 627, 4796, 12.52)",0.0
Amount_shipped,"(360, 4920, 604, 4624, 12.57)",0.0
Amount_shipped,"(360, 4920, 497, 4720, 12.7)",0.0
Amount_shipped,"(360, 4920, 503, 4807, 16.06)",0.0
Amount_shipped,"(360, 4920, 612, 4678, 16.32)",0.0
Amount_shipped,"(360, 4920, 345, 4695, 23.25)",0.0
Amount_shipped,"(360, 4920, 696, 4535, 23.59)",0.0
Amount_shipped,"(360, 4920, 250, 4682, 28.56)",0.0
Amount_shipped,"(360, 4920, 572, 4680, 30.45)",0.0
Amount_shipped,"(360, 4920, 371, 4764, 52.72)",0.0
Amount_shipped,"(360, 4920, 312, 4747, 62.13)",0.0
Amount_shipped,"(360, 4920, 417, 4874, 76.13)",0.0
Amount_shipped,"(360, 4920, 350, 4738, 111.96)",0.0
Amount_shipped,"(360, 4920, 327, 4722, 125.89)",0.0
Amount_shipped,"(360, 4920, 555, 4937, 127.49)",0.0
Amount_shipped,"(360, 4920, 239, 4765, 151.68)",0.0
Amount_shipped,"(360, 4920, 558, 4583, 208.94)",0.0
Amount_shipped,"(360, 4920, 592, 4773, 272.69)",0.0
Amount_shipped,"(360, 4920, 303, 4682, 594.76)",0.0
Amount_shipped,"(360, 4920, 519, 4618, 758.82)",0.0
Amount_shipped,"(360, 4920, 190, 4740, 907.18)",0.0
Amount_shipped,"(360, 4920, 604, 4955, 907.45)",0.0
Amount_shipped,"(360, 4920, 334, 4799, 1285.48)",0.0
Amount_shipped,"(360, 4920, 402, 4762, 1356.12)",0.0
Amount_shipped,"(360, 4940, 604, 4556, 10.77)",0.0
Amount_shipped,"(360, 4940, 545, 4715, 11.01)",0.0
Amount_shipped,"(360, 4940, 598, 4885, 11.15)",0.0
Amount_shipped,"(360, 4940, 622, 4729, 11.5)",0.0
Amount_shipped,"(360, 4940, 136, 4692, 11.61)",0.0
Amount_shipped,"(360, 4940, 494, 4926, 11.95)",0.0
Amount_shipped,"(360, 4940, 627, 4796, 12.52)",0.0
Amount_shipped,"(360, 4940, 604, 4624, 12.57)",0.0
Amount_shipped,"(360, 4940, 497, 4720, 12.7)",0.0
Amount_shipped,"(360, 4940, 503, 4807, 16.06)",0.0
Amount_shipped,"(360, 4940, 612, 4678, 16.32)",0.0
Amount_shipped,"(360, 4940, 345, 4695, 23.25)",0.0
Amount_shipped,"(360, 4940, 696, 4535, 23.59)",0.0
Amount_shipped,"(360, 4940, 250, 4682, 28.56)",0.0
Amount_shipped,"(360, 4940, 572, 4680, 30.45)",0.0
Amount_shipped,"(360, 4940, 371, 4764, 52.72)",0.0
Amount_shipped,"(360, 4940, 312, 4747, 62.13)",0.0
Amount_shipped,"(360, 4940, 417, 4874, 76.13)",0.0
Amount_shipped,"(360, 4940, 350, 4738, 111.96)",0.0
Amount_shipped,"(360, 4940, 327, 4722, 125.89)",0.0
Amount_shipped,"(360, 4940, 555, 4937, 127.49)",0.0
Amount_shipped,"(360, 4940, 239, 4765, 151.68)",0.0
Amount_shipped,"(360, 4940, 558, 4583, 208.94)",0.0
Amount_shipped,"(360, 4940, 592, 4773, 272.69)",0.0
Amount_shipped,"(360, 4940, 303, 4682, 594.76)",0.0
Amount_shipped,"(360, 4940, 519, 4618, 758.82)",0.0
Amount_shipped,"(360, 4940, 190, 4740, 907.18)",0.0
Amount_shipped,"(360, 4940, 604, 4955, 907.45)",0.0
Amount_shipped,"(360, 4940, 334, 4799, 1285.48)",0.0
Amount_shipped,"(360, 4940, 402, 4762, 1356.12)",0.0
Amount_shipped,"(360, 4960, 604, 4556, 10.77)",0.0
Amount_shipped,"(360, 4960, 545, 4715, 11.01)",0.0
Amount_shipped,"(360, 4960, 598, 4885, 11.15)",0.0
Amount_shipped,"(360, 4960, 622, 4729, 11.5)",0.0
Amount_shipped,"(360, 4960, 136, 4692, 11.61)",0.0
Amount_shipped,"(360, 4960, 494, 4926, 11.95)",0.0
Amount_shipped,"(360, 4960, 627, 4796, 12.52)",0.0
Amount_shipped,"(360, 4960, 604, 4624, 12.57)",0.0
Amount_shipped,"(360, 4960, 497, 4720, 12.7)",0.0
Amount_shipped,"(360, 4960, 503, 4807, 16.06)",0.0
Amount_shipped,"(360, 4960, 612, 4678, 16.32)",0.0
Amount_shipped,"(360, 4960, 345, 4695, 23.25)",0.0
Amount_shipped,"(360, 4960, 696, 4535, 23.59)",0.0
Amount_shipped,"(360, 4960, 250, 4682, 28.56)",0.0
Amount_shipped,"(360, 4960, 572, 4680, 30.45)",0.0
Amount_shipped,"(360, 4960, 371, 4764, 52.72)",0.0
Amount_shipped,"(360, 4960, 312, 4747, 62.13)",0.0
Amount_shipped,"(360, 4960, 417, 4874, 76.13)",0.0
Amount_shipped,"(360, 4960, 350, 4738, 111.96)",0.0
Amount_shipped,"(360, 4960, 327, 4722, 125.89)",0.0
Amount_shipped,"(360, 4960, 555, 4937, 127.49)",0.0
Amount_shipped,"(360, 4960, 239, 4765, 151.68)",0.0
Amount_shipped,"(360, 4960, 558, 4583, 208.94)",0.0
Amount_shipped,"(360, 4960, 592, 4773, 272.69)",0.0
Amount_shipped,"(360, 4960, 303, 4682, 594.76)",0.0
Amount_shipped,"(360, 4960, 519, 4618, 758.82)",0.0
Amount_shipped,"(360, 4960, 190, 4740, 907.18)",0.0
Amount_shipped,"(360, 4960, 604, 4955, 907.45)",0.0
Amount_shipped,"(360, 4960, 334, 4799, 1285.48)",0.0
Amount_shipped,"(360, 4960, 402, 4762, 1356.12)",0.0
Amount_shipped,"(360, 4980, 604, 4556, 10.77)",0.0
Amount_shipped,"(360, 4980, 545, 4715, 11.01)",0.0
Amount_shipped,"(360, 4980, 598, 4885, 11.15)",0.0
Amount_shipped,"(360, 4980, 622, 4729, 11.5)",0.0
Amount_shipped,"(360, 4980, 136, 4692, 11.61)",0.0
Amount_shipped,"(360, 4980, 494, 4926, 11.95)",0.0
Amount_shipped,"(360, 4980, 627, 4796, 12.52)",0.0
Amount_shipped,"(360, 4980, 604, 4624, 12.57)",0.0
Amount_shipped,"(360, 4980, 497, 4720, 12.7)",0.0
Amount_shipped,"(360, 4980, 503, 4807, 16.06)",0.0
Amount_shipped,"(360, 4980, 612, 4678, 16.32)",0.0
Amount_shipped,"(360, 4980, 345, 4695, 23.25)",0.0
Amount_shipped,"(360, 4980, 696, 4535, 23.59)",0.0
Amount_shipped,"(360, 4980, 250, 4682, 28.56)",0.0
Amount_shipped,"(360, 4980, 572, 4680, 30.45)",0.0
Amount_shipped,"(360, 4980, 371, 4764, 52.72)",0.0
Amount_shipped,"(360, 4980, 312, 4747, 62.13)",0.0
Amount_shipped,"(360, 4980, 417, 4874, 76.13)",0.0
Amount_shipped,"(360, 4980, 350, 4738, 111.96)",0.0
Amount_shipped,"(360, 4980, 327, 4722, 125.89)",0.0
Amount_shipped,"(360, 4980, 555, 4937, 127.49)",0.0
Amount_shipped,"(360, 4980, 239, 4765, 151.68)",0.0
Amount_shipped,"(360, 4980, 558, 4583, 208.94)",0.0
Amount_shipped,"(360, 4980, 592, 4773, 272.69)",0.0
Amount_shipped,"(360, 4980, 303, 4682, 594.76)",0.0
Amount_shipped,"(360, 4980, 519, 4618, 758.82)",0.0
Amount_shipped,"(360, 4980, 190, 4740, 907.18)",0.0
Amount_shipped,"(360, 4980, 604, 4955, 907.45)",0.0
Amount_shipped,"(360, 4980, 334, 4799, 1285.48)",0.0
Amount_shipped,"(360, 4980, 402, 4762, 1356.12)",0.0
Amount_shipped,"(380, 4440, 604, 4556, 10.77)",0.0
Amount_shipped,"(380, 4440, 545, 4715, 11.01)",0.0
Amount_shipped,"(380, 4440, 598, 4885, 11.15)",0.0
Amount_shipped,"(380, 4440, 622, 4729, 11.5)",0.0
Amount_shipped,"(380, 4440, 136, 4692, 11.61)",0.0
Amount_shipped,"(380, 4440, 494, 4926, 11.95)",0.0
Amount_shipped,"(380, 4440, 627, 4796, 12.52)",0.0
Amount_shipped,"(380, 4440, 604, 4624, 12.57)",0.0
Amount_shipped,"(380, 4440, 497, 4720, 12.7)",0.0
Amount_shipped,"(380, 4440, 503, 4807, 16.06)",0.0
Amount_shipped,"(380, 4440, 612, 4678, 16.32)",0.0
Amount_shipped,"(380, 4440, 345, 4695, 23.25)",0.0
Amount_shipped,"(380, 4440, 696, 4535, 23.59)",0.0
Amount_shipped,"(380, 4440, 250, 4682, 28.56)",0.0
Amount_shipped,"(380, 4440, 572, 4680, 30.45)",0.0
Amount_shipped,"(380, 4440, 371, 4764, 52.72)",0.0
Amount_shipped,"(380, 4440, 312, 4747, 62.13)",0.0
Amount_shipped,"(380, 4440, 417, 4874, 76.13)",0.0
Amount_shipped,"(380, 4440, 350, 4738, 111.96)",0.0
Amount_shipped,"(380, 4440, 327, 4722, 125.89)",0.0
Amount_shipped,"(380, 4440, 555, 4937, 127.49)",0.0
Amount_shipped,"(380, 4440, 239, 4765, 151.68)",0.0
Amount_shipped,"(380, 4440, 558, 4583, 208.94)",0.0
Amount_shipped,"(380, 4440, 592, 4773, 272.69)",0.0
Amount_shipped,"(380, 4440, 303, 4682, 594.76)",0.0
Amount_shipped,"(380, 4440, 519, 4618, 758.82)",0.0
Amount_shipped,"(380, 4440, 190, 4740, 907.18)",0.0
Amount_shipped,"(380, 4440, 604, 4955, 907.45)",0.0
Amount_shipped,"(380, 4440, 334, 4799, 1285.48)",0.0
Amount_shipped,"(380, 4440, 402, 4762, 1356.12)",0.0
Amount_shipped,"(380, 4460, 604, 4556, 10.77)",0.0
Amount_shipped,"(380, 4460, 545, 4715, 11.01)",0.0
Amount_shipped,"(380, 4460, 598, 4885, 11.15)",0.0
Amount_shipped,"(380, 4460, 622, 4729, 11.5)",0.0
Amount_shipped,"(380, 4460, 136, 4692, 11.61)",0.0
Amount_shipped,"(380, 4460, 494, 4926, 11.95)",0.0
Amount_shipped,"(380, 4460, 627, 4796, 12.52)",0.0
Amount_shipped,"(380, 4460, 604, 4624, 12.57)",0.0
Amount_shipped,"(380, 4460, 497, 4720, 12.7)",0.0
Amount_shipped,"(380, 4460, 503, 4807, 16.06)",0.0
Amount_shipped,"(380, 4460, 612, 4678, 16.32)",0.0
Amount_shipped,"(380, 4460, 345, 4695, 23.25)",0.0
Amount_shipped,"(380, 4460, 696, 4535, 23.59)",0.0
Amount_shipped,"(380, 4460, 250, 4682, 28.56)",0.0
Amount_shipped,"(380, 4460, 572, 4680, 30.45)",0.0
Amount_shipped,"(380, 4460, 371, 4764, 52.72)",0.0
Amount_shipped,"(380, 4460, 312, 4747, 62.13)",0.0
Amount_shipped,"(380, 4460, 417, 4874, 76.13)",0.0
Amount_shipped,"(380, 4460, 350, 4738, 111.96)",0.0
Amount_shipped,"(380, 4460, 327, 4722, 125.89)",0.0
Amount_shipped,"(380, 4460, 555, 4937, 127.49)",0.0
Amount_shipped,"(380, 4460, 239, 4765, 151.68)",0.0
Amount_shipped,"(380, 4460, 558, 4583, 208.94)",0.0
Amount_shipped,"(380, 4460, 592, 4773, 272.69)",0.0
Amount_shipped,"(380, 4460, 303, 4682, 594.76)",0.0
Amount_shipped,"(380, 4460, 519, 4618, 758.82)",0.0
Amount_shipped,"(380, 4460, 190, 4740, 907.18)",0.0
Amount_shipped,"(380, 4460, 604, 4955, 907.45)",0.0
Amount_shipped,"(380, 4460, 334, 4799, 1285.48)",0.0
Amount_shipped,"(380, 4460, 402, 4762, 1356.12)",0.0
Amount_shipped,"(380, 4480, 604, 4556, 10.77)",0.0
Amount_shipped,"(380, 4480, 545, 4715, 11.01)",0.0
Amount_shipped,"(380, 4480, 598, 4885, 11.15)",0.0
Amount_shipped,"(380, 4480, 622, 4729, 11.5)",0.0
Amount_shipped,"(380, 4480, 136, 4692, 11.61)",0.0
Amount_shipped,"(380, 4480, 494, 4926, 11.95)",0.0
Amount_shipped,"(380, 4480, 627, 4796, 12.52)",0.0
Amount_shipped,"(380, 4480, 604, 4624, 12.57)",0.0
Amount_shipped,"(380, 4480, 497, 4720, 12.7)",0.0
Amount_shipped,"(380, 4480, 503, 4807, 16.06)",0.0
Amount_shipped,"(380, 4480, 612, 4678, 16.32)",0.0
Amount_shipped,"(380, 4480, 345, 4695, 23.25)",0.0
Amount_shipped,"(380, 4480, 696, 4535, 23.59)",0.0
Amount_shipped,"(380, 4480, 250, 4682, 28.56)",0.0
Amount_shipped,"(380, 4480, 572, 4680, 30.45)",0.0
Amount_shipped,"(380, 4480, 371, 4764, 52.72)",0.0
Amount_shipped,"(380, 4480, 312, 4747, 62.13)",0.0
Amount_shipped,"(380, 4480, 417, 4874, 76.13)",0.0
Amount_shipped,"(380, 4480, 350, 4738, 111.96)",0.0
Amount_shipped,"(380, 4480, 327, 4722, 125.89)",0.0
Amount_shipped,"(380, 4480, 555, 4937, 127.49)",0.0
Amount_shipped,"(380, 4480, 239, 4765, 151.68)",0.0
Amount_shipped,"(380, 4480, 558, 4583, 208.94)",0.0
Amount_shipped,"(380, 4480, 592, 4773, 272.69)",0.0
Amount_shipped,"(380, 4480, 303, 4682, 594.76)",0.0
Amount_shipped,"(380, 4480, 519, 4618, 758.82)",0.0
Amount_shipped,"(380, 4480, 190, 4740, 907.18)",0.0
Amount_shipped,"(380, 4480, 604, 4955, 907.45)",0.0
Amount_shipped,"(380, 4480, 334, 4799, 1285.48)",0.0
Amount_shipped,"(380, 4480, 402, 4762, 1356.12)",0.0
Amount_shipped,"(380, 4500, 604, 4556, 10.77)",0.0
Amount_shipped,"(380, 4500, 545, 4715, 11.01)",0.0
Amount_shipped,"(380, 4500, 598, 4885, 11.15)",0.0
Amount_shipped,"(380, 4500, 622, 4729, 11.5)",0.0
Amount_shipped,"(380, 4500, 136, 4692, 11.61)",0.0
Amount_shipped,"(380, 4500, 494, 4926, 11.95)",0.0
Amount_shipped,"(380, 4500, 627, 4796, 12.52)",0.0
Amount_shipped,"(380, 4500, 604, 4624, 12.57)",0.0
Amount_shipped,"(380, 4500, 497, 4720, 12.7)",0.0
Amount_shipped,"(380, 4500, 503, 4807, 16.06)",0.0
Amount_shipped,"(380, 4500, 612, 4678, 16.32)",0.0
Amount_shipped,"(380, 4500, 345, 4695, 23.25)",0.0
Amount_shipped,"(380, 4500, 696, 4535, 23.59)",0.0
Amount_shipped,"(380, 4500, 250, 4682, 28.56)",0.0
Amount_shipped,"(380, 4500, 572, 4680, 30.45)",0.0
Amount_shipped,"(380, 4500, 371, 4764, 52.72)",0.0
Amount_shipped,"(380, 4500, 312, 4747, 62.13)",0.0
Amount_shipped,"(380, 4500, 417, 4874, 76.13)",0.0
Amount_shipped,"(380, 4500, 350, 4738, 111.96)",0.0
Amount_shipped,"(380, 4500, 327, 4722, 125.89)",0.0
Amount_shipped,"(380, 4500, 555, 4937, 127.49)",0.0
Amount_shipped,"(380, 4500, 239, 4765, 151.68)",0.0
Amount_shipped,"(380, 4500, 558, 4583, 208.94)",0.0
Amount_shipped,"(380, 4500, 592, 4773, 272.69)",0.0
Amount_shipped,"(380, 4500, 303, 4682, 594.76)",0.0
Amount_shipped,"(380, 4500, 519, 4618, 758.82)",0.0
Amount_shipped,"(380, 4500, 190, 4740, 907.18)",0.0
Amount_shipped,"(380, 4500, 604, 4955, 907.45)",0.0
Amount_shipped,"(380, 4500, 334, 4799, 1285.48)",0.0
Amount_shipped,"(380, 4500, 402, 4762, 1356.12)",0.0
Amount_shipped,"(380, 4520, 604, 4556, 10.77)",0.0
Amount_shipped,"(380, 4520, 545, 4715, 11.01)",0.0
Amount_shipped,"(380, 4520, 598, 4885, 11.15)",0.0
Amount_shipped,"(380, 4520, 622, 4729, 11.5)",0.0
Amount_shipped,"(380, 4520, 136, 4692, 11.61)",0.0
Amount_shipped,"(380, 4520, 494, 4926, 11.95)",0.0
Amount_shipped,"(380, 4520, 627, 4796, 12.52)",0.0
Amount_shipped,"(380, 4520, 604, 4624, 12.57)",0.0
Amount_shipped,"(380, 4520, 497, 4720, 12.7)",0.0
Amount_shipped,"(380, 4520, 503, 4807, 16.06)",0.0
Amount_shipped,"(380, 4520, 612, 4678, 16.32)",0.0
Amount_shipped,"(380, 4520, 345, 4695, 23.25)",0.0
Amount_shipped,"(380, 4520, 696, 4535, 23.59)",0.0
Amount_shipped,"(380, 4520, 250, 4682, 28.56)",0.0
Amount_shipped,"(380, 4520, 572, 4680, 30.45)",0.0
Amount_shipped,"(380, 4520, 371, 4764, 52.72)",0.0
Amount_shipped,"(380, 4520, 312, 4747, 62.13)",0.0
Amount_shipped,"(380, 4520, 417, 4874, 76.13)",0.0
Amount_shipped,"(380, 4520, 350, 4738, 111.96)",0.0
Amount_shipped,"(380, 4520, 327, 4722, 125.89)",0.0
Amount_shipped,"(380, 4520, 555, 4937, 127.49)",0.0
Amount_shipped,"(380, 4520, 239, 4765, 151.68)",0.0
Amount_shipped,"(380, 4520, 558, 4583, 208.94)",0.0
Amount_shipped,"(380, 4520, 592, 4773, 272.69)",0.0
Amount_shipped,"(380, 4520, 303, 4682, 594.76)",0.0
Amount_shipped,"(380, 4520, 519, 4618, 758.82)",0.0
Amount_shipped,"(380, 4520, 190, 4740, 907.18)",0.0
Amount_shipped,"(380, 4520, 604, 4955, 907.45)",0.0
Amount_shipped,"(380, 4520, 334, 4799, 1285.48)",0.0
Amount_shipped,"(380, 4520, 402, 4762, 1356.12)",0.0
Amount_shipped,"(380, 4540, 604, 4556, 10.77)",0.0
Amount_shipped,"(380, 4540, 545, 4715, 11.01)",0.0
Amount_shipped,"(380, 4540, 598, 4885, 11.15)",0.0
Amount_shipped,"(380, 4540, 622, 4729, 11.5)",0.0
Amount_shipped,"(380, 4540, 136, 4692, 11.61)",0.0
Amount_shipped,"(380, 4540, 494, 4926, 11.95)",0.0
Amount_shipped,"(380, 4540, 627, 4796, 12.52)",0.0
Amount_shipped,"(380, 4540, 604, 4624, 12.57)",0.0
Amount_shipped,"(380, 4540, 497, 4720, 12.7)",0.0
Amount_shipped,"(380, 4540, 503, 4807, 16.06)",0.0
Amount_shipped,"(380, 4540, 612, 4678, 16.32)",0.0
Amount_shipped,"(380, 4540, 345, 4695, 23.25)",0.0
Amount_shipped,"(380, 4540, 696, 4535, 23.59)",0.0
Amount_shipped,"(380, 4540, 250, 4682, 28.56)",0.0
Amount_shipped,"(380, 4540, 572, 4680, 30.45)",0.0
Amount_shipped,"(380, 4540, 371, 4764, 52.72)",0.0
Amount_shipped,"(380, 4540, 312, 4747, 62.13)",0.0
Amount_shipped,"(380, 4540, 417, 4874, 76.13)",0.0
Amount_shipped,"(380, 4540, 350, 4738, 111.96)",0.0
Amount_shipped,"(380, 4540, 327, 4722, 125.89)",0.0
Amount_shipped,"(380, 4540, 555, 4937, 127.49)",0.0
Amount_shipped,"(380, 4540, 239, 4765, 151.68)",0.0
Amount_shipped,"(380, 4540, 558, 4583, 208.94)",0.0
Amount_shipped,"(380, 4540, 592, 4773, 272.69)",0.0
Amount_shipped,"(380, 4540, 303, 4682, 594.76)",0.0
Amount_shipped,"(380, 4540, 519, 4618, 758.82)",0.0
Amount_shipped,"(380, 4540, 190, 4740, 907.18)",0.0
Amount_shipped,"(380, 4540, 604, 4955, 907.45)",0.0
Amount_shipped,"(380, 4540, 334, 4799, 1285.48)",0.0
Amount_shipped,"(380, 4540, 402, 4762, 1356.12)",0.0
Amount_shipped,"(380, 4560, 604, 4556, 10.77)",0.0
Amount_shipped,"(380, 4560, 545, 4715, 11.01)",0.0
Amount_shipped,"(380, 4560, 598, 4885, 11.15)",0.0
Amount_shipped,"(380, 4560, 622, 4729, 11.5)",0.0
Amount_shipped,"(380, 4560, 136, 4692, 11.61)",0.0
Amount_shipped,"(380, 4560, 494, 4926, 11.95)",0.0
Amount_shipped,"(380, 4560, 627, 4796, 12.52)",0.0
Amount_shipped,"(380, 4560, 604, 4624, 12.57)",0.0
Amount_shipped,"(380, 4560, 497, 4720, 12.7)",0.0
Amount_shipped,"(380, 4560, 503, 4807, 16.06)",0.0
Amount_shipped,"(380, 4560, 612, 4678, 16.32)",0.0
Amount_shipped,"(380, 4560, 345, 4695, 23.25)",0.0
Amount_shipped,"(380, 4560, 696, 4535, 23.59)",0.0
Amount_shipped,"(380, 4560, 250, 4682, 28.56)",0.0
Amount_shipped,"(380, 4560, 572, 4680, 30.45)",0.0
Amount_shipped,"(380, 4560, 371, 4764, 52.72)",0.0
Amount_shipped,"(380, 4560, 312, 4747, 62.13)",0.0
Amount_shipped,"(380, 4560, 417, 4874, 76.13)",0.0
Amount_shipped,"(380, 4560, 350, 4738, 111.96)",0.0
Amount_shipped,"(380, 4560, 327, 4722, 125.89)",0.0
Amount_shipped,"(380, 4560, 555, 4937, 127.49)",0.0
Amount_shipped,"(380, 4560, 239, 4765, 151.68)",0.0
Amount_shipped,"(380, 4560, 558, 4583, 208.94)",0.0
Amount_shipped,"(380, 4560, 592, 4773, 272.69)",0.0
Amount_shipped,"(380, 4560, 303, 4682, 594.76)",0.0
Amount_shipped,"(380, 4560, 519, 4618, 758.82)",0.0
Amount_shipped,"(380, 4560, 190, 4740, 907.18)",0.0
Amount_shipped,"(380, 4560, 604, 4955, 907.45)",0.0
Amount_shipped,"(380, 4560, 334, 4799, 1285.48)",0.0
Amount_shipped,"(380, 4560, 402, 4762, 1356.12)",0.0
Amount_shipped,"(380, 4580, 604, 4556, 10.77)",0.0
Amount_shipped,"(380, 4580, 545, 4715, 11.01)",0.0
Amount_shipped,"(380, 4580, 598, 4885, 11.15)",0.0
Amount_shipped,"(380, 4580, 622, 4729, 11.5)",0.0
Amount_shipped,"(380, 4580, 136, 4692, 11.61)",0.0
Amount_shipped,"(380, 4580, 494, 4926, 11.95)",0.0
Amount_shipped,"(380, 4580, 627, 4796, 12.52)",0.0
Amount_shipped,"(380, 4580, 604, 4624, 12.57)",0.0
Amount_shipped,"(380, 4580, 497, 4720, 12.7)",0.0
Amount_shipped,"(380, 4580, 503, 4807, 16.06)",0.0
Amount_shipped,"(380, 4580, 612, 4678, 16.32)",0.0
Amount_shipped,"(380, 4580, 345, 4695, 23.25)",0.0
Amount_shipped,"(380, 4580, 696, 4535, 23.59)",0.0
Amount_shipped,"(380, 4580, 250, 4682, 28.56)",0.0
Amount_shipped,"(380, 4580, 572, 4680, 30.45)",0.0
Amount_shipped,"(380, 4580, 371, 4764, 52.72)",0.0
Amount_shipped,"(380, 4580, 312, 4747, 62.13)",0.0
Amount_shipped,"(380, 4580, 417, 4874, 76.13)",0.0
Amount_shipped,"(380, 4580, 350, 4738, 111.96)",0.0
Amount_shipped,"(380, 4580, 327, 4722, 125.89)",0.0
Amount_shipped,"(380, 4580, 555, 4937, 127.49)",0.0
Amount_shipped,"(380, 4580, 239, 4765, 151.68)",0.0
Amount_shipped,"(380, 4580, 558, 4583, 208.94)",0.0
Amount_shipped,"(380, 4580, 592, 4773, 272.69)",0.0
Amount_shipped,"(380, 4580, 303, 4682, 594.76)",0.0
Amount_shipped,"(380, 4580, 519, 4618, 758.82)",0.0
Amount_shipped,"(380, 4580, 190, 4740, 907.18)",0.0
Amount_shipped,"(380, 4580, 604, 4955, 907.45)",0.0
Amount_shipped,"(380, 4580, 334, 4799, 1285.48)",0.0
Amount_shipped,"(380, 4580, 402, 4762, 1356.12)",0.0
Amount_shipped,"(380, 4600, 604, 4556, 10.77)",0.0
Amount_shipped,"(380, 4600, 545, 4715, 11.01)",0.0
Amount_shipped,"(380, 4600, 598, 4885, 11.15)",0.0
Amount_shipped,"(380, 4600, 622, 4729, 11.5)",0.0
Amount_shipped,"(380, 4600, 136, 4692, 11.61)",0.0
Amount_shipped,"(380, 4600, 494, 4926, 11.95)",0.0
Amount_shipped,"(380, 4600, 627, 4796, 12.52)",0.0
Amount_shipped,"(380, 4600, 604, 4624, 12.57)",0.0
Amount_shipped,"(380, 4600, 497, 4720, 12.7)",0.0
Amount_shipped,"(380, 4600, 503, 4807, 16.06)",0.0
Amount_shipped,"(380, 4600, 612, 4678, 16.32)",0.0
Amount_shipped,"(380, 4600, 345, 4695, 23.25)",0.0
Amount_shipped,"(380, 4600, 696, 4535, 23.59)",0.0
Amount_shipped,"(380, 4600, 250, 4682, 28.56)",0.0
Amount_shipped,"(380, 4600, 572, 4680, 30.45)",0.0
Amount_shipped,"(380, 4600, 371, 4764, 52.72)",0.0
Amount_shipped,"(380, 4600, 312, 4747, 62.13)",0.0
Amount_shipped,"(380, 4600, 417, 4874, 76.13)",0.0
Amount_shipped,"(380, 4600, 350, 4738, 111.96)",0.0
Amount_shipped,"(380, 4600, 327, 4722, 125.89)",0.0
Amount_shipped,"(380, 4600, 555, 4937, 127.49)",0.0
Amount_shipped,"(380, 4600, 239, 4765, 151.68)",0.0
Amount_shipped,"(380, 4600, 558, 4583, 208.94)",0.0
Amount_shipped,"(380, 4600, 592, 4773, 272.69)",0.0
Amount_shipped,"(380, 4600, 303, 4682, 594.76)",0.0
Amount_shipped,"(380, 4600, 519, 4618, 758.82)",0.0
Amount_shipped,"(380, 4600, 190, 4740, 907.18)",0.0
Amount_shipped,"(380, 4600, 604, 4955, 907.45)",0.0
Amount_shipped,"(380, 4600, 334, 4799, 1285.48)",0.0
Amount_shipped,"(380, 4600, 402, 4762, 1356.12)",0.0
Amount_shipped,"(380, 4620, 604, 4556, 10.77)",0.0
Amount_shipped,"(380, 4620, 545, 4715, 11.01)",0.0
Amount_shipped,"(380, 4620, 598, 4885, 11.15)",0.0
Amount_shipped,"(380, 4620, 622, 4729, 11.5)",0.0
Amount_shipped,"(380, 4620, 136, 4692, 11.61)",0.0
Amount_shipped,"(380, 4620, 494, 4926, 11.95)",0.0
Amount_shipped,"(380, 4620, 627, 4796, 12.52)",0.0
Amount_shipped,"(380, 4620, 604, 4624, 12.57)",0.0
Amount_shipped,"(380, 4620, 497, 4720, 12.7)",0.0
Amount_shipped,"(380, 4620, 503, 4807, 16.06)",0.0
Amount_shipped,"(380, 4620, 612, 4678, 16.32)",0.0
Amount_shipped,"(380, 4620, 345, 4695, 23.25)",0.0
Amount_shipped,"(380, 4620, 696, 4535, 23.59)",0.0
Amount_shipped,"(380, 4620, 250, 4682, 28.56)",0.0
Amount_shipped,"(380, 4620, 572, 4680, 30.45)",0.0
Amount_shipped,"(380, 4620, 371, 4764, 52.72)",0.0
Amount_shipped,"(380, 4620, 312, 4747, 62.13)",0.0
Amount_shipped,"(380, 4620, 417, 4874, 76.13)",0.0
Amount_shipped,"(380, 4620, 350, 4738, 111.96)",0.0
Amount_shipped,"(380, 4620, 327, 4722, 125.89)",0.0
Amount_shipped,"(380, 4620, 555, 4937, 127.49)",0.0
Amount_shipped,"(380, 4620, 239, 4765, 151.68)",0.0
Amount_shipped,"(380, 4620, 558, 4583, 208.94)",0.0
Amount_shipped,"(380, 4620, 592, 4773, 272.69)",0.0
Amount_shipped,"(380, 4620, 303, 4682, 594.76)",0.0
Amount_shipped,"(380, 4620, 519, 4618, 758.82)",0.0
Amount_shipped,"(380, 4620, 190, 4740, 907.18)",0.0
Amount_shipped,"(380, 4620, 604, 4955, 907.45)",0.0
Amount_shipped,"(380, 4620, 334, 4799, 1285.48)",0.0
Amount_shipped,"(380, 4620, 402, 4762, 1356.12)",0.0
Amount_shipped,"(380, 4640, 604, 4556, 10.77)",0.0
Amount_shipped,"(380, 4640, 545, 4715, 11.01)",0.0
Amount_shipped,"(380, 4640, 598, 4885, 11.15)",0.0
Amount_shipped,"(380, 4640, 622, 4729, 11.5)",0.0
Amount_shipped,"(380, 4640, 136, 4692, 11.61)",0.0
Amount_shipped,"(380, 4640, 494, 4926, 11.95)",0.0
Amount_shipped,"(380, 4640, 627, 4796, 12.52)",0.0
Amount_shipped,"(380, 4640, 604, 4624, 12.57)",0.0
Amount_shipped,"(380, 4640, 497, 4720, 12.7)",0.0
Amount_shipped,"(380, 4640, 503, 4807, 16.06)",0.0
Amount_shipped,"(380, 4640, 612, 4678, 16.32)",0.0
Amount_shipped,"(380, 4640, 345, 4695, 23.25)",0.0
Amount_shipped,"(380, 4640, 696, 4535, 23.59)",0.0
Amount_shipped,"(380, 4640, 250, 4682, 28.56)",0.0
Amount_shipped,"(380, 4640, 572, 4680, 30.45)",0.0
Amount_shipped,"(380, 4640, 371, 4764, 52.72)",0.0
Amount_shipped,"(380, 4640, 312, 4747, 62.13)",0.0
Amount_shipped,"(380, 4640, 417, 4874, 76.13)",0.0
Amount_shipped,"(380, 4640, 350, 4738, 111.96)",0.0
Amount_shipped,"(380, 4640, 327, 4722, 125.89)",0.0
Amount_shipped,"(380, 4640, 555, 4937, 127.49)",0.0
Amount_shipped,"(380, 4640, 239, 4765, 151.68)",0.0
Amount_shipped,"(380, 4640, 558, 4583, 208.94)",0.0
Amount_shipped,"(380, 4640, 592, 4773, 272.69)",0.0
Amount_shipped,"(380, 4640, 303, 4682, 594.76)",0.0
Amount_shipped,"(380, 4640, 519, 4618, 758.82)",0.0
Amount_shipped,"(380, 4640, 190, 4740, 907.18)",0.0
Amount_shipped,"(380, 4640, 604, 4955, 907.45)",0.0
Amount_shipped,"(380, 4640, 334, 4799, 1285.48)",0.0
Amount_shipped,"(380, 4640, 402, 4762, 1356.12)",0.0
Amount_shipped,"(380, 4660, 604, 4556, 10.77)",0.0
Amount_shipped,"(380, 4660, 545, 4715, 11.01)",0.0
Amount_shipped,"(380, 4660, 598, 4885, 11.15)",0.0
Amount_shipped,"(380, 4660, 622, 4729, 11.5)",0.0
Amount_shipped,"(380, 4660, 136, 4692, 11.61)",0.0
Amount_shipped,"(380, 4660, 494, 4926, 11.95)",0.0
Amount_shipped,"(380, 4660, 627, 4796, 12.52)",0.0
Amount_shipped,"(380, 4660, 604, 4624, 12.57)",0.0
Amount_shipped,"(380, 4660, 497, 4720, 12.7)",0.0
Amount_shipped,"(380, 4660, 503, 4807, 16.06)",0.0
Amount_shipped,"(380, 4660, 612, 4678, 16.32)",0.0
Amount_shipped,"(380, 4660, 345, 4695, 23.25)",0.0
Amount_shipped,"(380, 4660, 696, 4535, 23.59)",0.0
Amount_shipped,"(380, 4660, 250, 4682, 28.56)",0.0
Amount_shipped,"(380, 4660, 572, 4680, 30.45)",0.0
Amount_shipped,"(380, 4660, 371, 4764, 52.72)",0.0
Amount_shipped,"(380, 4660, 312, 4747, 62.13)",0.0
Amount_shipped,"(380, 4660, 417, 4874, 76.13)",0.0
Amount_shipped,"(380, 4660, 350, 4738, 111.96)",0.0
Amount_shipped,"(380, 4660, 327, 4722, 125.89)",0.0
Amount_shipped,"(380, 4660, 555, 4937, 127.49)",0.0
Amount_shipped,"(380, 4660, 239, 4765, 151.68)",0.0
Amount_shipped,"(380, 4660, 558, 4583, 208.94)",0.0
Amount_shipped,"(380, 4660, 592, 4773, 272.69)",0.0
Amount_shipped,"(380, 4660, 303, 4682, 594.76)",0.0
Amount_shipped,"(380, 4660, 519, 4618, 758.82)",0.0
Amount_shipped,"(380, 4660, 190, 4740, 907.18)",0.0
Amount_shipped,"(380, 4660, 604, 4955, 907.45)",0.0
Amount_shipped,"(380, 4660, 334, 4799, 1285.48)",0.0
Amount_shipped,"(380, 4660, 402, 4762, 1356.12)",0.0
Amount_shipped,"(380, 4680, 604, 4556, 10.77)",0.0
Amount_shipped,"(380, 4680, 545, 4715, 11.01)",0.0
Amount_shipped,"(380, 4680, 598, 4885, 11.15)",0.0
Amount_shipped,"(380, 4680, 622, 4729, 11.5)",0.0
Amount_shipped,"(380, 4680, 136, 4692, 11.61)",0.0
Amount_shipped,"(380, 4680, 494, 4926, 11.95)",0.0
Amount_shipped,"(380, 4680, 627, 4796, 12.52)",0.0
Amount_shipped,"(380, 4680, 604, 4624, 12.57)",0.0
Amount_shipped,"(380, 4680, 497, 4720, 12.7)",0.0
Amount_shipped,"(380, 4680, 503, 4807, 16.06)",0.0
Amount_shipped,"(380, 4680, 612, 4678, 16.32)",0.0
Amount_shipped,"(380, 4680, 345, 4695, 23.25)",0.0
Amount_shipped,"(380, 4680, 696, 4535, 23.59)",0.0
Amount_shipped,"(380, 4680, 250, 4682, 28.56)",0.0
Amount_shipped,"(380, 4680, 572, 4680, 30.45)",0.0
Amount_shipped,"(380, 4680, 371, 4764, 52.72)",0.0
Amount_shipped,"(380, 4680, 312, 4747, 62.13)",0.0
Amount_shipped,"(380, 4680, 417, 4874, 76.13)",0.0
Amount_shipped,"(380, 4680, 350, 4738, 111.96)",0.0
Amount_shipped,"(380, 4680, 327, 4722, 125.89)",0.0
Amount_shipped,"(380, 4680, 555, 4937, 127.49)",0.0
Amount_shipped,"(380, 4680, 239, 4765, 151.68)",0.0
Amount_shipped,"(380, 4680, 558, 4583, 208.94)",0.0
Amount_shipped,"(380, 4680, 592, 4773, 272.69)",0.0
Amount_shipped,"(380, 4680, 303, 4682, 594.76)",0.0
Amount_shipped,"(380, 4680, 519, 4618, 758.82)",0.0
Amount_shipped,"(380, 4680, 190, 4740, 907.18)",0.0
Amount_shipped,"(380, 4680, 604, 4955, 907.45)",0.0
Amount_shipped,"(380, 4680, 334, 4799, 1285.48)",0.0
Amount_shipped,"(380, 4680, 402, 4762, 1356.12)",0.0
Amount_shipped,"(380, 4700, 604, 4556, 10.77)",0.0
Amount_shipped,"(380, 4700, 545, 4715, 11.01)",0.0
Amount_shipped,"(380, 4700, 598, 4885, 11.15)",0.0
Amount_shipped,"(380, 4700, 622, 4729, 11.5)",0.0
Amount_shipped,"(380, 4700, 136, 4692, 11.61)",0.0
Amount_shipped,"(380, 4700, 494, 4926, 11.95)",0.0
Amount_shipped,"(380, 4700, 627, 4796, 12.52)",0.0
Amount_shipped,"(380, 4700, 604, 4624, 12.57)",0.0
Amount_shipped,"(380, 4700, 497, 4720, 12.7)",0.0
Amount_shipped,"(380, 4700, 503, 4807, 16.06)",0.0
Amount_shipped,"(380, 4700, 612, 4678, 16.32)",0.0
Amount_shipped,"(380, 4700, 345, 4695, 23.25)",0.0
Amount_shipped,"(380, 4700, 696, 4535, 23.59)",0.0
Amount_shipped,"(380, 4700, 250, 4682, 28.56)",0.0
Amount_shipped,"(380, 4700, 572, 4680, 30.45)",0.0
Amount_shipped,"(380, 4700, 371, 4764, 52.72)",0.0
Amount_shipped,"(380, 4700, 312, 4747, 62.13)",0.0
Amount_shipped,"(380, 4700, 417, 4874, 76.13)",0.0
Amount_shipped,"(380, 4700, 350, 4738, 111.96)",0.0
Amount_shipped,"(380, 4700, 327, 4722, 125.89)",0.0
Amount_shipped,"(380, 4700, 555, 4937, 127.49)",0.0
Amount_shipped,"(380, 4700, 239, 4765, 151.68)",0.0
Amount_shipped,"(380, 4700, 558, 4583, 208.94)",0.0
Amount_shipped,"(380, 4700, 592, 4773, 272.69)",0.0
Amount_shipped,"(380, 4700, 303, 4682, 594.76)",0.0
Amount_shipped,"(380, 4700, 519, 4618, 758.82)",0.0
Amount_shipped,"(380, 4700, 190, 4740, 907.18)",0.0
Amount_shipped,"(380, 4700, 604, 4955, 907.45)",0.0
Amount_shipped,"(380, 4700, 334, 4799, 1285.48)",0.0
Amount_shipped,"(380, 4700, 402, 4762, 1356.12)",0.0
Amount_shipped,"(380, 4720, 604, 4556, 10.77)",0.0
Amount_shipped,"(380, 4720, 545, 4715, 11.01)",0.0
Amount_shipped,"(380, 4720, 598, 4885, 11.15)",0.0
Amount_shipped,"(380, 4720, 622, 4729, 11.5)",0.0
Amount_shipped,"(380, 4720, 136, 4692, 11.61)",0.0
Amount_shipped,"(380, 4720, 494, 4926, 11.95)",0.0
Amount_shipped,"(380, 4720, 627, 4796, 12.52)",0.0
Amount_shipped,"(380, 4720, 604, 4624, 12.57)",0.0
Amount_shipped,"(380, 4720, 497, 4720, 12.7)",0.0
Amount_shipped,"(380, 4720, 503, 4807, 16.06)",0.0
Amount_shipped,"(380, 4720, 612, 4678, 16.32)",0.0
Amount_shipped,"(380, 4720, 345, 4695, 23.25)",0.0
Amount_shipped,"(380, 4720, 696, 4535, 23.59)",0.0
Amount_shipped,"(380, 4720, 250, 4682, 28.56)",0.0
Amount_shipped,"(380, 4720, 572, 4680, 30.45)",0.0
Amount_shipped,"(380, 4720, 371, 4764, 52.72)",0.0
Amount_shipped,"(380, 4720, 312, 4747, 62.13)",0.0
Amount_shipped,"(380, 4720, 417, 4874, 76.13)",0.0
Amount_shipped,"(380, 4720, 350, 4738, 111.96)",0.0
Amount_shipped,"(380, 4720, 327, 4722, 125.89)",0.0
Amount_shipped,"(380, 4720, 555, 4937, 127.49)",0.0
Amount_shipped,"(380, 4720, 239, 4765, 151.68)",0.0
Amount_shipped,"(380, 4720, 558, 4583, 208.94)",0.0
Amount_shipped,"(380, 4720, 592, 4773, 272.69)",0.0
Amount_shipped,"(380, 4720, 303, 4682, 594.76)",0.0
Amount_shipped,"(380, 4720, 519, 4618, 758.82)",0.0
Amount_shipped,"(380, 4720, 190, 4740, 907.18)",0.0
Amount_shipped,"(380, 4720, 604, 4955, 907.45)",0.0
Amount_shipped,"(380, 4720, 334, 4799, 1285.48)",0.0
Amount_shipped,"(380, 4720, 402, 4762, 1356.12)",0.0
Amount_shipped,"(380, 4740, 604, 4556, 10.77)",0.0
Amount_shipped,"(380, 4740, 545, 4715, 11.01)",0.0
Amount_shipped,"(380, 4740, 598, 4885, 11.15)",0.0
Amount_shipped,"(380, 4740, 622, 4729, 11.5)",0.0
Amount_shipped,"(380, 4740, 136, 4692, 11.61)",0.0
Amount_shipped,"(380, 4740, 494, 4926, 11.95)",0.0
Amount_shipped,"(380, 4740, 627, 4796, 12.52)",0.0
Amount_shipped,"(380, 4740, 604, 4624, 12.57)",0.0
Amount_shipped,"(380, 4740, 497, 4720, 12.7)",0.0
Amount_shipped,"(380, 4740, 503, 4807, 16.06)",0.0
Amount_shipped,"(380, 4740, 612, 4678, 16.32)",0.0
Amount_shipped,"(380, 4740, 345, 4695, 23.25)",0.0
Amount_shipped,"(380, 4740, 696, 4535, 23.59)",0.0
Amount_shipped,"(380, 4740, 250, 4682, 28.56)",0.0
Amount_shipped,"(380, 4740, 572, 4680, 30.45)",0.0
Amount_shipped,"(380, 4740, 371, 4764, 52.72)",0.0
Amount_shipped,"(380, 4740, 312, 4747, 62.13)",0.0
Amount_shipped,"(380, 4740, 417, 4874, 76.13)",0.0
Amount_shipped,"(380, 4740, 350, 4738, 111.96)",0.0
Amount_shipped,"(380, 4740, 327, 4722, 125.89)",0.0
Amount_shipped,"(380, 4740, 555, 4937, 127.49)",0.0
Amount_shipped,"(380, 4740, 239, 4765, 151.68)",0.0
Amount_shipped,"(380, 4740, 558, 4583, 208.94)",0.0
Amount_shipped,"(380, 4740, 592, 4773, 272.69)",0.0
Amount_shipped,"(380, 4740, 303, 4682, 594.76)",0.0
Amount_shipped,"(380, 4740, 519, 4618, 758.82)",0.0
Amount_shipped,"(380, 4740, 190, 4740, 907.18)",0.0
Amount_shipped,"(380, 4740, 604, 4955, 907.45)",0.0
Amount_shipped,"(380, 4740, 334, 4799, 1285.48)",0.0
Amount_shipped,"(380, 4740, 402, 4762, 1356.12)",0.0
Amount_shipped,"(380, 4760, 604, 4556, 10.77)",0.0
Amount_shipped,"(380, 4760, 545, 4715, 11.01)",0.0
Amount_shipped,"(380, 4760, 598, 4885, 11.15)",0.0
Amount_shipped,"(380, 4760, 622, 4729, 11.5)",0.0
Amount_shipped,"(380, 4760, 136, 4692, 11.61)",0.0
Amount_shipped,"(380, 4760, 494, 4926, 11.95)",0.0
Amount_shipped,"(380, 4760, 627, 4796, 12.52)",0.0
Amount_shipped,"(380, 4760, 604, 4624, 12.57)",0.0
Amount_shipped,"(380, 4760, 497, 4720, 12.7)",0.0
Amount_shipped,"(380, 4760, 503, 4807, 16.06)",0.0
Amount_shipped,"(380, 4760, 612, 4678, 16.32)",0.0
Amount_shipped,"(380, 4760, 345, 4695, 23.25)",0.0
Amount_shipped,"(380, 4760, 696, 4535, 23.59)",0.0
Amount_shipped,"(380, 4760, 250, 4682, 28.56)",0.0
Amount_shipped,"(380, 4760, 572, 4680, 30.45)",0.0
Amount_shipped,"(380, 4760, 371, 4764, 52.72)",0.0
Amount_shipped,"(380, 4760, 312, 4747, 62.13)",0.0
Amount_shipped,"(380, 4760, 417, 4874, 76.13)",0.0
Amount_shipped,"(380, 4760, 350, 4738, 111.96)",0.0
Amount_shipped,"(380, 4760, 327, 4722, 125.89)",0.0
Amount_shipped,"(380, 4760, 555, 4937, 127.49)",0.0
Amount_shipped,"(380, 4760, 239, 4765, 151.68)",0.0
Amount_shipped,"(380, 4760, 558, 4583, 208.94)",0.0
Amount_shipped,"(380, 4760, 592, 4773, 272.69)",0.0
Amount_shipped,"(380, 4760, 303, 4682, 594.76)",0.0
Amount_shipped,"(380, 4760, 519, 4618, 758.82)",0.0
Amount_shipped,"(380, 4760, 190, 4740, 907.18)",0.0
Amount_shipped,"(380, 4760, 604, 4955, 907.45)",0.0
Amount_shipped,"(380, 4760, 334, 4799, 1285.48)",0.0
Amount_shipped,"(380, 4760, 402, 4762, 1356.12)",0.0
Amount_shipped,"(380, 4780, 604, 4556, 10.77)",0.0
Amount_shipped,"(380, 4780, 545, 4715, 11.01)",0.0
Amount_shipped,"(380, 4780, 598, 4885, 11.15)",0.0
Amount_shipped,"(380, 4780, 622, 4729, 11.5)",0.0
Amount_shipped,"(380, 4780, 136, 4692, 11.61)",0.0
Amount_shipped,"(380, 4780, 494, 4926, 11.95)",0.0
Amount_shipped,"(380, 4780, 627, 4796, 12.52)",0.0
Amount_shipped,"(380, 4780, 604, 4624, 12.57)",0.0
Amount_shipped,"(380, 4780, 497, 4720, 12.7)",0.0
Amount_shipped,"(380, 4780, 503, 4807, 16.06)",0.0
Amount_shipped,"(380, 4780, 612, 4678, 16.32)",0.0
Amount_shipped,"(380, 4780, 345, 4695, 23.25)",0.0
Amount_shipped,"(380, 4780, 696, 4535, 23.59)",0.0
Amount_shipped,"(380, 4780, 250, 4682, 28.56)",0.0
Amount_shipped,"(380, 4780, 572, 4680, 30.45)",0.0
Amount_shipped,"(380, 4780, 371, 4764, 52.72)",0.0
Amount_shipped,"(380, 4780, 312, 4747, 62.13)",0.0
Amount_shipped,"(380, 4780, 417, 4874, 76.13)",0.0
Amount_shipped,"(380, 4780, 350, 4738, 111.96)",0.0
Amount_shipped,"(380, 4780, 327, 4722, 125.89)",0.0
Amount_shipped,"(380, 4780, 555, 4937, 127.49)",0.0
Amount_shipped,"(380, 4780, 239, 4765, 151.68)",0.0
Amount_shipped,"(380, 4780, 558, 4583, 208.94)",0.0
Amount_shipped,"(380, 4780, 592, 4773, 272.69)",0.0
Amount_shipped,"(380, 4780, 303, 4682, 594.76)",0.0
Amount_shipped,"(380, 4780, 519, 4618, 758.82)",0.0
Amount_shipped,"(380, 4780, 190, 4740, 907.18)",0.0
Amount_shipped,"(380, 4780, 604, 4955, 907.45)",0.0
Amount_shipped,"(380, 4780, 334, 4799, 1285.48)",0.0
Amount_shipped,"(380, 4780, 402, 4762, 1356.12)",0.0
Amount_shipped,"(380, 4800, 604, 4556, 10.77)",0.0
Amount_shipped,"(380, 4800, 545, 4715, 11.01)",0.0
Amount_shipped,"(380, 4800, 598, 4885, 11.15)",0.0
Amount_shipped,"(380, 4800, 622, 4729, 11.5)",0.0
Amount_shipped,"(380, 4800, 136, 4692, 11.61)",0.0
Amount_shipped,"(380, 4800, 494, 4926, 11.95)",0.0
Amount_shipped,"(380, 4800, 627, 4796, 12.52)",0.0
Amount_shipped,"(380, 4800, 604, 4624, 12.57)",0.0
Amount_shipped,"(380, 4800, 497, 4720, 12.7)",0.0
Amount_shipped,"(380, 4800, 503, 4807, 16.06)",0.0
Amount_shipped,"(380, 4800, 612, 4678, 16.32)",0.0
Amount_shipped,"(380, 4800, 345, 4695, 23.25)",0.0
Amount_shipped,"(380, 4800, 696, 4535, 23.59)",0.0
Amount_shipped,"(380, 4800, 250, 4682, 28.56)",0.0
Amount_shipped,"(380, 4800, 572, 4680, 30.45)",0.0
Amount_shipped,"(380, 4800, 371, 4764, 52.72)",0.0
Amount_shipped,"(380, 4800, 312, 4747, 62.13)",0.0
Amount_shipped,"(380, 4800, 417, 4874, 76.13)",0.0
Amount_shipped,"(380, 4800, 350, 4738, 111.96)",0.0
Amount_shipped,"(380, 4800, 327, 4722, 125.89)",0.0
Amount_shipped,"(380, 4800, 555, 4937, 127.49)",0.0
Amount_shipped,"(380, 4800, 239, 4765, 151.68)",0.0
Amount_shipped,"(380, 4800, 558, 4583, 208.94)",0.0
Amount_shipped,"(380, 4800, 592, 4773, 272.69)",0.0
Amount_shipped,"(380, 4800, 303, 4682, 594.76)",0.0
Amount_shipped,"(380, 4800, 519, 4618, 758.82)",0.0
Amount_shipped,"(380, 4800, 190, 4740, 907.18)",0.0
Amount_shipped,"(380, 4800, 604, 4955, 907.45)",0.0
Amount_shipped,"(380, 4800, 334, 4799, 1285.48)",0.0
Amount_shipped,"(380, 4800, 402, 4762, 1356.12)",0.0
Amount_shipped,"(380, 4820, 604, 4556, 10.77)",0.0
Amount_shipped,"(380, 4820, 545, 4715, 11.01)",0.0
Amount_shipped,"(380, 4820, 598, 4885, 11.15)",0.0
Amount_shipped,"(380, 4820, 622, 4729, 11.5)",0.0
Amount_shipped,"(380, 4820, 136, 4692, 11.61)",0.0
Amount_shipped,"(380, 4820, 494, 4926, 11.95)",0.0
Amount_shipped,"(380, 4820, 627, 4796, 12.52)",0.0
Amount_shipped,"(380, 4820, 604, 4624, 12.57)",0.0
Amount_shipped,"(380, 4820, 497, 4720, 12.7)",0.0
Amount_shipped,"(380, 4820, 503, 4807, 16.06)",0.0
Amount_shipped,"(380, 4820, 612, 4678, 16.32)",0.0
Amount_shipped,"(380, 4820, 345, 4695, 23.25)",0.0
Amount_shipped,"(380, 4820, 696, 4535, 23.59)",0.0
Amount_shipped,"(380, 4820, 250, 4682, 28.56)",0.0
Amount_shipped,"(380, 4820, 572, 4680, 30.45)",0.0
Amount_shipped,"(380, 4820, 371, 4764, 52.72)",0.0
Amount_shipped,"(380, 4820, 312, 4747, 62.13)",0.0
Amount_shipped,"(380, 4820, 417, 4874, 76.13)",0.0
Amount_shipped,"(380, 4820, 350, 4738, 111.96)",0.0
Amount_shipped,"(380, 4820, 327, 4722, 125.89)",0.0
Amount_shipped,"(380, 4820, 555, 4937, 127.49)",0.0
Amount_shipped,"(380, 4820, 239, 4765, 151.68)",0.0
Amount_shipped,"(380, 4820, 558, 4583, 208.94)",0.0
Amount_shipped,"(380, 4820, 592, 4773, 272.69)",0.0
Amount_shipped,"(380, 4820, 303, 4682, 594.76)",0.0
Amount_shipped,"(380, 4820, 519, 4618, 758.82)",0.0
Amount_shipped,"(380, 4820, 190, 4740, 907.18)",0.0
Amount_shipped,"(380, 4820, 604, 4955, 907.45)",0.0
Amount_shipped,"(380, 4820, 334, 4799, 1285.48)",0.0
Amount_shipped,"(380, 4820, 402, 4762, 1356.12)",0.0
Amount_shipped,"(380, 4840, 604, 4556, 10.77)",0.0
Amount_shipped,"(380, 4840, 545, 4715, 11.01)",0.0
Amount_shipped,"(380, 4840, 598, 4885, 11.15)",0.0
Amount_shipped,"(380, 4840, 622, 4729, 11.5)",0.0
Amount_shipped,"(380, 4840, 136, 4692, 11.61)",0.0
Amount_shipped,"(380, 4840, 494, 4926, 11.95)",0.0
Amount_shipped,"(380, 4840, 627, 4796, 12.52)",0.0
Amount_shipped,"(380, 4840, 604, 4624, 12.57)",0.0
Amount_shipped,"(380, 4840, 497, 4720, 12.7)",0.0
Amount_shipped,"(380, 4840, 503, 4807, 16.06)",0.0
Amount_shipped,"(380, 4840, 612, 4678, 16.32)",0.0
Amount_shipped,"(380, 4840, 345, 4695, 23.25)",0.0
Amount_shipped,"(380, 4840, 696, 4535, 23.59)",0.0
Amount_shipped,"(380, 4840, 250, 4682, 28.56)",0.0
Amount_shipped,"(380, 4840, 572, 4680, 30.45)",0.0
Amount_shipped,"(380, 4840, 371, 4764, 52.72)",0.0
Amount_shipped,"(380, 4840, 312, 4747, 62.13)",0.0
Amount_shipped,"(380, 4840, 417, 4874, 76.13)",0.0
Amount_shipped,"(380, 4840, 350, 4738, 111.96)",0.0
Amount_shipped,"(380, 4840, 327, 4722, 125.89)",0.0
Amount_shipped,"(380, 4840, 555, 4937, 127.49)",0.0
Amount_shipped,"(380, 4840, 239, 4765, 151.68)",0.0
Amount_shipped,"(380, 4840, 558, 4583, 208.94)",0.0
Amount_shipped,"(380, 4840, 592, 4773, 272.69)",0.0
Amount_shipped,"(380, 4840, 303, 4682, 594.76)",0.0
Amount_shipped,"(380, 4840, 519, 4618, 758.82)",0.0
Amount_shipped,"(380, 4840, 190, 4740, 907.18)",0.0
Amount_shipped,"(380, 4840, 604, 4955, 907.45)",0.0
Amount_shipped,"(380, 4840, 334, 4799, 1285.48)",0.0
Amount_shipped,"(380, 4840, 402, 4762, 1356.12)",0.0
Amount_shipped,"(380, 4860, 604, 4556, 10.77)",0.0
Amount_shipped,"(380, 4860, 545, 4715, 11.01)",0.0
Amount_shipped,"(380, 4860, 598, 4885, 11.15)",0.0
Amount_shipped,"(380, 4860, 622, 4729, 11.5)",0.0
Amount_shipped,"(380, 4860, 136, 4692, 11.61)",0.0
Amount_shipped,"(380, 4860, 494, 4926, 11.95)",0.0
Amount_shipped,"(380, 4860, 627, 4796, 12.52)",0.0
Amount_shipped,"(380, 4860, 604, 4624, 12.57)",0.0
Amount_shipped,"(380, 4860, 497, 4720, 12.7)",0.0
Amount_shipped,"(380, 4860, 503, 4807, 16.06)",0.0
Amount_shipped,"(380, 4860, 612, 4678, 16.32)",0.0
Amount_shipped,"(380, 4860, 345, 4695, 23.25)",0.0
Amount_shipped,"(380, 4860, 696, 4535, 23.59)",0.0
Amount_shipped,"(380, 4860, 250, 4682, 28.56)",0.0
Amount_shipped,"(380, 4860, 572, 4680, 30.45)",0.0
Amount_shipped,"(380, 4860, 371, 4764, 52.72)",0.0
Amount_shipped,"(380, 4860, 312, 4747, 62.13)",0.0
Amount_shipped,"(380, 4860, 417, 4874, 76.13)",0.0
Amount_shipped,"(380, 4860, 350, 4738, 111.96)",0.0
Amount_shipped,"(380, 4860, 327, 4722, 125.89)",0.0
Amount_shipped,"(380, 4860, 555, 4937, 127.49)",0.0
Amount_shipped,"(380, 4860, 239, 4765, 151.68)",0.0
Amount_shipped,"(380, 4860, 558, 4583, 208.94)",0.0
Amount_shipped,"(380, 4860, 592, 4773, 272.69)",0.0
Amount_shipped,"(380, 4860, 303, 4682, 594.76)",0.0
Amount_shipped,"(380, 4860, 519, 4618, 758.82)",0.0
Amount_shipped,"(380, 4860, 190, 4740, 907.18)",0.0
Amount_shipped,"(380, 4860, 604, 4955, 907.45)",0.0
Amount_shipped,"(380, 4860, 334, 4799, 1285.48)",0.0
Amount_shipped,"(380, 4860, 402, 4762, 1356.12)",0.0
Amount_shipped,"(380, 4880, 604, 4556, 10.77)",0.0
Amount_shipped,"(380, 4880, 545, 4715, 11.01)",0.0
Amount_shipped,"(380, 4880, 598, 4885, 11.15)",0.0
Amount_shipped,"(380, 4880, 622, 4729, 11.5)",0.0
Amount_shipped,"(380, 4880, 136, 4692, 11.61)",0.0
Amount_shipped,"(380, 4880, 494, 4926, 11.95)",0.0
Amount_shipped,"(380, 4880, 627, 4796, 12.52)",0.0
Amount_shipped,"(380, 4880, 604, 4624, 12.57)",0.0
Amount_shipped,"(380, 4880, 497, 4720, 12.7)",0.0
Amount_shipped,"(380, 4880, 503, 4807, 16.06)",0.0
Amount_shipped,"(380, 4880, 612, 4678, 16.32)",0.0
Amount_shipped,"(380, 4880, 345, 4695, 23.25)",0.0
Amount_shipped,"(380, 4880, 696, 4535, 23.59)",0.0
Amount_shipped,"(380, 4880, 250, 4682, 28.56)",0.0
Amount_shipped,"(380, 4880, 572, 4680, 30.45)",0.0
Amount_shipped,"(380, 4880, 371, 4764, 52.72)",0.0
Amount_shipped,"(380, 4880, 312, 4747, 62.13)",0.0
Amount_shipped,"(380, 4880, 417, 4874, 76.13)",0.0
Amount_shipped,"(380, 4880, 350, 4738, 111.96)",0.0
Amount_shipped,"(380, 4880, 327, 4722, 125.89)",0.0
Amount_shipped,"(380, 4880, 555, 4937, 127.49)",0.0
Amount_shipped,"(380, 4880, 239, 4765, 151.68)",0.0
Amount_shipped,"(380, 4880, 558, 4583, 208.94)",0.0
Amount_shipped,"(380, 4880, 592, 4773, 272.69)",0.0
Amount_shipped,"(380, 4880, 303, 4682, 594.76)",0.0
Amount_shipped,"(380, 4880, 519, 4618, 758.82)",0.0
Amount_shipped,"(380, 4880, 190, 4740, 907.18)",0.0
Amount_shipped,"(380, 4880, 604, 4955, 907.45)",0.0
Amount_shipped,"(380, 4880, 334, 4799, 1285.48)",0.0
Amount_shipped,"(380, 4880, 402, 4762, 1356.12)",0.0
Amount_shipped,"(380, 4900, 604, 4556, 10.77)",0.0
Amount_shipped,"(380, 4900, 545, 4715, 11.01)",0.0
Amount_shipped,"(380, 4900, 598, 4885, 11.15)",0.0
Amount_shipped,"(380, 4900, 622, 4729, 11.5)",0.0
Amount_shipped,"(380, 4900, 136, 4692, 11.61)",0.0
Amount_shipped,"(380, 4900, 494, 4926, 11.95)",0.0
Amount_shipped,"(380, 4900, 627, 4796, 12.52)",0.0
Amount_shipped,"(380, 4900, 604, 4624, 12.57)",0.0
Amount_shipped,"(380, 4900, 497, 4720, 12.7)",0.0
Amount_shipped,"(380, 4900, 503, 4807, 16.06)",0.0
Amount_shipped,"(380, 4900, 612, 4678, 16.32)",0.0
Amount_shipped,"(380, 4900, 345, 4695, 23.25)",0.0
Amount_shipped,"(380, 4900, 696, 4535, 23.59)",0.0
Amount_shipped,"(380, 4900, 250, 4682, 28.56)",0.0
Amount_shipped,"(380, 4900, 572, 4680, 30.45)",0.0
Amount_shipped,"(380, 4900, 371, 4764, 52.72)",0.0
Amount_shipped,"(380, 4900, 312, 4747, 62.13)",0.0
Amount_shipped,"(380, 4900, 417, 4874, 76.13)",0.0
Amount_shipped,"(380, 4900, 350, 4738, 111.96)",0.0
Amount_shipped,"(380, 4900, 327, 4722, 125.89)",0.0
Amount_shipped,"(380, 4900, 555, 4937, 127.49)",0.0
Amount_shipped,"(380, 4900, 239, 4765, 151.68)",0.0
Amount_shipped,"(380, 4900, 558, 4583, 208.94)",0.0
Amount_shipped,"(380, 4900, 592, 4773, 272.69)",0.0
Amount_shipped,"(380, 4900, 303, 4682, 594.76)",0.0
Amount_shipped,"(380, 4900, 519, 4618, 758.82)",0.0
Amount_shipped,"(380, 4900, 190, 4740, 907.18)",0.0
Amount_shipped,"(380, 4900, 604, 4955, 907.45)",0.0
Amount_shipped,"(380, 4900, 334, 4799, 1285.48)",0.0
Amount_shipped,"(380, 4900, 402, 4762, 1356.12)",0.0
Amount_shipped,"(380, 4920, 604, 4556, 10.77)",0.0
Amount_shipped,"(380, 4920, 545, 4715, 11.01)",0.0
Amount_shipped,"(380, 4920, 598, 4885, 11.15)",0.0
Amount_shipped,"(380, 4920, 622, 4729, 11.5)",0.0
Amount_shipped,"(380, 4920, 136, 4692, 11.61)",0.0
Amount_shipped,"(380, 4920, 494, 4926, 11.95)",0.0
Amount_shipped,"(380, 4920, 627, 4796, 12.52)",0.0
Amount_shipped,"(380, 4920, 604, 4624, 12.57)",0.0
Amount_shipped,"(380, 4920, 497, 4720, 12.7)",0.0
Amount_shipped,"(380, 4920, 503, 4807, 16.06)",0.0
Amount_shipped,"(380, 4920, 612, 4678, 16.32)",0.0
Amount_shipped,"(380, 4920, 345, 4695, 23.25)",0.0
Amount_shipped,"(380, 4920, 696, 4535, 23.59)",0.0
Amount_shipped,"(380, 4920, 250, 4682, 28.56)",0.0
Amount_shipped,"(380, 4920, 572, 4680, 30.45)",0.0
Amount_shipped,"(380, 4920, 371, 4764, 52.72)",0.0
Amount_shipped,"(380, 4920, 312, 4747, 62.13)",0.0
Amount_shipped,"(380, 4920, 417, 4874, 76.13)",0.0
Amount_shipped,"(380, 4920, 350, 4738, 111.96)",0.0
Amount_shipped,"(380, 4920, 327, 4722, 125.89)",0.0
Amount_shipped,"(380, 4920, 555, 4937, 127.49)",0.0
Amount_shipped,"(380, 4920, 239, 4765, 151.68)",0.0
Amount_shipped,"(380, 4920, 558, 4583, 208.94)",0.0
Amount_shipped,"(380, 4920, 592, 4773, 272.69)",0.0
Amount_shipped,"(380, 4920, 303, 4682, 594.76)",0.0
Amount_shipped,"(380, 4920, 519, 4618, 758.82)",0.0
Amount_shipped,"(380, 4920, 190, 4740, 907.18)",0.0
Amount_shipped,"(380, 4920, 604, 4955, 907.45)",0.0
Amount_shipped,"(380, 4920, 334, 4799, 1285.48)",0.0
Amount_shipped,"(380, 4920, 402, 4762, 1356.12)",0.0
Amount_shipped,"(380, 4940, 604, 4556, 10.77)",0.0
Amount_shipped,"(380, 4940, 545, 4715, 11.01)",0.0
Amount_shipped,"(380, 4940, 598, 4885, 11.15)",0.0
Amount_shipped,"(380, 4940, 622, 4729, 11.5)",0.0
Amount_shipped,"(380, 4940, 136, 4692, 11.61)",0.0
Amount_shipped,"(380, 4940, 494, 4926, 11.95)",0.0
Amount_shipped,"(380, 4940, 627, 4796, 12.52)",0.0
Amount_shipped,"(380, 4940, 604, 4624, 12.57)",0.0
Amount_shipped,"(380, 4940, 497, 4720, 12.7)",0.0
Amount_shipped,"(380, 4940, 503, 4807, 16.06)",0.0
Amount_shipped,"(380, 4940, 612, 4678, 16.32)",0.0
Amount_shipped,"(380, 4940, 345, 4695, 23.25)",0.0
Amount_shipped,"(380, 4940, 696, 4535, 23.59)",0.0
Amount_shipped,"(380, 4940, 250, 4682, 28.56)",0.0
Amount_shipped,"(380, 4940, 572, 4680, 30.45)",0.0
Amount_shipped,"(380, 4940, 371, 4764, 52.72)",0.0
Amount_shipped,"(380, 4940, 312, 4747, 62.13)",0.0
Amount_shipped,"(380, 4940, 417, 4874, 76.13)",0.0
Amount_shipped,"(380, 4940, 350, 4738, 111.96)",0.0
Amount_shipped,"(380, 4940, 327, 4722, 125.89)",0.0
Amount_shipped,"(380, 4940, 555, 4937, 127.49)",0.0
Amount_shipped,"(380, 4940, 239, 4765, 151.68)",0.0
Amount_shipped,"(380, 4940, 558, 4583, 208.94)",0.0
Amount_shipped,"(380, 4940, 592, 4773, 272.69)",0.0
Amount_shipped,"(380, 4940, 303, 4682, 594.76)",0.0
Amount_shipped,"(380, 4940, 519, 4618, 758.82)",0.0
Amount_shipped,"(380, 4940, 190, 4740, 907.18)",0.0
Amount_shipped,"(380, 4940, 604, 4955, 907.45)",0.0
Amount_shipped,"(380, 4940, 334, 4799, 1285.48)",0.0
Amount_shipped,"(380, 4940, 402, 4762, 1356.12)",0.0
Amount_shipped,"(380, 4960, 604, 4556, 10.77)",0.0
Amount_shipped,"(380, 4960, 545, 4715, 11.01)",0.0
Amount_shipped,"(380, 4960, 598, 4885, 11.15)",0.0
Amount_shipped,"(380, 4960, 622, 4729, 11.5)",0.0
Amount_shipped,"(380, 4960, 136, 4692, 11.61)",0.0
Amount_shipped,"(380, 4960, 494, 4926, 11.95)",0.0
Amount_shipped,"(380, 4960, 627, 4796, 12.52)",0.0
Amount_shipped,"(380, 4960, 604, 4624, 12.57)",0.0
Amount_shipped,"(380, 4960, 497, 4720, 12.7)",0.0
Amount_shipped,"(380, 4960, 503, 4807, 16.06)",0.0
Amount_shipped,"(380, 4960, 612, 4678, 16.32)",0.0
Amount_shipped,"(380, 4960, 345, 4695, 23.25)",0.0
Amount_shipped,"(380, 4960, 696, 4535, 23.59)",0.0
Amount_shipped,"(380, 4960, 250, 4682, 28.56)",0.0
Amount_shipped,"(380, 4960, 572, 4680, 30.45)",0.0
Amount_shipped,"(380, 4960, 371, 4764, 52.72)",0.0
Amount_shipped,"(380, 4960, 312, 4747, 62.13)",0.0
Amount_shipped,"(380, 4960, 417, 4874, 76.13)",0.0
Amount_shipped,"(380, 4960, 350, 4738, 111.96)",0.0
Amount_shipped,"(380, 4960, 327, 4722, 125.89)",0.0
Amount_shipped,"(380, 4960, 555, 4937, 127.49)",0.0
Amount_shipped,"(380, 4960, 239, 4765, 151.68)",0.0
Amount_shipped,"(380, 4960, 558, 4583, 208.94)",0.0
Amount_shipped,"(380, 4960, 592, 4773, 272.69)",0.0
Amount_shipped,"(380, 4960, 303, 4682, 594.76)",0.0
Amount_shipped,"(380, 4960, 519, 4618, 758.82)",0.0
Amount_shipped,"(380, 4960, 190, 4740, 907.18)",0.0
Amount_shipped,"(380, 4960, 604, 4955, 907.45)",0.0
Amount_shipped,"(380, 4960, 334, 4799, 1285.48)",0.0
Amount_shipped,"(380, 4960, 402, 4762, 1356.12)",0.0
Amount_shipped,"(380, 4980, 604, 4556, 10.77)",0.0
Amount_shipped,"(380, 4980, 545, 4715, 11.01)",0.0
Amount_shipped,"(380, 4980, 598, 4885, 11.15)",0.0
Amount_shipped,"(380, 4980, 622, 4729, 11.5)",0.0
Amount_shipped,"(380, 4980, 136, 4692, 11.61)",0.0
Amount_shipped,"(380, 4980, 494, 4926, 11.95)",0.0
Amount_shipped,"(380, 4980, 627, 4796, 12.52)",0.0
Amount_shipped,"(380, 4980, 604, 4624, 12.57)",0.0
Amount_shipped,"(380, 4980, 497, 4720, 12.7)",0.0
Amount_shipped,"(380, 4980, 503, 4807, 16.06)",0.0
Amount_shipped,"(380, 4980, 612, 4678, 16.32)",0.0
Amount_shipped,"(380, 4980, 345, 4695, 23.25)",0.0
Amount_shipped,"(380, 4980, 696, 4535, 23.59)",0.0
Amount_shipped,"(380, 4980, 250, 4682, 28.56)",0.0
Amount_shipped,"(380, 4980, 572, 4680, 30.45)",0.0
Amount_shipped,"(380, 4980, 371, 4764, 52.72)",0.0
Amount_shipped,"(380, 4980, 312, 4747, 62.13)",0.0
Amount_shipped,"(380, 4980, 417, 4874, 76.13)",0.0
Amount_shipped,"(380, 4980, 350, 4738, 111.96)",0.0
Amount_shipped,"(380, 4980, 327, 4722, 125.89)",0.0
Amount_shipped,"(380, 4980, 555, 4937, 127.49)",0.0
Amount_shipped,"(380, 4980, 239, 4765, 151.68)",0.0
Amount_shipped,"(380, 4980, 558, 4583, 208.94)",0.0
Amount_shipped,"(380, 4980, 592, 4773, 272.69)",0.0
Amount_shipped,"(380, 4980, 303, 4682, 594.76)",0.0
Amount_shipped,"(380, 4980, 519, 4618, 758.82)",0.0
Amount_shipped,"(380, 4980, 190, 4740, 907.18)",0.0
Amount_shipped,"(380, 4980, 604, 4955, 907.45)",0.0
Amount_shipped,"(380, 4980, 334, 4799, 1285.48)",0.0
Amount_shipped,"(380, 4980, 402, 4762, 1356.12)",0.0
Amount_shipped,"(400, 4440, 604, 4556, 10.77)",0.0
Amount_shipped,"(400, 4440, 545, 4715, 11.01)",0.0
Amount_shipped,"(400, 4440, 598, 4885, 11.15)",0.0
Amount_shipped,"(400, 4440, 622, 4729, 11.5)",0.0
Amount_shipped,"(400, 4440, 136, 4692, 11.61)",0.0
Amount_shipped,"(400, 4440, 494, 4926, 11.95)",0.0
Amount_shipped,"(400, 4440, 627, 4796, 12.52)",0.0
Amount_shipped,"(400, 4440, 604, 4624, 12.57)",0.0
Amount_shipped,"(400, 4440, 497, 4720, 12.7)",0.0
Amount_shipped,"(400, 4440, 503, 4807, 16.06)",0.0
Amount_shipped,"(400, 4440, 612, 4678, 16.32)",0.0
Amount_shipped,"(400, 4440, 345, 4695, 23.25)",0.0
Amount_shipped,"(400, 4440, 696, 4535, 23.59)",0.0
Amount_shipped,"(400, 4440, 250, 4682, 28.56)",0.0
Amount_shipped,"(400, 4440, 572, 4680, 30.45)",0.0
Amount_shipped,"(400, 4440, 371, 4764, 52.72)",0.0
Amount_shipped,"(400, 4440, 312, 4747, 62.13)",0.0
Amount_shipped,"(400, 4440, 417, 4874, 76.13)",0.0
Amount_shipped,"(400, 4440, 350, 4738, 111.96)",0.0
Amount_shipped,"(400, 4440, 327, 4722, 125.89)",0.0
Amount_shipped,"(400, 4440, 555, 4937, 127.49)",0.0
Amount_shipped,"(400, 4440, 239, 4765, 151.68)",0.0
Amount_shipped,"(400, 4440, 558, 4583, 208.94)",0.0
Amount_shipped,"(400, 4440, 592, 4773, 272.69)",0.0
Amount_shipped,"(400, 4440, 303, 4682, 594.76)",0.0
Amount_shipped,"(400, 4440, 519, 4618, 758.82)",0.0
Amount_shipped,"(400, 4440, 190, 4740, 907.18)",0.0
Amount_shipped,"(400, 4440, 604, 4955, 907.45)",0.0
Amount_shipped,"(400, 4440, 334, 4799, 1285.48)",0.0
Amount_shipped,"(400, 4440, 402, 4762, 1356.12)",0.0
Amount_shipped,"(400, 4460, 604, 4556, 10.77)",0.0
Amount_shipped,"(400, 4460, 545, 4715, 11.01)",0.0
Amount_shipped,"(400, 4460, 598, 4885, 11.15)",0.0
Amount_shipped,"(400, 4460, 622, 4729, 11.5)",0.0
Amount_shipped,"(400, 4460, 136, 4692, 11.61)",0.0
Amount_shipped,"(400, 4460, 494, 4926, 11.95)",0.0
Amount_shipped,"(400, 4460, 627, 4796, 12.52)",0.0
Amount_shipped,"(400, 4460, 604, 4624, 12.57)",0.0
Amount_shipped,"(400, 4460, 497, 4720, 12.7)",0.0
Amount_shipped,"(400, 4460, 503, 4807, 16.06)",0.0
Amount_shipped,"(400, 4460, 612, 4678, 16.32)",0.0
Amount_shipped,"(400, 4460, 345, 4695, 23.25)",0.0
Amount_shipped,"(400, 4460, 696, 4535, 23.59)",0.0
Amount_shipped,"(400, 4460, 250, 4682, 28.56)",0.0
Amount_shipped,"(400, 4460, 572, 4680, 30.45)",0.0
Amount_shipped,"(400, 4460, 371, 4764, 52.72)",0.0
Amount_shipped,"(400, 4460, 312, 4747, 62.13)",0.0
Amount_shipped,"(400, 4460, 417, 4874, 76.13)",0.0
Amount_shipped,"(400, 4460, 350, 4738, 111.96)",0.0
Amount_shipped,"(400, 4460, 327, 4722, 125.89)",0.0
Amount_shipped,"(400, 4460, 555, 4937, 127.49)",0.0
Amount_shipped,"(400, 4460, 239, 4765, 151.68)",0.0
Amount_shipped,"(400, 4460, 558, 4583, 208.94)",0.0
Amount_shipped,"(400, 4460, 592, 4773, 272.69)",0.0
Amount_shipped,"(400, 4460, 303, 4682, 594.76)",0.0
Amount_shipped,"(400, 4460, 519, 4618, 758.82)",0.0
Amount_shipped,"(400, 4460, 190, 4740, 907.18)",0.0
Amount_shipped,"(400, 4460, 604, 4955, 907.45)",0.0
Amount_shipped,"(400, 4460, 334, 4799, 1285.48)",0.0
Amount_shipped,"(400, 4460, 402, 4762, 1356.12)",0.0
Amount_shipped,"(400, 4480, 604, 4556, 10.77)",0.0
Amount_shipped,"(400, 4480, 545, 4715, 11.01)",0.0
Amount_shipped,"(400, 4480, 598, 4885, 11.15)",0.0
Amount_shipped,"(400, 4480, 622, 4729, 11.5)",0.0
Amount_shipped,"(400, 4480, 136, 4692, 11.61)",0.0
Amount_shipped,"(400, 4480, 494, 4926, 11.95)",0.0
Amount_shipped,"(400, 4480, 627, 4796, 12.52)",0.0
Amount_shipped,"(400, 4480, 604, 4624, 12.57)",0.0
Amount_shipped,"(400, 4480, 497, 4720, 12.7)",0.0
Amount_shipped,"(400, 4480, 503, 4807, 16.06)",0.0
Amount_shipped,"(400, 4480, 612, 4678, 16.32)",0.0
Amount_shipped,"(400, 4480, 345, 4695, 23.25)",0.0
Amount_shipped,"(400, 4480, 696, 4535, 23.59)",0.0
Amount_shipped,"(400, 4480, 250, 4682, 28.56)",0.0
Amount_shipped,"(400, 4480, 572, 4680, 30.45)",0.0
Amount_shipped,"(400, 4480, 371, 4764, 52.72)",0.0
Amount_shipped,"(400, 4480, 312, 4747, 62.13)",0.0
Amount_shipped,"(400, 4480, 417, 4874, 76.13)",0.0
Amount_shipped,"(400, 4480, 350, 4738, 111.96)",0.0
Amount_shipped,"(400, 4480, 327, 4722, 125.89)",0.0
Amount_shipped,"(400, 4480, 555, 4937, 127.49)",0.0
Amount_shipped,"(400, 4480, 239, 4765, 151.68)",0.0
Amount_shipped,"(400, 4480, 558, 4583, 208.94)",0.0
Amount_shipped,"(400, 4480, 592, 4773, 272.69)",0.0
Amount_shipped,"(400, 4480, 303, 4682, 594.76)",0.0
Amount_shipped,"(400, 4480, 519, 4618, 758.82)",0.0
Amount_shipped,"(400, 4480, 190, 4740, 907.18)",0.0
Amount_shipped,"(400, 4480, 604, 4955, 907.45)",0.0
Amount_shipped,"(400, 4480, 334, 4799, 1285.48)",0.0
Amount_shipped,"(400, 4480, 402, 4762, 1356.12)",0.0
Amount_shipped,"(400, 4500, 604, 4556, 10.77)",0.0
Amount_shipped,"(400, 4500, 545, 4715, 11.01)",0.0
Amount_shipped,"(400, 4500, 598, 4885, 11.15)",0.0
Amount_shipped,"(400, 4500, 622, 4729, 11.5)",0.0
Amount_shipped,"(400, 4500, 136, 4692, 11.61)",0.0
Amount_shipped,"(400, 4500, 494, 4926, 11.95)",0.0
Amount_shipped,"(400, 4500, 627, 4796, 12.52)",0.0
Amount_shipped,"(400, 4500, 604, 4624, 12.57)",0.0
Amount_shipped,"(400, 4500, 497, 4720, 12.7)",0.0
Amount_shipped,"(400, 4500, 503, 4807, 16.06)",0.0
Amount_shipped,"(400, 4500, 612, 4678, 16.32)",0.0
Amount_shipped,"(400, 4500, 345, 4695, 23.25)",0.0
Amount_shipped,"(400, 4500, 696, 4535, 23.59)",0.0
Amount_shipped,"(400, 4500, 250, 4682, 28.56)",0.0
Amount_shipped,"(400, 4500, 572, 4680, 30.45)",0.0
Amount_shipped,"(400, 4500, 371, 4764, 52.72)",0.0
Amount_shipped,"(400, 4500, 312, 4747, 62.13)",0.0
Amount_shipped,"(400, 4500, 417, 4874, 76.13)",0.0
Amount_shipped,"(400, 4500, 350, 4738, 111.96)",0.0
Amount_shipped,"(400, 4500, 327, 4722, 125.89)",0.0
Amount_shipped,"(400, 4500, 555, 4937, 127.49)",0.0
Amount_shipped,"(400, 4500, 239, 4765, 151.68)",0.0
Amount_shipped,"(400, 4500, 558, 4583, 208.94)",0.0
Amount_shipped,"(400, 4500, 592, 4773, 272.69)",0.0
Amount_shipped,"(400, 4500, 303, 4682, 594.76)",0.0
Amount_shipped,"(400, 4500, 519, 4618, 758.82)",0.0
Amount_shipped,"(400, 4500, 190, 4740, 907.18)",0.0
Amount_shipped,"(400, 4500, 604, 4955, 907.45)",0.0
Amount_shipped,"(400, 4500, 334, 4799, 1285.48)",0.0
Amount_shipped,"(400, 4500, 402, 4762, 1356.12)",0.0
Amount_shipped,"(400, 4520, 604, 4556, 10.77)",0.0
Amount_shipped,"(400, 4520, 545, 4715, 11.01)",0.0
Amount_shipped,"(400, 4520, 598, 4885, 11.15)",0.0
Amount_shipped,"(400, 4520, 622, 4729, 11.5)",0.0
Amount_shipped,"(400, 4520, 136, 4692, 11.61)",0.0
Amount_shipped,"(400, 4520, 494, 4926, 11.95)",0.0
Amount_shipped,"(400, 4520, 627, 4796, 12.52)",0.0
Amount_shipped,"(400, 4520, 604, 4624, 12.57)",0.0
Amount_shipped,"(400, 4520, 497, 4720, 12.7)",0.0
Amount_shipped,"(400, 4520, 503, 4807, 16.06)",0.0
Amount_shipped,"(400, 4520, 612, 4678, 16.32)",0.0
Amount_shipped,"(400, 4520, 345, 4695, 23.25)",0.0
Amount_shipped,"(400, 4520, 696, 4535, 23.59)",0.0
Amount_shipped,"(400, 4520, 250, 4682, 28.56)",0.0
Amount_shipped,"(400, 4520, 572, 4680, 30.45)",0.0
Amount_shipped,"(400, 4520, 371, 4764, 52.72)",0.0
Amount_shipped,"(400, 4520, 312, 4747, 62.13)",0.0
Amount_shipped,"(400, 4520, 417, 4874, 76.13)",0.0
Amount_shipped,"(400, 4520, 350, 4738, 111.96)",0.0
Amount_shipped,"(400, 4520, 327, 4722, 125.89)",0.0
Amount_shipped,"(400, 4520, 555, 4937, 127.49)",0.0
Amount_shipped,"(400, 4520, 239, 4765, 151.68)",0.0
Amount_shipped,"(400, 4520, 558, 4583, 208.94)",0.0
Amount_shipped,"(400, 4520, 592, 4773, 272.69)",0.0
Amount_shipped,"(400, 4520, 303, 4682, 594.76)",0.0
Amount_shipped,"(400, 4520, 519, 4618, 758.82)",0.0
Amount_shipped,"(400, 4520, 190, 4740, 907.18)",0.0
Amount_shipped,"(400, 4520, 604, 4955, 907.45)",0.0
Amount_shipped,"(400, 4520, 334, 4799, 1285.48)",0.0
Amount_shipped,"(400, 4520, 402, 4762, 1356.12)",0.0
Amount_shipped,"(400, 4540, 604, 4556, 10.77)",0.0
Amount_shipped,"(400, 4540, 545, 4715, 11.01)",0.0
Amount_shipped,"(400, 4540, 598, 4885, 11.15)",0.0
Amount_shipped,"(400, 4540, 622, 4729, 11.5)",0.0
Amount_shipped,"(400, 4540, 136, 4692, 11.61)",0.0
Amount_shipped,"(400, 4540, 494, 4926, 11.95)",0.0
Amount_shipped,"(400, 4540, 627, 4796, 12.52)",0.0
Amount_shipped,"(400, 4540, 604, 4624, 12.57)",0.0
Amount_shipped,"(400, 4540, 497, 4720, 12.7)",0.0
Amount_shipped,"(400, 4540, 503, 4807, 16.06)",0.0
Amount_shipped,"(400, 4540, 612, 4678, 16.32)",0.0
Amount_shipped,"(400, 4540, 345, 4695, 23.25)",0.0
Amount_shipped,"(400, 4540, 696, 4535, 23.59)",0.0
Amount_shipped,"(400, 4540, 250, 4682, 28.56)",0.0
Amount_shipped,"(400, 4540, 572, 4680, 30.45)",0.0
Amount_shipped,"(400, 4540, 371, 4764, 52.72)",0.0
Amount_shipped,"(400, 4540, 312, 4747, 62.13)",0.0
Amount_shipped,"(400, 4540, 417, 4874, 76.13)",0.0
Amount_shipped,"(400, 4540, 350, 4738, 111.96)",0.0
Amount_shipped,"(400, 4540, 327, 4722, 125.89)",0.0
Amount_shipped,"(400, 4540, 555, 4937, 127.49)",0.0
Amount_shipped,"(400, 4540, 239, 4765, 151.68)",0.0
Amount_shipped,"(400, 4540, 558, 4583, 208.94)",0.0
Amount_shipped,"(400, 4540, 592, 4773, 272.69)",0.0
Amount_shipped,"(400, 4540, 303, 4682, 594.76)",0.0
Amount_shipped,"(400, 4540, 519, 4618, 758.82)",0.0
Amount_shipped,"(400, 4540, 190, 4740, 907.18)",0.0
Amount_shipped,"(400, 4540, 604, 4955, 907.45)",0.0
Amount_shipped,"(400, 4540, 334, 4799, 1285.48)",0.0
Amount_shipped,"(400, 4540, 402, 4762, 1356.12)",0.0
Amount_shipped,"(400, 4560, 604, 4556, 10.77)",0.0
Amount_shipped,"(400, 4560, 545, 4715, 11.01)",0.0
Amount_shipped,"(400, 4560, 598, 4885, 11.15)",0.0
Amount_shipped,"(400, 4560, 622, 4729, 11.5)",0.0
Amount_shipped,"(400, 4560, 136, 4692, 11.61)",0.0
Amount_shipped,"(400, 4560, 494, 4926, 11.95)",0.0
Amount_shipped,"(400, 4560, 627, 4796, 12.52)",0.0
Amount_shipped,"(400, 4560, 604, 4624, 12.57)",0.0
Amount_shipped,"(400, 4560, 497, 4720, 12.7)",0.0
Amount_shipped,"(400, 4560, 503, 4807, 16.06)",0.0
Amount_shipped,"(400, 4560, 612, 4678, 16.32)",0.0
Amount_shipped,"(400, 4560, 345, 4695, 23.25)",0.0
Amount_shipped,"(400, 4560, 696, 4535, 23.59)",0.0
Amount_shipped,"(400, 4560, 250, 4682, 28.56)",0.0
Amount_shipped,"(400, 4560, 572, 4680, 30.45)",0.0
Amount_shipped,"(400, 4560, 371, 4764, 52.72)",0.0
Amount_shipped,"(400, 4560, 312, 4747, 62.13)",0.0
Amount_shipped,"(400, 4560, 417, 4874, 76.13)",0.0
Amount_shipped,"(400, 4560, 350, 4738, 111.96)",0.0
Amount_shipped,"(400, 4560, 327, 4722, 125.89)",0.0
Amount_shipped,"(400, 4560, 555, 4937, 127.49)",0.0
Amount_shipped,"(400, 4560, 239, 4765, 151.68)",0.0
Amount_shipped,"(400, 4560, 558, 4583, 208.94)",0.0
Amount_shipped,"(400, 4560, 592, 4773, 272.69)",0.0
Amount_shipped,"(400, 4560, 303, 4682, 594.76)",0.0
Amount_shipped,"(400, 4560, 519, 4618, 758.82)",0.0
Amount_shipped,"(400, 4560, 190, 4740, 907.18)",0.0
Amount_shipped,"(400, 4560, 604, 4955, 907.45)",0.0
Amount_shipped,"(400, 4560, 334, 4799, 1285.48)",0.0
Amount_shipped,"(400, 4560, 402, 4762, 1356.12)",0.0
Amount_shipped,"(400, 4580, 604, 4556, 10.77)",0.0
Amount_shipped,"(400, 4580, 545, 4715, 11.01)",0.0
Amount_shipped,"(400, 4580, 598, 4885, 11.15)",0.0
Amount_shipped,"(400, 4580, 622, 4729, 11.5)",0.0
Amount_shipped,"(400, 4580, 136, 4692, 11.61)",0.0
Amount_shipped,"(400, 4580, 494, 4926, 11.95)",0.0
Amount_shipped,"(400, 4580, 627, 4796, 12.52)",0.0
Amount_shipped,"(400, 4580, 604, 4624, 12.57)",0.0
Amount_shipped,"(400, 4580, 497, 4720, 12.7)",0.0
Amount_shipped,"(400, 4580, 503, 4807, 16.06)",0.0
Amount_shipped,"(400, 4580, 612, 4678, 16.32)",0.0
Amount_shipped,"(400, 4580, 345, 4695, 23.25)",0.0
Amount_shipped,"(400, 4580, 696, 4535, 23.59)",0.0
Amount_shipped,"(400, 4580, 250, 4682, 28.56)",0.0
Amount_shipped,"(400, 4580, 572, 4680, 30.45)",0.0
Amount_shipped,"(400, 4580, 371, 4764, 52.72)",0.0
Amount_shipped,"(400, 4580, 312, 4747, 62.13)",0.0
Amount_shipped,"(400, 4580, 417, 4874, 76.13)",0.0
Amount_shipped,"(400, 4580, 350, 4738, 111.96)",0.0
Amount_shipped,"(400, 4580, 327, 4722, 125.89)",0.0
Amount_shipped,"(400, 4580, 555, 4937, 127.49)",0.0
Amount_shipped,"(400, 4580, 239, 4765, 151.68)",0.0
Amount_shipped,"(400, 4580, 558, 4583, 208.94)",0.0
Amount_shipped,"(400, 4580, 592, 4773, 272.69)",0.0
Amount_shipped,"(400, 4580, 303, 4682, 594.76)",0.0
Amount_shipped,"(400, 4580, 519, 4618, 758.82)",0.0
Amount_shipped,"(400, 4580, 190, 4740, 907.18)",0.0
Amount_shipped,"(400, 4580, 604, 4955, 907.45)",0.0
Amount_shipped,"(400, 4580, 334, 4799, 1285.48)",0.0
Amount_shipped,"(400, 4580, 402, 4762, 1356.12)",0.0
Amount_shipped,"(400, 4600, 604, 4556, 10.77)",0.0
Amount_shipped,"(400, 4600, 545, 4715, 11.01)",0.0
Amount_shipped,"(400, 4600, 598, 4885, 11.15)",0.0
Amount_shipped,"(400, 4600, 622, 4729, 11.5)",0.0
Amount_shipped,"(400, 4600, 136, 4692, 11.61)",0.0
Amount_shipped,"(400, 4600, 494, 4926, 11.95)",0.0
Amount_shipped,"(400, 4600, 627, 4796, 12.52)",0.0
Amount_shipped,"(400, 4600, 604, 4624, 12.57)",0.0
Amount_shipped,"(400, 4600, 497, 4720, 12.7)",0.0
Amount_shipped,"(400, 4600, 503, 4807, 16.06)",0.0
Amount_shipped,"(400, 4600, 612, 4678, 16.32)",0.0
Amount_shipped,"(400, 4600, 345, 4695, 23.25)",0.0
Amount_shipped,"(400, 4600, 696, 4535, 23.59)",0.0
Amount_shipped,"(400, 4600, 250, 4682, 28.56)",0.0
Amount_shipped,"(400, 4600, 572, 4680, 30.45)",0.0
Amount_shipped,"(400, 4600, 371, 4764, 52.72)",0.0
Amount_shipped,"(400, 4600, 312, 4747, 62.13)",0.0
Amount_shipped,"(400, 4600, 417, 4874, 76.13)",0.0
Amount_shipped,"(400, 4600, 350, 4738, 111.96)",0.0
Amount_shipped,"(400, 4600, 327, 4722, 125.89)",0.0
Amount_shipped,"(400, 4600, 555, 4937, 127.49)",0.0
Amount_shipped,"(400, 4600, 239, 4765, 151.68)",0.0
Amount_shipped,"(400, 4600, 558, 4583, 208.94)",0.0
Amount_shipped,"(400, 4600, 592, 4773, 272.69)",0.0
Amount_shipped,"(400, 4600, 303, 4682, 594.76)",0.0
Amount_shipped,"(400, 4600, 519, 4618, 758.82)",0.0
Amount_shipped,"(400, 4600, 190, 4740, 907.18)",0.0
Amount_shipped,"(400, 4600, 604, 4955, 907.45)",0.0
Amount_shipped,"(400, 4600, 334, 4799, 1285.48)",0.0
Amount_shipped,"(400, 4600, 402, 4762, 1356.12)",0.0
Amount_shipped,"(400, 4620, 604, 4556, 10.77)",0.0
Amount_shipped,"(400, 4620, 545, 4715, 11.01)",0.0
Amount_shipped,"(400, 4620, 598, 4885, 11.15)",0.0
Amount_shipped,"(400, 4620, 622, 4729, 11.5)",0.0
Amount_shipped,"(400, 4620, 136, 4692, 11.61)",0.0
Amount_shipped,"(400, 4620, 494, 4926, 11.95)",0.0
Amount_shipped,"(400, 4620, 627, 4796, 12.52)",0.0
Amount_shipped,"(400, 4620, 604, 4624, 12.57)",0.0
Amount_shipped,"(400, 4620, 497, 4720, 12.7)",0.0
Amount_shipped,"(400, 4620, 503, 4807, 16.06)",0.0
Amount_shipped,"(400, 4620, 612, 4678, 16.32)",0.0
Amount_shipped,"(400, 4620, 345, 4695, 23.25)",0.0
Amount_shipped,"(400, 4620, 696, 4535, 23.59)",0.0
Amount_shipped,"(400, 4620, 250, 4682, 28.56)",0.0
Amount_shipped,"(400, 4620, 572, 4680, 30.45)",0.0
Amount_shipped,"(400, 4620, 371, 4764, 52.72)",0.0
Amount_shipped,"(400, 4620, 312, 4747, 62.13)",0.0
Amount_shipped,"(400, 4620, 417, 4874, 76.13)",0.0
Amount_shipped,"(400, 4620, 350, 4738, 111.96)",0.0
Amount_shipped,"(400, 4620, 327, 4722, 125.89)",0.0
Amount_shipped,"(400, 4620, 555, 4937, 127.49)",0.0
Amount_shipped,"(400, 4620, 239, 4765, 151.68)",0.0
Amount_shipped,"(400, 4620, 558, 4583, 208.94)",0.0
Amount_shipped,"(400, 4620, 592, 4773, 272.69)",0.0
Amount_shipped,"(400, 4620, 303, 4682, 594.76)",0.0
Amount_shipped,"(400, 4620, 519, 4618, 758.82)",0.0
Amount_shipped,"(400, 4620, 190, 4740, 907.18)",0.0
Amount_shipped,"(400, 4620, 604, 4955, 907.45)",0.0
Amount_shipped,"(400, 4620, 334, 4799, 1285.48)",0.0
Amount_shipped,"(400, 4620, 402, 4762, 1356.12)",0.0
Amount_shipped,"(400, 4640, 604, 4556, 10.77)",0.0
Amount_shipped,"(400, 4640, 545, 4715, 11.01)",0.0
Amount_shipped,"(400, 4640, 598, 4885, 11.15)",0.0
Amount_shipped,"(400, 4640, 622, 4729, 11.5)",0.0
Amount_shipped,"(400, 4640, 136, 4692, 11.61)",0.0
Amount_shipped,"(400, 4640, 494, 4926, 11.95)",0.0
Amount_shipped,"(400, 4640, 627, 4796, 12.52)",0.0
Amount_shipped,"(400, 4640, 604, 4624, 12.57)",0.0
Amount_shipped,"(400, 4640, 497, 4720, 12.7)",0.0
Amount_shipped,"(400, 4640, 503, 4807, 16.06)",0.0
Amount_shipped,"(400, 4640, 612, 4678, 16.32)",0.0
Amount_shipped,"(400, 4640, 345, 4695, 23.25)",0.0
Amount_shipped,"(400, 4640, 696, 4535, 23.59)",0.0
Amount_shipped,"(400, 4640, 250, 4682, 28.56)",0.0
Amount_shipped,"(400, 4640, 572, 4680, 30.45)",0.0
Amount_shipped,"(400, 4640, 371, 4764, 52.72)",0.0
Amount_shipped,"(400, 4640, 312, 4747, 62.13)",0.0
Amount_shipped,"(400, 4640, 417, 4874, 76.13)",0.0
Amount_shipped,"(400, 4640, 350, 4738, 111.96)",0.0
Amount_shipped,"(400, 4640, 327, 4722, 125.89)",0.0
Amount_shipped,"(400, 4640, 555, 4937, 127.49)",0.0
Amount_shipped,"(400, 4640, 239, 4765, 151.68)",0.0
Amount_shipped,"(400, 4640, 558, 4583, 208.94)",0.0
Amount_shipped,"(400, 4640, 592, 4773, 272.69)",0.0
Amount_shipped,"(400, 4640, 303, 4682, 594.76)",0.0
Amount_shipped,"(400, 4640, 519, 4618, 758.82)",0.0
Amount_shipped,"(400, 4640, 190, 4740, 907.18)",0.0
Amount_shipped,"(400, 4640, 604, 4955, 907.45)",0.0
Amount_shipped,"(400, 4640, 334, 4799, 1285.48)",0.0
Amount_shipped,"(400, 4640, 402, 4762, 1356.12)",0.0
Amount_shipped,"(400, 4660, 604, 4556, 10.77)",0.0
Amount_shipped,"(400, 4660, 545, 4715, 11.01)",0.0
Amount_shipped,"(400, 4660, 598, 4885, 11.15)",0.0
Amount_shipped,"(400, 4660, 622, 4729, 11.5)",0.0
Amount_shipped,"(400, 4660, 136, 4692, 11.61)",0.0
Amount_shipped,"(400, 4660, 494, 4926, 11.95)",0.0
Amount_shipped,"(400, 4660, 627, 4796, 12.52)",0.0
Amount_shipped,"(400, 4660, 604, 4624, 12.57)",0.0
Amount_shipped,"(400, 4660, 497, 4720, 12.7)",0.0
Amount_shipped,"(400, 4660, 503, 4807, 16.06)",0.0
Amount_shipped,"(400, 4660, 612, 4678, 16.32)",0.0
Amount_shipped,"(400, 4660, 345, 4695, 23.25)",0.0
Amount_shipped,"(400, 4660, 696, 4535, 23.59)",0.0
Amount_shipped,"(400, 4660, 250, 4682, 28.56)",0.0
Amount_shipped,"(400, 4660, 572, 4680, 30.45)",0.0
Amount_shipped,"(400, 4660, 371, 4764, 52.72)",0.0
Amount_shipped,"(400, 4660, 312, 4747, 62.13)",0.0
Amount_shipped,"(400, 4660, 417, 4874, 76.13)",0.0
Amount_shipped,"(400, 4660, 350, 4738, 111.96)",0.0
Amount_shipped,"(400, 4660, 327, 4722, 125.89)",0.0
Amount_shipped,"(400, 4660, 555, 4937, 127.49)",0.0
Amount_shipped,"(400, 4660, 239, 4765, 151.68)",0.0
Amount_shipped,"(400, 4660, 558, 4583, 208.94)",0.0
Amount_shipped,"(400, 4660, 592, 4773, 272.69)",0.0
Amount_shipped,"(400, 4660, 303, 4682, 594.76)",0.0
Amount_shipped,"(400, 4660, 519, 4618, 758.82)",0.0
Amount_shipped,"(400, 4660, 190, 4740, 907.18)",0.0
Amount_shipped,"(400, 4660, 604, 4955, 907.45)",0.0
Amount_shipped,"(400, 4660, 334, 4799, 1285.48)",0.0
Amount_shipped,"(400, 4660, 402, 4762, 1356.12)",0.0
Amount_shipped,"(400, 4680, 604, 4556, 10.77)",0.0
Amount_shipped,"(400, 4680, 545, 4715, 11.01)",0.0
Amount_shipped,"(400, 4680, 598, 4885, 11.15)",0.0
Amount_shipped,"(400, 4680, 622, 4729, 11.5)",0.0
Amount_shipped,"(400, 4680, 136, 4692, 11.61)",0.0
Amount_shipped,"(400, 4680, 494, 4926, 11.95)",0.0
Amount_shipped,"(400, 4680, 627, 4796, 12.52)",0.0
Amount_shipped,"(400, 4680, 604, 4624, 12.57)",0.0
Amount_shipped,"(400, 4680, 497, 4720, 12.7)",0.0
Amount_shipped,"(400, 4680, 503, 4807, 16.06)",0.0
Amount_shipped,"(400, 4680, 612, 4678, 16.32)",0.0
Amount_shipped,"(400, 4680, 345, 4695, 23.25)",0.0
Amount_shipped,"(400, 4680, 696, 4535, 23.59)",0.0
Amount_shipped,"(400, 4680, 250, 4682, 28.56)",0.0
Amount_shipped,"(400, 4680, 572, 4680, 30.45)",0.0
Amount_shipped,"(400, 4680, 371, 4764, 52.72)",0.0
Amount_shipped,"(400, 4680, 312, 4747, 62.13)",0.0
Amount_shipped,"(400, 4680, 417, 4874, 76.13)",0.0
Amount_shipped,"(400, 4680, 350, 4738, 111.96)",0.0
Amount_shipped,"(400, 4680, 327, 4722, 125.89)",0.0
Amount_shipped,"(400, 4680, 555, 4937, 127.49)",0.0
Amount_shipped,"(400, 4680, 239, 4765, 151.68)",0.0
Amount_shipped,"(400, 4680, 558, 4583, 208.94)",0.0
Amount_shipped,"(400, 4680, 592, 4773, 272.69)",0.0
Amount_shipped,"(400, 4680, 303, 4682, 594.76)",0.0
Amount_shipped,"(400, 4680, 519, 4618, 758.82)",0.0
Amount_shipped,"(400, 4680, 190, 4740, 907.18)",0.0
Amount_shipped,"(400, 4680, 604, 4955, 907.45)",0.0
Amount_shipped,"(400, 4680, 334, 4799, 1285.48)",0.0
Amount_shipped,"(400, 4680, 402, 4762, 1356.12)",0.0
Amount_shipped,"(400, 4700, 604, 4556, 10.77)",0.0
Amount_shipped,"(400, 4700, 545, 4715, 11.01)",0.0
Amount_shipped,"(400, 4700, 598, 4885, 11.15)",0.0
Amount_shipped,"(400, 4700, 622, 4729, 11.5)",0.0
Amount_shipped,"(400, 4700, 136, 4692, 11.61)",0.0
Amount_shipped,"(400, 4700, 494, 4926, 11.95)",0.0
Amount_shipped,"(400, 4700, 627, 4796, 12.52)",0.0
Amount_shipped,"(400, 4700, 604, 4624, 12.57)",0.0
Amount_shipped,"(400, 4700, 497, 4720, 12.7)",0.0
Amount_shipped,"(400, 4700, 503, 4807, 16.06)",0.0
Amount_shipped,"(400, 4700, 612, 4678, 16.32)",0.0
Amount_shipped,"(400, 4700, 345, 4695, 23.25)",0.0
Amount_shipped,"(400, 4700, 696, 4535, 23.59)",0.0
Amount_shipped,"(400, 4700, 250, 4682, 28.56)",0.0
Amount_shipped,"(400, 4700, 572, 4680, 30.45)",0.0
Amount_shipped,"(400, 4700, 371, 4764, 52.72)",0.0
Amount_shipped,"(400, 4700, 312, 4747, 62.13)",0.0
Amount_shipped,"(400, 4700, 417, 4874, 76.13)",0.0
Amount_shipped,"(400, 4700, 350, 4738, 111.96)",0.0
Amount_shipped,"(400, 4700, 327, 4722, 125.89)",0.0
Amount_shipped,"(400, 4700, 555, 4937, 127.49)",0.0
Amount_shipped,"(400, 4700, 239, 4765, 151.68)",0.0
Amount_shipped,"(400, 4700, 558, 4583, 208.94)",0.0
Amount_shipped,"(400, 4700, 592, 4773, 272.69)",0.0
Amount_shipped,"(400, 4700, 303, 4682, 594.76)",0.0
Amount_shipped,"(400, 4700, 519, 4618, 758.82)",0.0
Amount_shipped,"(400, 4700, 190, 4740, 907.18)",0.0
Amount_shipped,"(400, 4700, 604, 4955, 907.45)",0.0
Amount_shipped,"(400, 4700, 334, 4799, 1285.48)",0.0
Amount_shipped,"(400, 4700, 402, 4762, 1356.12)",0.0
Amount_shipped,"(400, 4720, 604, 4556, 10.77)",0.0
Amount_shipped,"(400, 4720, 545, 4715, 11.01)",0.0
Amount_shipped,"(400, 4720, 598, 4885, 11.15)",0.0
Amount_shipped,"(400, 4720, 622, 4729, 11.5)",0.0
Amount_shipped,"(400, 4720, 136, 4692, 11.61)",0.0
Amount_shipped,"(400, 4720, 494, 4926, 11.95)",0.0
Amount_shipped,"(400, 4720, 627, 4796, 12.52)",0.0
Amount_shipped,"(400, 4720, 604, 4624, 12.57)",0.0
Amount_shipped,"(400, 4720, 497, 4720, 12.7)",0.0
Amount_shipped,"(400, 4720, 503, 4807, 16.06)",0.0
Amount_shipped,"(400, 4720, 612, 4678, 16.32)",0.0
Amount_shipped,"(400, 4720, 345, 4695, 23.25)",0.0
Amount_shipped,"(400, 4720, 696, 4535, 23.59)",0.0
Amount_shipped,"(400, 4720, 250, 4682, 28.56)",0.0
Amount_shipped,"(400, 4720, 572, 4680, 30.45)",0.0
Amount_shipped,"(400, 4720, 371, 4764, 52.72)",0.0
Amount_shipped,"(400, 4720, 312, 4747, 62.13)",0.0
Amount_shipped,"(400, 4720, 417, 4874, 76.13)",0.0
Amount_shipped,"(400, 4720, 350, 4738, 111.96)",0.0
Amount_shipped,"(400, 4720, 327, 4722, 125.89)",0.0
Amount_shipped,"(400, 4720, 555, 4937, 127.49)",0.0
Amount_shipped,"(400, 4720, 239, 4765, 151.68)",0.0
Amount_shipped,"(400, 4720, 558, 4583, 208.94)",0.0
Amount_shipped,"(400, 4720, 592, 4773, 272.69)",0.0
Amount_shipped,"(400, 4720, 303, 4682, 594.76)",0.0
Amount_shipped,"(400, 4720, 519, 4618, 758.82)",0.0
Amount_shipped,"(400, 4720, 190, 4740, 907.18)",0.0
Amount_shipped,"(400, 4720, 604, 4955, 907.45)",0.0
Amount_shipped,"(400, 4720, 334, 4799, 1285.48)",0.0
Amount_shipped,"(400, 4720, 402, 4762, 1356.12)",0.0
Amount_shipped,"(400, 4740, 604, 4556, 10.77)",0.0
Amount_shipped,"(400, 4740, 545, 4715, 11.01)",0.0
Amount_shipped,"(400, 4740, 598, 4885, 11.15)",0.0
Amount_shipped,"(400, 4740, 622, 4729, 11.5)",0.0
Amount_shipped,"(400, 4740, 136, 4692, 11.61)",0.0
Amount_shipped,"(400, 4740, 494, 4926, 11.95)",0.0
Amount_shipped,"(400, 4740, 627, 4796, 12.52)",0.0
Amount_shipped,"(400, 4740, 604, 4624, 12.57)",0.0
Amount_shipped,"(400, 4740, 497, 4720, 12.7)",0.0
Amount_shipped,"(400, 4740, 503, 4807, 16.06)",0.0
Amount_shipped,"(400, 4740, 612, 4678, 16.32)",0.0
Amount_shipped,"(400, 4740, 345, 4695, 23.25)",0.0
Amount_shipped,"(400, 4740, 696, 4535, 23.59)",0.0
Amount_shipped,"(400, 4740, 250, 4682, 28.56)",0.0
Amount_shipped,"(400, 4740, 572, 4680, 30.45)",0.0
Amount_shipped,"(400, 4740, 371, 4764, 52.72)",0.0
Amount_shipped,"(400, 4740, 312, 4747, 62.13)",0.0
Amount_shipped,"(400, 4740, 417, 4874, 76.13)",0.0
Amount_shipped,"(400, 4740, 350, 4738, 111.96)",0.0
Amount_shipped,"(400, 4740, 327, 4722, 125.89)",0.0
Amount_shipped,"(400, 4740, 555, 4937, 127.49)",0.0
Amount_shipped,"(400, 4740, 239, 4765, 151.68)",0.0
Amount_shipped,"(400, 4740, 558, 4583, 208.94)",0.0
Amount_shipped,"(400, 4740, 592, 4773, 272.69)",0.0
Amount_shipped,"(400, 4740, 303, 4682, 594.76)",0.0
Amount_shipped,"(400, 4740, 519, 4618, 758.82)",0.0
Amount_shipped,"(400, 4740, 190, 4740, 907.18)",0.0
Amount_shipped,"(400, 4740, 604, 4955, 907.45)",0.0
Amount_shipped,"(400, 4740, 334, 4799, 1285.48)",0.0
Amount_shipped,"(400, 4740, 402, 4762, 1356.12)",0.0
Amount_shipped,"(400, 4760, 604, 4556, 10.77)",0.0
Amount_shipped,"(400, 4760, 545, 4715, 11.01)",0.0
Amount_shipped,"(400, 4760, 598, 4885, 11.15)",0.0
Amount_shipped,"(400, 4760, 622, 4729, 11.5)",0.0
Amount_shipped,"(400, 4760, 136, 4692, 11.61)",0.0
Amount_shipped,"(400, 4760, 494, 4926, 11.95)",0.0
Amount_shipped,"(400, 4760, 627, 4796, 12.52)",0.0
Amount_shipped,"(400, 4760, 604, 4624, 12.57)",0.0
Amount_shipped,"(400, 4760, 497, 4720, 12.7)",0.0
Amount_shipped,"(400, 4760, 503, 4807, 16.06)",0.0
Amount_shipped,"(400, 4760, 612, 4678, 16.32)",0.0
Amount_shipped,"(400, 4760, 345, 4695, 23.25)",0.0
Amount_shipped,"(400, 4760, 696, 4535, 23.59)",0.0
Amount_shipped,"(400, 4760, 250, 4682, 28.56)",0.0
Amount_shipped,"(400, 4760, 572, 4680, 30.45)",0.0
Amount_shipped,"(400, 4760, 371, 4764, 52.72)",0.0
Amount_shipped,"(400, 4760, 312, 4747, 62.13)",0.0
Amount_shipped,"(400, 4760, 417, 4874, 76.13)",0.0
Amount_shipped,"(400, 4760, 350, 4738, 111.96)",0.0
Amount_shipped,"(400, 4760, 327, 4722, 125.89)",0.0
Amount_shipped,"(400, 4760, 555, 4937, 127.49)",0.0
Amount_shipped,"(400, 4760, 239, 4765, 151.68)",0.0
Amount_shipped,"(400, 4760, 558, 4583, 208.94)",0.0
Amount_shipped,"(400, 4760, 592, 4773, 272.69)",0.0
Amount_shipped,"(400, 4760, 303, 4682, 594.76)",0.0
Amount_shipped,"(400, 4760, 519, 4618, 758.82)",0.0
Amount_shipped,"(400, 4760, 190, 4740, 907.18)",0.0
Amount_shipped,"(400, 4760, 604, 4955, 907.45)",0.0
Amount_shipped,"(400, 4760, 334, 4799, 1285.48)",0.0
Amount_shipped,"(400, 4760, 402, 4762, 1356.12)",0.0
Amount_shipped,"(400, 4780, 604, 4556, 10.77)",0.0
Amount_shipped,"(400, 4780, 545, 4715, 11.01)",0.0
Amount_shipped,"(400, 4780, 598, 4885, 11.15)",0.0
Amount_shipped,"(400, 4780, 622, 4729, 11.5)",0.0
Amount_shipped,"(400, 4780, 136, 4692, 11.61)",0.0
Amount_shipped,"(400, 4780, 494, 4926, 11.95)",0.0
Amount_shipped,"(400, 4780, 627, 4796, 12.52)",0.0
Amount_shipped,"(400, 4780, 604, 4624, 12.57)",0.0
Amount_shipped,"(400, 4780, 497, 4720, 12.7)",0.0
Amount_shipped,"(400, 4780, 503, 4807, 16.06)",0.0
Amount_shipped,"(400, 4780, 612, 4678, 16.32)",0.0
Amount_shipped,"(400, 4780, 345, 4695, 23.25)",0.0
Amount_shipped,"(400, 4780, 696, 4535, 23.59)",0.0
Amount_shipped,"(400, 4780, 250, 4682, 28.56)",0.0
Amount_shipped,"(400, 4780, 572, 4680, 30.45)",0.0
Amount_shipped,"(400, 4780, 371, 4764, 52.72)",0.0
Amount_shipped,"(400, 4780, 312, 4747, 62.13)",0.0
Amount_shipped,"(400, 4780, 417, 4874, 76.13)",0.0
Amount_shipped,"(400, 4780, 350, 4738, 111.96)",0.0
Amount_shipped,"(400, 4780, 327, 4722, 125.89)",0.0
Amount_shipped,"(400, 4780, 555, 4937, 127.49)",0.0
Amount_shipped,"(400, 4780, 239, 4765, 151.68)",0.0
Amount_shipped,"(400, 4780, 558, 4583, 208.94)",0.0
Amount_shipped,"(400, 4780, 592, 4773, 272.69)",0.0
Amount_shipped,"(400, 4780, 303, 4682, 594.76)",0.0
Amount_shipped,"(400, 4780, 519, 4618, 758.82)",0.0
Amount_shipped,"(400, 4780, 190, 4740, 907.18)",0.0
Amount_shipped,"(400, 4780, 604, 4955, 907.45)",0.0
Amount_shipped,"(400, 4780, 334, 4799, 1285.48)",0.0
Amount_shipped,"(400, 4780, 402, 4762, 1356.12)",0.0
Amount_shipped,"(400, 4800, 604, 4556, 10.77)",0.0
Amount_shipped,"(400, 4800, 545, 4715, 11.01)",0.0
Amount_shipped,"(400, 4800, 598, 4885, 11.15)",0.0
Amount_shipped,"(400, 4800, 622, 4729, 11.5)",0.0
Amount_shipped,"(400, 4800, 136, 4692, 11.61)",0.0
Amount_shipped,"(400, 4800, 494, 4926, 11.95)",0.0
Amount_shipped,"(400, 4800, 627, 4796, 12.52)",0.0
Amount_shipped,"(400, 4800, 604, 4624, 12.57)",0.0
Amount_shipped,"(400, 4800, 497, 4720, 12.7)",0.0
Amount_shipped,"(400, 4800, 503, 4807, 16.06)",0.0
Amount_shipped,"(400, 4800, 612, 4678, 16.32)",0.0
Amount_shipped,"(400, 4800, 345, 4695, 23.25)",0.0
Amount_shipped,"(400, 4800, 696, 4535, 23.59)",0.0
Amount_shipped,"(400, 4800, 250, 4682, 28.56)",0.0
Amount_shipped,"(400, 4800, 572, 4680, 30.45)",0.0
Amount_shipped,"(400, 4800, 371, 4764, 52.72)",0.0
Amount_shipped,"(400, 4800, 312, 4747, 62.13)",0.0
Amount_shipped,"(400, 4800, 417, 4874, 76.13)",0.0
Amount_shipped,"(400, 4800, 350, 4738, 111.96)",0.0
Amount_shipped,"(400, 4800, 327, 4722, 125.89)",0.0
Amount_shipped,"(400, 4800, 555, 4937, 127.49)",0.0
Amount_shipped,"(400, 4800, 239, 4765, 151.68)",0.0
Amount_shipped,"(400, 4800, 558, 4583, 208.94)",0.0
Amount_shipped,"(400, 4800, 592, 4773, 272.69)",0.0
Amount_shipped,"(400, 4800, 303, 4682, 594.76)",0.0
Amount_shipped,"(400, 4800, 519, 4618, 758.82)",0.0
Amount_shipped,"(400, 4800, 190, 4740, 907.18)",0.0
Amount_shipped,"(400, 4800, 604, 4955, 907.45)",0.0
Amount_shipped,"(400, 4800, 334, 4799, 1285.48)",0.0
Amount_shipped,"(400, 4800, 402, 4762, 1356.12)",0.0
Amount_shipped,"(400, 4820, 604, 4556, 10.77)",0.0
Amount_shipped,"(400, 4820, 545, 4715, 11.01)",0.0
Amount_shipped,"(400, 4820, 598, 4885, 11.15)",0.0
Amount_shipped,"(400, 4820, 622, 4729, 11.5)",0.0
Amount_shipped,"(400, 4820, 136, 4692, 11.61)",0.0
Amount_shipped,"(400, 4820, 494, 4926, 11.95)",0.0
Amount_shipped,"(400, 4820, 627, 4796, 12.52)",0.0
Amount_shipped,"(400, 4820, 604, 4624, 12.57)",0.0
Amount_shipped,"(400, 4820, 497, 4720, 12.7)",0.0
Amount_shipped,"(400, 4820, 503, 4807, 16.06)",0.0
Amount_shipped,"(400, 4820, 612, 4678, 16.32)",0.0
Amount_shipped,"(400, 4820, 345, 4695, 23.25)",0.0
Amount_shipped,"(400, 4820, 696, 4535, 23.59)",0.0
Amount_shipped,"(400, 4820, 250, 4682, 28.56)",0.0
Amount_shipped,"(400, 4820, 572, 4680, 30.45)",0.0
Amount_shipped,"(400, 4820, 371, 4764, 52.72)",0.0
Amount_shipped,"(400, 4820, 312, 4747, 62.13)",0.0
Amount_shipped,"(400, 4820, 417, 4874, 76.13)",0.0
Amount_shipped,"(400, 4820, 350, 4738, 111.96)",0.0
Amount_shipped,"(400, 4820, 327, 4722, 125.89)",0.0
Amount_shipped,"(400, 4820, 555, 4937, 127.49)",0.0
Amount_shipped,"(400, 4820, 239, 4765, 151.68)",0.0
Amount_shipped,"(400, 4820, 558, 4583, 208.94)",0.0
Amount_shipped,"(400, 4820, 592, 4773, 272.69)",0.0
Amount_shipped,"(400, 4820, 303, 4682, 594.76)",0.0
Amount_shipped,"(400, 4820, 519, 4618, 758.82)",0.0
Amount_shipped,"(400, 4820, 190, 4740, 907.18)",0.0
Amount_shipped,"(400, 4820, 604, 4955, 907.45)",0.0
Amount_shipped,"(400, 4820, 334, 4799, 1285.48)",0.0
Amount_shipped,"(400, 4820, 402, 4762, 1356.12)",0.0
Amount_shipped,"(400, 4840, 604, 4556, 10.77)",0.0
Amount_shipped,"(400, 4840, 545, 4715, 11.01)",0.0
Amount_shipped,"(400, 4840, 598, 4885, 11.15)",0.0
Amount_shipped,"(400, 4840, 622, 4729, 11.5)",0.0
Amount_shipped,"(400, 4840, 136, 4692, 11.61)",0.0
Amount_shipped,"(400, 4840, 494, 4926, 11.95)",0.0
Amount_shipped,"(400, 4840, 627, 4796, 12.52)",0.0
Amount_shipped,"(400, 4840, 604, 4624, 12.57)",0.0
Amount_shipped,"(400, 4840, 497, 4720, 12.7)",0.0
Amount_shipped,"(400, 4840, 503, 4807, 16.06)",0.0
Amount_shipped,"(400, 4840, 612, 4678, 16.32)",0.0
Amount_shipped,"(400, 4840, 345, 4695, 23.25)",0.0
Amount_shipped,"(400, 4840, 696, 4535, 23.59)",0.0
Amount_shipped,"(400, 4840, 250, 4682, 28.56)",0.0
Amount_shipped,"(400, 4840, 572, 4680, 30.45)",0.0
Amount_shipped,"(400, 4840, 371, 4764, 52.72)",0.0
Amount_shipped,"(400, 4840, 312, 4747, 62.13)",0.0
Amount_shipped,"(400, 4840, 417, 4874, 76.13)",0.0
Amount_shipped,"(400, 4840, 350, 4738, 111.96)",0.0
Amount_shipped,"(400, 4840, 327, 4722, 125.89)",0.0
Amount_shipped,"(400, 4840, 555, 4937, 127.49)",0.0
Amount_shipped,"(400, 4840, 239, 4765, 151.68)",0.0
Amount_shipped,"(400, 4840, 558, 4583, 208.94)",0.0
Amount_shipped,"(400, 4840, 592, 4773, 272.69)",0.0
Amount_shipped,"(400, 4840, 303, 4682, 594.76)",0.0
Amount_shipped,"(400, 4840, 519, 4618, 758.82)",0.0
Amount_shipped,"(400, 4840, 190, 4740, 907.18)",0.0
Amount_shipped,"(400, 4840, 604, 4955, 907.45)",0.0
Amount_shipped,"(400, 4840, 334, 4799, 1285.48)",0.0
Amount_shipped,"(400, 4840, 402, 4762, 1356.12)",0.0
Amount_shipped,"(400, 4860, 604, 4556, 10.77)",0.0
Amount_shipped,"(400, 4860, 545, 4715, 11.01)",0.0
Amount_shipped,"(400, 4860, 598, 4885, 11.15)",0.0
Amount_shipped,"(400, 4860, 622, 4729, 11.5)",0.0
Amount_shipped,"(400, 4860, 136, 4692, 11.61)",0.0
Amount_shipped,"(400, 4860, 494, 4926, 11.95)",0.0
Amount_shipped,"(400, 4860, 627, 4796, 12.52)",0.0
Amount_shipped,"(400, 4860, 604, 4624, 12.57)",0.0
Amount_shipped,"(400, 4860, 497, 4720, 12.7)",0.0
Amount_shipped,"(400, 4860, 503, 4807, 16.06)",0.0
Amount_shipped,"(400, 4860, 612, 4678, 16.32)",0.0
Amount_shipped,"(400, 4860, 345, 4695, 23.25)",0.0
Amount_shipped,"(400, 4860, 696, 4535, 23.59)",0.0
Amount_shipped,"(400, 4860, 250, 4682, 28.56)",0.0
Amount_shipped,"(400, 4860, 572, 4680, 30.45)",0.0
Amount_shipped,"(400, 4860, 371, 4764, 52.72)",0.0
Amount_shipped,"(400, 4860, 312, 4747, 62.13)",0.0
Amount_shipped,"(400, 4860, 417, 4874, 76.13)",0.0
Amount_shipped,"(400, 4860, 350, 4738, 111.96)",0.0
Amount_shipped,"(400, 4860, 327, 4722, 125.89)",0.0
Amount_shipped,"(400, 4860, 555, 4937, 127.49)",0.0
Amount_shipped,"(400, 4860, 239, 4765, 151.68)",0.0
Amount_shipped,"(400, 4860, 558, 4583, 208.94)",0.0
Amount_shipped,"(400, 4860, 592, 4773, 272.69)",0.0
Amount_shipped,"(400, 4860, 303, 4682, 594.76)",0.0
Amount_shipped,"(400, 4860, 519, 4618, 758.82)",0.0
Amount_shipped,"(400, 4860, 190, 4740, 907.18)",0.0
Amount_shipped,"(400, 4860, 604, 4955, 907.45)",0.0
Amount_shipped,"(400, 4860, 334, 4799, 1285.48)",0.0
Amount_shipped,"(400, 4860, 402, 4762, 1356.12)",0.0
Amount_shipped,"(400, 4880, 604, 4556, 10.77)",0.0
Amount_shipped,"(400, 4880, 545, 4715, 11.01)",0.0
Amount_shipped,"(400, 4880, 598, 4885, 11.15)",0.0
Amount_shipped,"(400, 4880, 622, 4729, 11.5)",0.0
Amount_shipped,"(400, 4880, 136, 4692, 11.61)",0.0
Amount_shipped,"(400, 4880, 494, 4926, 11.95)",0.0
Amount_shipped,"(400, 4880, 627, 4796, 12.52)",0.0
Amount_shipped,"(400, 4880, 604, 4624, 12.57)",0.0
Amount_shipped,"(400, 4880, 497, 4720, 12.7)",0.0
Amount_shipped,"(400, 4880, 503, 4807, 16.06)",0.0
Amount_shipped,"(400, 4880, 612, 4678, 16.32)",0.0
Amount_shipped,"(400, 4880, 345, 4695, 23.25)",0.0
Amount_shipped,"(400, 4880, 696, 4535, 23.59)",0.0
Amount_shipped,"(400, 4880, 250, 4682, 28.56)",0.0
Amount_shipped,"(400, 4880, 572, 4680, 30.45)",0.0
Amount_shipped,"(400, 4880, 371, 4764, 52.72)",0.0
Amount_shipped,"(400, 4880, 312, 4747, 62.13)",0.0
Amount_shipped,"(400, 4880, 417, 4874, 76.13)",0.0
Amount_shipped,"(400, 4880, 350, 4738, 111.96)",0.0
Amount_shipped,"(400, 4880, 327, 4722, 125.89)",0.0
Amount_shipped,"(400, 4880, 555, 4937, 127.49)",0.0
Amount_shipped,"(400, 4880, 239, 4765, 151.68)",0.0
Amount_shipped,"(400, 4880, 558, 4583, 208.94)",0.0
Amount_shipped,"(400, 4880, 592, 4773, 272.69)",0.0
Amount_shipped,"(400, 4880, 303, 4682, 594.76)",0.0
Amount_shipped,"(400, 4880, 519, 4618, 758.82)",0.0
Amount_shipped,"(400, 4880, 190, 4740, 907.18)",0.0
Amount_shipped,"(400, 4880, 604, 4955, 907.45)",0.0
Amount_shipped,"(400, 4880, 334, 4799, 1285.48)",0.0
Amount_shipped,"(400, 4880, 402, 4762, 1356.12)",0.0
Amount_shipped,"(400, 4900, 604, 4556, 10.77)",0.0
Amount_shipped,"(400, 4900, 545, 4715, 11.01)",0.0
Amount_shipped,"(400, 4900, 598, 4885, 11.15)",0.0
Amount_shipped,"(400, 4900, 622, 4729, 11.5)",0.0
Amount_shipped,"(400, 4900, 136, 4692, 11.61)",0.0
Amount_shipped,"(400, 4900, 494, 4926, 11.95)",0.0
Amount_shipped,"(400, 4900, 627, 4796, 12.52)",0.0
Amount_shipped,"(400, 4900, 604, 4624, 12.57)",0.0
Amount_shipped,"(400, 4900, 497, 4720, 12.7)",0.0
Amount_shipped,"(400, 4900, 503, 4807, 16.06)",0.0
Amount_shipped,"(400, 4900, 612, 4678, 16.32)",0.0
Amount_shipped,"(400, 4900, 345, 4695, 23.25)",0.0
Amount_shipped,"(400, 4900, 696, 4535, 23.59)",0.0
Amount_shipped,"(400, 4900, 250, 4682, 28.56)",0.0
Amount_shipped,"(400, 4900, 572, 4680, 30.45)",0.0
Amount_shipped,"(400, 4900, 371, 4764, 52.72)",0.0
Amount_shipped,"(400, 4900, 312, 4747, 62.13)",0.0
Amount_shipped,"(400, 4900, 417, 4874, 76.13)",0.0
Amount_shipped,"(400, 4900, 350, 4738, 111.96)",0.0
Amount_shipped,"(400, 4900, 327, 4722, 125.89)",0.0
Amount_shipped,"(400, 4900, 555, 4937, 127.49)",0.0
Amount_shipped,"(400, 4900, 239, 4765, 151.68)",0.0
Amount_shipped,"(400, 4900, 558, 4583, 208.94)",0.0
Amount_shipped,"(400, 4900, 592, 4773, 272.69)",0.0
Amount_shipped,"(400, 4900, 303, 4682, 594.76)",0.0
Amount_shipped,"(400, 4900, 519, 4618, 758.82)",0.0
Amount_shipped,"(400, 4900, 190, 4740, 907.18)",0.0
Amount_shipped,"(400, 4900, 604, 4955, 907.45)",0.0
Amount_shipped,"(400, 4900, 334, 4799, 1285.48)",0.0
Amount_shipped,"(400, 4900, 402, 4762, 1356.12)",0.0
Amount_shipped,"(400, 4920, 604, 4556, 10.77)",0.0
Amount_shipped,"(400, 4920, 545, 4715, 11.01)",0.0
Amount_shipped,"(400, 4920, 598, 4885, 11.15)",0.0
Amount_shipped,"(400, 4920, 622, 4729, 11.5)",0.0
Amount_shipped,"(400, 4920, 136, 4692, 11.61)",0.0
Amount_shipped,"(400, 4920, 494, 4926, 11.95)",0.0
Amount_shipped,"(400, 4920, 627, 4796, 12.52)",0.0
Amount_shipped,"(400, 4920, 604, 4624, 12.57)",0.0
Amount_shipped,"(400, 4920, 497, 4720, 12.7)",0.0
Amount_shipped,"(400, 4920, 503, 4807, 16.06)",0.0
Amount_shipped,"(400, 4920, 612, 4678, 16.32)",0.0
Amount_shipped,"(400, 4920, 345, 4695, 23.25)",0.0
Amount_shipped,"(400, 4920, 696, 4535, 23.59)",0.0
Amount_shipped,"(400, 4920, 250, 4682, 28.56)",0.0
Amount_shipped,"(400, 4920, 572, 4680, 30.45)",0.0
Amount_shipped,"(400, 4920, 371, 4764, 52.72)",0.0
Amount_shipped,"(400, 4920, 312, 4747, 62.13)",0.0
Amount_shipped,"(400, 4920, 417, 4874, 76.13)",0.0
Amount_shipped,"(400, 4920, 350, 4738, 111.96)",0.0
Amount_shipped,"(400, 4920, 327, 4722, 125.89)",0.0
Amount_shipped,"(400, 4920, 555, 4937, 127.49)",0.0
Amount_shipped,"(400, 4920, 239, 4765, 151.68)",0.0
Amount_shipped,"(400, 4920, 558, 4583, 208.94)",0.0
Amount_shipped,"(400, 4920, 592, 4773, 272.69)",0.0
Amount_shipped,"(400, 4920, 303, 4682, 594.76)",0.0
Amount_shipped,"(400, 4920, 519, 4618, 758.82)",0.0
Amount_shipped,"(400, 4920, 190, 4740, 907.18)",0.0
Amount_shipped,"(400, 4920, 604, 4955, 907.45)",0.0
Amount_shipped,"(400, 4920, 334, 4799, 1285.48)",0.0
Amount_shipped,"(400, 4920, 402, 4762, 1356.12)",0.0
Amount_shipped,"(400, 4940, 604, 4556, 10.77)",0.0
Amount_shipped,"(400, 4940, 545, 4715, 11.01)",0.0
Amount_shipped,"(400, 4940, 598, 4885, 11.15)",0.0
Amount_shipped,"(400, 4940, 622, 4729, 11.5)",0.0
Amount_shipped,"(400, 4940, 136, 4692, 11.61)",0.0
Amount_shipped,"(400, 4940, 494, 4926, 11.95)",0.0
Amount_shipped,"(400, 4940, 627, 4796, 12.52)",0.0
Amount_shipped,"(400, 4940, 604, 4624, 12.57)",0.0
Amount_shipped,"(400, 4940, 497, 4720, 12.7)",0.0
Amount_shipped,"(400, 4940, 503, 4807, 16.06)",0.0
Amount_shipped,"(400, 4940, 612, 4678, 16.32)",0.0
Amount_shipped,"(400, 4940, 345, 4695, 23.25)",0.0
Amount_shipped,"(400, 4940, 696, 4535, 23.59)",0.0
Amount_shipped,"(400, 4940, 250, 4682, 28.56)",0.0
Amount_shipped,"(400, 4940, 572, 4680, 30.45)",0.0
Amount_shipped,"(400, 4940, 371, 4764, 52.72)",0.0
Amount_shipped,"(400, 4940, 312, 4747, 62.13)",0.0
Amount_shipped,"(400, 4940, 417, 4874, 76.13)",0.0
Amount_shipped,"(400, 4940, 350, 4738, 111.96)",0.0
Amount_shipped,"(400, 4940, 327, 4722, 125.89)",0.0
Amount_shipped,"(400, 4940, 555, 4937, 127.49)",0.0
Amount_shipped,"(400, 4940, 239, 4765, 151.68)",0.0
Amount_shipped,"(400, 4940, 558, 4583, 208.94)",0.0
Amount_shipped,"(400, 4940, 592, 4773, 272.69)",0.0
Amount_shipped,"(400, 4940, 303, 4682, 594.76)",0.0
Amount_shipped,"(400, 4940, 519, 4618, 758.82)",0.0
Amount_shipped,"(400, 4940, 190, 4740, 907.18)",0.0
Amount_shipped,"(400, 4940, 604, 4955, 907.45)",0.0
Amount_shipped,"(400, 4940, 334, 4799, 1285.48)",0.0
Amount_shipped,"(400, 4940, 402, 4762, 1356.12)",0.0
Amount_shipped,"(400, 4960, 604, 4556, 10.77)",0.0
Amount_shipped,"(400, 4960, 545, 4715, 11.01)",0.0
Amount_shipped,"(400, 4960, 598, 4885, 11.15)",0.0
Amount_shipped,"(400, 4960, 622, 4729, 11.5)",0.0
Amount_shipped,"(400, 4960, 136, 4692, 11.61)",0.0
Amount_shipped,"(400, 4960, 494, 4926, 11.95)",0.0
Amount_shipped,"(400, 4960, 627, 4796, 12.52)",0.0
Amount_shipped,"(400, 4960, 604, 4624, 12.57)",0.0
Amount_shipped,"(400, 4960, 497, 4720, 12.7)",0.0
Amount_shipped,"(400, 4960, 503, 4807, 16.06)",0.0
Amount_shipped,"(400, 4960, 612, 4678, 16.32)",0.0
Amount_shipped,"(400, 4960, 345, 4695, 23.25)",0.0
Amount_shipped,"(400, 4960, 696, 4535, 23.59)",0.0
Amount_shipped,"(400, 4960, 250, 4682, 28.56)",0.0
Amount_shipped,"(400, 4960, 572, 4680, 30.45)",0.0
Amount_shipped,"(400, 4960, 371, 4764, 52.72)",0.0
Amount_shipped,"(400, 4960, 312, 4747, 62.13)",0.0
Amount_shipped,"(400, 4960, 417, 4874, 76.13)",0.0
Amount_shipped,"(400, 4960, 350, 4738, 111.96)",0.0
Amount_shipped,"(400, 4960, 327, 4722, 125.89)",0.0
Amount_shipped,"(400, 4960, 555, 4937, 127.49)",0.0
Amount_shipped,"(400, 4960, 239, 4765, 151.68)",0.0
Amount_shipped,"(400, 4960, 558, 4583, 208.94)",0.0
Amount_shipped,"(400, 4960, 592, 4773, 272.69)",0.0
Amount_shipped,"(400, 4960, 303, 4682, 594.76)",0.0
Amount_shipped,"(400, 4960, 519, 4618, 758.82)",0.0
Amount_shipped,"(400, 4960, 190, 4740, 907.18)",0.0
Amount_shipped,"(400, 4960, 604, 4955, 907.45)",0.0
Amount_shipped,"(400, 4960, 334, 4799, 1285.48)",0.0
Amount_shipped,"(400, 4960, 402, 4762, 1356.12)",0.0
Amount_shipped,"(400, 4980, 604, 4556, 10.77)",0.0
Amount_shipped,"(400, 4980, 545, 4715, 11.01)",0.0
Amount_shipped,"(400, 4980, 598, 4885, 11.15)",0.0
Amount_shipped,"(400, 4980, 622, 4729, 11.5)",0.0
Amount_shipped,"(400, 4980, 136, 4692, 11.61)",0.0
Amount_shipped,"(400, 4980, 494, 4926, 11.95)",0.0
Amount_shipped,"(400, 4980, 627, 4796, 12.52)",0.0
Amount_shipped,"(400, 4980, 604, 4624, 12.57)",0.0
Amount_shipped,"(400, 4980, 497, 4720, 12.7)",0.0
Amount_shipped,"(400, 4980, 503, 4807, 16.06)",0.0
Amount_shipped,"(400, 4980, 612, 4678, 16.32)",0.0
Amount_shipped,"(400, 4980, 345, 4695, 23.25)",0.0
Amount_shipped,"(400, 4980, 696, 4535, 23.59)",0.0
Amount_shipped,"(400, 4980, 250, 4682, 28.56)",0.0
Amount_shipped,"(400, 4980, 572, 4680, 30.45)",0.0
Amount_shipped,"(400, 4980, 371, 4764, 52.72)",0.0
Amount_shipped,"(400, 4980, 312, 4747, 62.13)",0.0
Amount_shipped,"(400, 4980, 417, 4874, 76.13)",0.0
Amount_shipped,"(400, 4980, 350, 4738, 111.96)",0.0
Amount_shipped,"(400, 4980, 327, 4722, 125.89)",0.0
Amount_shipped,"(400, 4980, 555, 4937, 127.49)",0.0
Amount_shipped,"(400, 4980, 239, 4765, 151.68)",0.0
Amount_shipped,"(400, 4980, 558, 4583, 208.94)",0.0
Amount_shipped,"(400, 4980, 592, 4773, 272.69)",0.0
Amount_shipped,"(400, 4980, 303, 4682, 594.76)",0.0
Amount_shipped,"(400, 4980, 519, 4618, 758.82)",0.0
Amount_shipped,"(400, 4980, 190, 4740, 907.18)",0.0
Amount_shipped,"(400, 4980, 604, 4955, 907.45)",0.0
Amount_shipped,"(400, 4980, 334, 4799, 1285.48)",0.0
Amount_shipped,"(400, 4980, 402, 4762, 1356.12)",0.0
Amount_shipped,"(420, 4440, 604, 4556, 10.77)",0.0
Amount_shipped,"(420, 4440, 545, 4715, 11.01)",0.0
Amount_shipped,"(420, 4440, 598, 4885, 11.15)",0.0
Amount_shipped,"(420, 4440, 622, 4729, 11.5)",0.0
Amount_shipped,"(420, 4440, 136, 4692, 11.61)",0.0
Amount_shipped,"(420, 4440, 494, 4926, 11.95)",0.0
Amount_shipped,"(420, 4440, 627, 4796, 12.52)",0.0
Amount_shipped,"(420, 4440, 604, 4624, 12.57)",0.0
Amount_shipped,"(420, 4440, 497, 4720, 12.7)",0.0
Amount_shipped,"(420, 4440, 503, 4807, 16.06)",0.0
Amount_shipped,"(420, 4440, 612, 4678, 16.32)",0.0
Amount_shipped,"(420, 4440, 345, 4695, 23.25)",0.0
Amount_shipped,"(420, 4440, 696, 4535, 23.59)",0.0
Amount_shipped,"(420, 4440, 250, 4682, 28.56)",0.0
Amount_shipped,"(420, 4440, 572, 4680, 30.45)",0.0
Amount_shipped,"(420, 4440, 371, 4764, 52.72)",0.0
Amount_shipped,"(420, 4440, 312, 4747, 62.13)",0.0
Amount_shipped,"(420, 4440, 417, 4874, 76.13)",0.0
Amount_shipped,"(420, 4440, 350, 4738, 111.96)",0.0
Amount_shipped,"(420, 4440, 327, 4722, 125.89)",0.0
Amount_shipped,"(420, 4440, 555, 4937, 127.49)",0.0
Amount_shipped,"(420, 4440, 239, 4765, 151.68)",0.0
Amount_shipped,"(420, 4440, 558, 4583, 208.94)",0.0
Amount_shipped,"(420, 4440, 592, 4773, 272.69)",0.0
Amount_shipped,"(420, 4440, 303, 4682, 594.76)",0.0
Amount_shipped,"(420, 4440, 519, 4618, 758.82)",0.0
Amount_shipped,"(420, 4440, 190, 4740, 907.18)",0.0
Amount_shipped,"(420, 4440, 604, 4955, 907.45)",0.0
Amount_shipped,"(420, 4440, 334, 4799, 1285.48)",0.0
Amount_shipped,"(420, 4440, 402, 4762, 1356.12)",0.0
Amount_shipped,"(420, 4460, 604, 4556, 10.77)",0.0
Amount_shipped,"(420, 4460, 545, 4715, 11.01)",0.0
Amount_shipped,"(420, 4460, 598, 4885, 11.15)",0.0
Amount_shipped,"(420, 4460, 622, 4729, 11.5)",0.0
Amount_shipped,"(420, 4460, 136, 4692, 11.61)",0.0
Amount_shipped,"(420, 4460, 494, 4926, 11.95)",0.0
Amount_shipped,"(420, 4460, 627, 4796, 12.52)",0.0
Amount_shipped,"(420, 4460, 604, 4624, 12.57)",0.0
Amount_shipped,"(420, 4460, 497, 4720, 12.7)",0.0
Amount_shipped,"(420, 4460, 503, 4807, 16.06)",0.0
Amount_shipped,"(420, 4460, 612, 4678, 16.32)",0.0
Amount_shipped,"(420, 4460, 345, 4695, 23.25)",0.0
Amount_shipped,"(420, 4460, 696, 4535, 23.59)",0.0
Amount_shipped,"(420, 4460, 250, 4682, 28.56)",0.0
Amount_shipped,"(420, 4460, 572, 4680, 30.45)",0.0
Amount_shipped,"(420, 4460, 371, 4764, 52.72)",0.0
Amount_shipped,"(420, 4460, 312, 4747, 62.13)",0.0
Amount_shipped,"(420, 4460, 417, 4874, 76.13)",0.0
Amount_shipped,"(420, 4460, 350, 4738, 111.96)",0.0
Amount_shipped,"(420, 4460, 327, 4722, 125.89)",0.0
Amount_shipped,"(420, 4460, 555, 4937, 127.49)",0.0
Amount_shipped,"(420, 4460, 239, 4765, 151.68)",0.0
Amount_shipped,"(420, 4460, 558, 4583, 208.94)",0.0
Amount_shipped,"(420, 4460, 592, 4773, 272.69)",0.0
Amount_shipped,"(420, 4460, 303, 4682, 594.76)",0.0
Amount_shipped,"(420, 4460, 519, 4618, 758.82)",0.0
Amount_shipped,"(420, 4460, 190, 4740, 907.18)",0.0
Amount_shipped,"(420, 4460, 604, 4955, 907.45)",0.0
Amount_shipped,"(420, 4460, 334, 4799, 1285.48)",0.0
Amount_shipped,"(420, 4460, 402, 4762, 1356.12)",0.0
Amount_shipped,"(420, 4480, 604, 4556, 10.77)",0.0
Amount_shipped,"(420, 4480, 545, 4715, 11.01)",0.0
Amount_shipped,"(420, 4480, 598, 4885, 11.15)",0.0
Amount_shipped,"(420, 4480, 622, 4729, 11.5)",0.0
Amount_shipped,"(420, 4480, 136, 4692, 11.61)",0.0
Amount_shipped,"(420, 4480, 494, 4926, 11.95)",0.0
Amount_shipped,"(420, 4480, 627, 4796, 12.52)",0.0
Amount_shipped,"(420, 4480, 604, 4624, 12.57)",0.0
Amount_shipped,"(420, 4480, 497, 4720, 12.7)",0.0
Amount_shipped,"(420, 4480, 503, 4807, 16.06)",0.0
Amount_shipped,"(420, 4480, 612, 4678, 16.32)",0.0
Amount_shipped,"(420, 4480, 345, 4695, 23.25)",0.0
Amount_shipped,"(420, 4480, 696, 4535, 23.59)",0.0
Amount_shipped,"(420, 4480, 250, 4682, 28.56)",0.0
Amount_shipped,"(420, 4480, 572, 4680, 30.45)",0.0
Amount_shipped,"(420, 4480, 371, 4764, 52.72)",0.0
Amount_shipped,"(420, 4480, 312, 4747, 62.13)",0.0
Amount_shipped,"(420, 4480, 417, 4874, 76.13)",0.0
Amount_shipped,"(420, 4480, 350, 4738, 111.96)",0.0
Amount_shipped,"(420, 4480, 327, 4722, 125.89)",0.0
Amount_shipped,"(420, 4480, 555, 4937, 127.49)",0.0
Amount_shipped,"(420, 4480, 239, 4765, 151.68)",0.0
Amount_shipped,"(420, 4480, 558, 4583, 208.94)",0.0
Amount_shipped,"(420, 4480, 592, 4773, 272.69)",0.0
Amount_shipped,"(420, 4480, 303, 4682, 594.76)",0.0
Amount_shipped,"(420, 4480, 519, 4618, 758.82)",0.0
Amount_shipped,"(420, 4480, 190, 4740, 907.18)",0.0
Amount_shipped,"(420, 4480, 604, 4955, 907.45)",0.0
Amount_shipped,"(420, 4480, 334, 4799, 1285.48)",0.0
Amount_shipped,"(420, 4480, 402, 4762, 1356.12)",0.0
Amount_shipped,"(420, 4500, 604, 4556, 10.77)",0.0
Amount_shipped,"(420, 4500, 545, 4715, 11.01)",0.0
Amount_shipped,"(420, 4500, 598, 4885, 11.15)",0.0
Amount_shipped,"(420, 4500, 622, 4729, 11.5)",0.0
Amount_shipped,"(420, 4500, 136, 4692, 11.61)",0.0
Amount_shipped,"(420, 4500, 494, 4926, 11.95)",0.0
Amount_shipped,"(420, 4500, 627, 4796, 12.52)",0.0
Amount_shipped,"(420, 4500, 604, 4624, 12.57)",0.0
Amount_shipped,"(420, 4500, 497, 4720, 12.7)",0.0
Amount_shipped,"(420, 4500, 503, 4807, 16.06)",0.0
Amount_shipped,"(420, 4500, 612, 4678, 16.32)",0.0
Amount_shipped,"(420, 4500, 345, 4695, 23.25)",0.0
Amount_shipped,"(420, 4500, 696, 4535, 23.59)",0.0
Amount_shipped,"(420, 4500, 250, 4682, 28.56)",0.0
Amount_shipped,"(420, 4500, 572, 4680, 30.45)",0.0
Amount_shipped,"(420, 4500, 371, 4764, 52.72)",0.0
Amount_shipped,"(420, 4500, 312, 4747, 62.13)",0.0
Amount_shipped,"(420, 4500, 417, 4874, 76.13)",0.0
Amount_shipped,"(420, 4500, 350, 4738, 111.96)",0.0
Amount_shipped,"(420, 4500, 327, 4722, 125.89)",0.0
Amount_shipped,"(420, 4500, 555, 4937, 127.49)",0.0
Amount_shipped,"(420, 4500, 239, 4765, 151.68)",0.0
Amount_shipped,"(420, 4500, 558, 4583, 208.94)",0.0
Amount_shipped,"(420, 4500, 592, 4773, 272.69)",0.0
Amount_shipped,"(420, 4500, 303, 4682, 594.76)",0.0
Amount_shipped,"(420, 4500, 519, 4618, 758.82)",0.0
Amount_shipped,"(420, 4500, 190, 4740, 907.18)",0.0
Amount_shipped,"(420, 4500, 604, 4955, 907.45)",0.0
Amount_shipped,"(420, 4500, 334, 4799, 1285.48)",0.0
Amount_shipped,"(420, 4500, 402, 4762, 1356.12)",0.0
Amount_shipped,"(420, 4520, 604, 4556, 10.77)",0.0
Amount_shipped,"(420, 4520, 545, 4715, 11.01)",0.0
Amount_shipped,"(420, 4520, 598, 4885, 11.15)",0.0
Amount_shipped,"(420, 4520, 622, 4729, 11.5)",0.0
Amount_shipped,"(420, 4520, 136, 4692, 11.61)",0.0
Amount_shipped,"(420, 4520, 494, 4926, 11.95)",0.0
Amount_shipped,"(420, 4520, 627, 4796, 12.52)",0.0
Amount_shipped,"(420, 4520, 604, 4624, 12.57)",0.0
Amount_shipped,"(420, 4520, 497, 4720, 12.7)",0.0
Amount_shipped,"(420, 4520, 503, 4807, 16.06)",0.0
Amount_shipped,"(420, 4520, 612, 4678, 16.32)",0.0
Amount_shipped,"(420, 4520, 345, 4695, 23.25)",0.0
Amount_shipped,"(420, 4520, 696, 4535, 23.59)",0.0
Amount_shipped,"(420, 4520, 250, 4682, 28.56)",0.0
Amount_shipped,"(420, 4520, 572, 4680, 30.45)",0.0
Amount_shipped,"(420, 4520, 371, 4764, 52.72)",0.0
Amount_shipped,"(420, 4520, 312, 4747, 62.13)",0.0
Amount_shipped,"(420, 4520, 417, 4874, 76.13)",0.0
Amount_shipped,"(420, 4520, 350, 4738, 111.96)",0.0
Amount_shipped,"(420, 4520, 327, 4722, 125.89)",0.0
Amount_shipped,"(420, 4520, 555, 4937, 127.49)",0.0
Amount_shipped,"(420, 4520, 239, 4765, 151.68)",0.0
Amount_shipped,"(420, 4520, 558, 4583, 208.94)",0.0
Amount_shipped,"(420, 4520, 592, 4773, 272.69)",0.0
Amount_shipped,"(420, 4520, 303, 4682, 594.76)",0.0
Amount_shipped,"(420, 4520, 519, 4618, 758.82)",0.0
Amount_shipped,"(420, 4520, 190, 4740, 907.18)",0.0
Amount_shipped,"(420, 4520, 604, 4955, 907.45)",0.0
Amount_shipped,"(420, 4520, 334, 4799, 1285.48)",0.0
Amount_shipped,"(420, 4520, 402, 4762, 1356.12)",0.0
Amount_shipped,"(420, 4540, 604, 4556, 10.77)",0.0
Amount_shipped,"(420, 4540, 545, 4715, 11.01)",0.0
Amount_shipped,"(420, 4540, 598, 4885, 11.15)",0.0
Amount_shipped,"(420, 4540, 622, 4729, 11.5)",0.0
Amount_shipped,"(420, 4540, 136, 4692, 11.61)",0.0
Amount_shipped,"(420, 4540, 494, 4926, 11.95)",0.0
Amount_shipped,"(420, 4540, 627, 4796, 12.52)",0.0
Amount_shipped,"(420, 4540, 604, 4624, 12.57)",0.0
Amount_shipped,"(420, 4540, 497, 4720, 12.7)",0.0
Amount_shipped,"(420, 4540, 503, 4807, 16.06)",0.0
Amount_shipped,"(420, 4540, 612, 4678, 16.32)",0.0
Amount_shipped,"(420, 4540, 345, 4695, 23.25)",0.0
Amount_shipped,"(420, 4540, 696, 4535, 23.59)",0.0
Amount_shipped,"(420, 4540, 250, 4682, 28.56)",0.0
Amount_shipped,"(420, 4540, 572, 4680, 30.45)",0.0
Amount_shipped,"(420, 4540, 371, 4764, 52.72)",0.0
Amount_shipped,"(420, 4540, 312, 4747, 62.13)",0.0
Amount_shipped,"(420, 4540, 417, 4874, 76.13)",0.0
Amount_shipped,"(420, 4540, 350, 4738, 111.96)",0.0
Amount_shipped,"(420, 4540, 327, 4722, 125.89)",0.0
Amount_shipped,"(420, 4540, 555, 4937, 127.49)",0.0
Amount_shipped,"(420, 4540, 239, 4765, 151.68)",0.0
Amount_shipped,"(420, 4540, 558, 4583, 208.94)",0.0
Amount_shipped,"(420, 4540, 592, 4773, 272.69)",0.0
Amount_shipped,"(420, 4540, 303, 4682, 594.76)",0.0
Amount_shipped,"(420, 4540, 519, 4618, 758.82)",0.0
Amount_shipped,"(420, 4540, 190, 4740, 907.18)",0.0
Amount_shipped,"(420, 4540, 604, 4955, 907.45)",0.0
Amount_shipped,"(420, 4540, 334, 4799, 1285.48)",0.0
Amount_shipped,"(420, 4540, 402, 4762, 1356.12)",0.0
Amount_shipped,"(420, 4560, 604, 4556, 10.77)",0.0
Amount_shipped,"(420, 4560, 545, 4715, 11.01)",0.0
Amount_shipped,"(420, 4560, 598, 4885, 11.15)",0.0
Amount_shipped,"(420, 4560, 622, 4729, 11.5)",0.0
Amount_shipped,"(420, 4560, 136, 4692, 11.61)",0.0
Amount_shipped,"(420, 4560, 494, 4926, 11.95)",0.0
Amount_shipped,"(420, 4560, 627, 4796, 12.52)",0.0
Amount_shipped,"(420, 4560, 604, 4624, 12.57)",0.0
Amount_shipped,"(420, 4560, 497, 4720, 12.7)",0.0
Amount_shipped,"(420, 4560, 503, 4807, 16.06)",0.0
Amount_shipped,"(420, 4560, 612, 4678, 16.32)",0.0
Amount_shipped,"(420, 4560, 345, 4695, 23.25)",0.0
Amount_shipped,"(420, 4560, 696, 4535, 23.59)",0.0
Amount_shipped,"(420, 4560, 250, 4682, 28.56)",0.0
Amount_shipped,"(420, 4560, 572, 4680, 30.45)",0.0
Amount_shipped,"(420, 4560, 371, 4764, 52.72)",0.0
Amount_shipped,"(420, 4560, 312, 4747, 62.13)",0.0
Amount_shipped,"(420, 4560, 417, 4874, 76.13)",0.0
Amount_shipped,"(420, 4560, 350, 4738, 111.96)",0.0
Amount_shipped,"(420, 4560, 327, 4722, 125.89)",0.0
Amount_shipped,"(420, 4560, 555, 4937, 127.49)",0.0
Amount_shipped,"(420, 4560, 239, 4765, 151.68)",0.0
Amount_shipped,"(420, 4560, 558, 4583, 208.94)",0.0
Amount_shipped,"(420, 4560, 592, 4773, 272.69)",0.0
Amount_shipped,"(420, 4560, 303, 4682, 594.76)",0.0
Amount_shipped,"(420, 4560, 519, 4618, 758.82)",0.0
Amount_shipped,"(420, 4560, 190, 4740, 907.18)",0.0
Amount_shipped,"(420, 4560, 604, 4955, 907.45)",0.0
Amount_shipped,"(420, 4560, 334, 4799, 1285.48)",0.0
Amount_shipped,"(420, 4560, 402, 4762, 1356.12)",0.0
Amount_shipped,"(420, 4580, 604, 4556, 10.77)",0.0
Amount_shipped,"(420, 4580, 545, 4715, 11.01)",0.0
Amount_shipped,"(420, 4580, 598, 4885, 11.15)",0.0
Amount_shipped,"(420, 4580, 622, 4729, 11.5)",0.0
Amount_shipped,"(420, 4580, 136, 4692, 11.61)",0.0
Amount_shipped,"(420, 4580, 494, 4926, 11.95)",0.0
Amount_shipped,"(420, 4580, 627, 4796, 12.52)",0.0
Amount_shipped,"(420, 4580, 604, 4624, 12.57)",0.0
Amount_shipped,"(420, 4580, 497, 4720, 12.7)",0.0
Amount_shipped,"(420, 4580, 503, 4807, 16.06)",0.0
Amount_shipped,"(420, 4580, 612, 4678, 16.32)",0.0
Amount_shipped,"(420, 4580, 345, 4695, 23.25)",0.0
Amount_shipped,"(420, 4580, 696, 4535, 23.59)",0.0
Amount_shipped,"(420, 4580, 250, 4682, 28.56)",0.0
Amount_shipped,"(420, 4580, 572, 4680, 30.45)",0.0
Amount_shipped,"(420, 4580, 371, 4764, 52.72)",0.0
Amount_shipped,"(420, 4580, 312, 4747, 62.13)",0.0
Amount_shipped,"(420, 4580, 417, 4874, 76.13)",0.0
Amount_shipped,"(420, 4580, 350, 4738, 111.96)",0.0
Amount_shipped,"(420, 4580, 327, 4722, 125.89)",0.0
Amount_shipped,"(420, 4580, 555, 4937, 127.49)",0.0
Amount_shipped,"(420, 4580, 239, 4765, 151.68)",0.0
Amount_shipped,"(420, 4580, 558, 4583, 208.94)",0.0
Amount_shipped,"(420, 4580, 592, 4773, 272.69)",0.0
Amount_shipped,"(420, 4580, 303, 4682, 594.76)",0.0
Amount_shipped,"(420, 4580, 519, 4618, 758.82)",0.0
Amount_shipped,"(420, 4580, 190, 4740, 907.18)",0.0
Amount_shipped,"(420, 4580, 604, 4955, 907.45)",0.0
Amount_shipped,"(420, 4580, 334, 4799, 1285.48)",0.0
Amount_shipped,"(420, 4580, 402, 4762, 1356.12)",0.0
Amount_shipped,"(420, 4600, 604, 4556, 10.77)",0.0
Amount_shipped,"(420, 4600, 545, 4715, 11.01)",0.0
Amount_shipped,"(420, 4600, 598, 4885, 11.15)",0.0
Amount_shipped,"(420, 4600, 622, 4729, 11.5)",0.0
Amount_shipped,"(420, 4600, 136, 4692, 11.61)",0.0
Amount_shipped,"(420, 4600, 494, 4926, 11.95)",0.0
Amount_shipped,"(420, 4600, 627, 4796, 12.52)",0.0
Amount_shipped,"(420, 4600, 604, 4624, 12.57)",0.0
Amount_shipped,"(420, 4600, 497, 4720, 12.7)",0.0
Amount_shipped,"(420, 4600, 503, 4807, 16.06)",0.0
Amount_shipped,"(420, 4600, 612, 4678, 16.32)",0.0
Amount_shipped,"(420, 4600, 345, 4695, 23.25)",0.0
Amount_shipped,"(420, 4600, 696, 4535, 23.59)",0.0
Amount_shipped,"(420, 4600, 250, 4682, 28.56)",0.0
Amount_shipped,"(420, 4600, 572, 4680, 30.45)",0.0
Amount_shipped,"(420, 4600, 371, 4764, 52.72)",0.0
Amount_shipped,"(420, 4600, 312, 4747, 62.13)",0.0
Amount_shipped,"(420, 4600, 417, 4874, 76.13)",0.0
Amount_shipped,"(420, 4600, 350, 4738, 111.96)",0.0
Amount_shipped,"(420, 4600, 327, 4722, 125.89)",0.0
Amount_shipped,"(420, 4600, 555, 4937, 127.49)",0.0
Amount_shipped,"(420, 4600, 239, 4765, 151.68)",0.0
Amount_shipped,"(420, 4600, 558, 4583, 208.94)",0.0
Amount_shipped,"(420, 4600, 592, 4773, 272.69)",0.0
Amount_shipped,"(420, 4600, 303, 4682, 594.76)",0.0
Amount_shipped,"(420, 4600, 519, 4618, 758.82)",0.0
Amount_shipped,"(420, 4600, 190, 4740, 907.18)",0.0
Amount_shipped,"(420, 4600, 604, 4955, 907.45)",0.0
Amount_shipped,"(420, 4600, 334, 4799, 1285.48)",0.0
Amount_shipped,"(420, 4600, 402, 4762, 1356.12)",0.0
Amount_shipped,"(420, 4620, 604, 4556, 10.77)",0.0
Amount_shipped,"(420, 4620, 545, 4715, 11.01)",0.0
Amount_shipped,"(420, 4620, 598, 4885, 11.15)",0.0
Amount_shipped,"(420, 4620, 622, 4729, 11.5)",0.0
Amount_shipped,"(420, 4620, 136, 4692, 11.61)",0.0
Amount_shipped,"(420, 4620, 494, 4926, 11.95)",0.0
Amount_shipped,"(420, 4620, 627, 4796, 12.52)",0.0
Amount_shipped,"(420, 4620, 604, 4624, 12.57)",0.0
Amount_shipped,"(420, 4620, 497, 4720, 12.7)",0.0
Amount_shipped,"(420, 4620, 503, 4807, 16.06)",0.0
Amount_shipped,"(420, 4620, 612, 4678, 16.32)",0.0
Amount_shipped,"(420, 4620, 345, 4695, 23.25)",0.0
Amount_shipped,"(420, 4620, 696, 4535, 23.59)",0.0
Amount_shipped,"(420, 4620, 250, 4682, 28.56)",0.0
Amount_shipped,"(420, 4620, 572, 4680, 30.45)",0.0
Amount_shipped,"(420, 4620, 371, 4764, 52.72)",0.0
Amount_shipped,"(420, 4620, 312, 4747, 62.13)",0.0
Amount_shipped,"(420, 4620, 417, 4874, 76.13)",0.0
Amount_shipped,"(420, 4620, 350, 4738, 111.96)",0.0
Amount_shipped,"(420, 4620, 327, 4722, 125.89)",0.0
Amount_shipped,"(420, 4620, 555, 4937, 127.49)",0.0
Amount_shipped,"(420, 4620, 239, 4765, 151.68)",0.0
Amount_shipped,"(420, 4620, 558, 4583, 208.94)",0.0
Amount_shipped,"(420, 4620, 592, 4773, 272.69)",0.0
Amount_shipped,"(420, 4620, 303, 4682, 594.76)",0.0
Amount_shipped,"(420, 4620, 519, 4618, 758.82)",0.0
Amount_shipped,"(420, 4620, 190, 4740, 907.18)",0.0
Amount_shipped,"(420, 4620, 604, 4955, 907.45)",0.0
Amount_shipped,"(420, 4620, 334, 4799, 1285.48)",0.0
Amount_shipped,"(420, 4620, 402, 4762, 1356.12)",0.0
Amount_shipped,"(420, 4640, 604, 4556, 10.77)",0.0
Amount_shipped,"(420, 4640, 545, 4715, 11.01)",0.0
Amount_shipped,"(420, 4640, 598, 4885, 11.15)",0.0
Amount_shipped,"(420, 4640, 622, 4729, 11.5)",0.0
Amount_shipped,"(420, 4640, 136, 4692, 11.61)",0.0
Amount_shipped,"(420, 4640, 494, 4926, 11.95)",0.0
Amount_shipped,"(420, 4640, 627, 4796, 12.52)",0.0
Amount_shipped,"(420, 4640, 604, 4624, 12.57)",0.0
Amount_shipped,"(420, 4640, 497, 4720, 12.7)",0.0
Amount_shipped,"(420, 4640, 503, 4807, 16.06)",0.0
Amount_shipped,"(420, 4640, 612, 4678, 16.32)",0.0
Amount_shipped,"(420, 4640, 345, 4695, 23.25)",0.0
Amount_shipped,"(420, 4640, 696, 4535, 23.59)",0.0
Amount_shipped,"(420, 4640, 250, 4682, 28.56)",0.0
Amount_shipped,"(420, 4640, 572, 4680, 30.45)",0.0
Amount_shipped,"(420, 4640, 371, 4764, 52.72)",0.0
Amount_shipped,"(420, 4640, 312, 4747, 62.13)",0.0
Amount_shipped,"(420, 4640, 417, 4874, 76.13)",0.0
Amount_shipped,"(420, 4640, 350, 4738, 111.96)",0.0
Amount_shipped,"(420, 4640, 327, 4722, 125.89)",0.0
Amount_shipped,"(420, 4640, 555, 4937, 127.49)",0.0
Amount_shipped,"(420, 4640, 239, 4765, 151.68)",0.0
Amount_shipped,"(420, 4640, 558, 4583, 208.94)",0.0
Amount_shipped,"(420, 4640, 592, 4773, 272.69)",0.0
Amount_shipped,"(420, 4640, 303, 4682, 594.76)",0.0
Amount_shipped,"(420, 4640, 519, 4618, 758.82)",0.0
Amount_shipped,"(420, 4640, 190, 4740, 907.18)",0.0
Amount_shipped,"(420, 4640, 604, 4955, 907.45)",0.0
Amount_shipped,"(420, 4640, 334, 4799, 1285.48)",0.0
Amount_shipped,"(420, 4640, 402, 4762, 1356.12)",0.0
Amount_shipped,"(420, 4660, 604, 4556, 10.77)",0.0
Amount_shipped,"(420, 4660, 545, 4715, 11.01)",0.0
Amount_shipped,"(420, 4660, 598, 4885, 11.15)",0.0
Amount_shipped,"(420, 4660, 622, 4729, 11.5)",0.0
Amount_shipped,"(420, 4660, 136, 4692, 11.61)",0.0
Amount_shipped,"(420, 4660, 494, 4926, 11.95)",0.0
Amount_shipped,"(420, 4660, 627, 4796, 12.52)",0.0
Amount_shipped,"(420, 4660, 604, 4624, 12.57)",0.0
Amount_shipped,"(420, 4660, 497, 4720, 12.7)",0.0
Amount_shipped,"(420, 4660, 503, 4807, 16.06)",0.0
Amount_shipped,"(420, 4660, 612, 4678, 16.32)",0.0
Amount_shipped,"(420, 4660, 345, 4695, 23.25)",0.0
Amount_shipped,"(420, 4660, 696, 4535, 23.59)",0.0
Amount_shipped,"(420, 4660, 250, 4682, 28.56)",0.0
Amount_shipped,"(420, 4660, 572, 4680, 30.45)",0.0
Amount_shipped,"(420, 4660, 371, 4764, 52.72)",0.0
Amount_shipped,"(420, 4660, 312, 4747, 62.13)",0.0
Amount_shipped,"(420, 4660, 417, 4874, 76.13)",0.0
Amount_shipped,"(420, 4660, 350, 4738, 111.96)",0.0
Amount_shipped,"(420, 4660, 327, 4722, 125.89)",0.0
Amount_shipped,"(420, 4660, 555, 4937, 127.49)",0.0
Amount_shipped,"(420, 4660, 239, 4765, 151.68)",0.0
Amount_shipped,"(420, 4660, 558, 4583, 208.94)",0.0
Amount_shipped,"(420, 4660, 592, 4773, 272.69)",0.0
Amount_shipped,"(420, 4660, 303, 4682, 594.76)",0.0
Amount_shipped,"(420, 4660, 519, 4618, 758.82)",0.0
Amount_shipped,"(420, 4660, 190, 4740, 907.18)",0.0
Amount_shipped,"(420, 4660, 604, 4955, 907.45)",0.0
Amount_shipped,"(420, 4660, 334, 4799, 1285.48)",0.0
Amount_shipped,"(420, 4660, 402, 4762, 1356.12)",0.0
Amount_shipped,"(420, 4680, 604, 4556, 10.77)",0.0
Amount_shipped,"(420, 4680, 545, 4715, 11.01)",0.0
Amount_shipped,"(420, 4680, 598, 4885, 11.15)",0.0
Amount_shipped,"(420, 4680, 622, 4729, 11.5)",0.0
Amount_shipped,"(420, 4680, 136, 4692, 11.61)",0.0
Amount_shipped,"(420, 4680, 494, 4926, 11.95)",0.0
Amount_shipped,"(420, 4680, 627, 4796, 12.52)",0.0
Amount_shipped,"(420, 4680, 604, 4624, 12.57)",0.0
Amount_shipped,"(420, 4680, 497, 4720, 12.7)",0.0
Amount_shipped,"(420, 4680, 503, 4807, 16.06)",0.0
Amount_shipped,"(420, 4680, 612, 4678, 16.32)",0.0
Amount_shipped,"(420, 4680, 345, 4695, 23.25)",0.0
Amount_shipped,"(420, 4680, 696, 4535, 23.59)",0.0
Amount_shipped,"(420, 4680, 250, 4682, 28.56)",0.0
Amount_shipped,"(420, 4680, 572, 4680, 30.45)",0.0
Amount_shipped,"(420, 4680, 371, 4764, 52.72)",0.0
Amount_shipped,"(420, 4680, 312, 4747, 62.13)",0.0
Amount_shipped,"(420, 4680, 417, 4874, 76.13)",0.0
Amount_shipped,"(420, 4680, 350, 4738, 111.96)",0.0
Amount_shipped,"(420, 4680, 327, 4722, 125.89)",0.0
Amount_shipped,"(420, 4680, 555, 4937, 127.49)",0.0
Amount_shipped,"(420, 4680, 239, 4765, 151.68)",0.0
Amount_shipped,"(420, 4680, 558, 4583, 208.94)",0.0
Amount_shipped,"(420, 4680, 592, 4773, 272.69)",0.0
Amount_shipped,"(420, 4680, 303, 4682, 594.76)",0.0
Amount_shipped,"(420, 4680, 519, 4618, 758.82)",0.0
Amount_shipped,"(420, 4680, 190, 4740, 907.18)",0.0
Amount_shipped,"(420, 4680, 604, 4955, 907.45)",0.0
Amount_shipped,"(420, 4680, 334, 4799, 1285.48)",0.0
Amount_shipped,"(420, 4680, 402, 4762, 1356.12)",0.0
Amount_shipped,"(420, 4700, 604, 4556, 10.77)",0.0
Amount_shipped,"(420, 4700, 545, 4715, 11.01)",0.0
Amount_shipped,"(420, 4700, 598, 4885, 11.15)",0.0
Amount_shipped,"(420, 4700, 622, 4729, 11.5)",0.0
Amount_shipped,"(420, 4700, 136, 4692, 11.61)",0.0
Amount_shipped,"(420, 4700, 494, 4926, 11.95)",0.0
Amount_shipped,"(420, 4700, 627, 4796, 12.52)",0.0
Amount_shipped,"(420, 4700, 604, 4624, 12.57)",0.0
Amount_shipped,"(420, 4700, 497, 4720, 12.7)",0.0
Amount_shipped,"(420, 4700, 503, 4807, 16.06)",0.0
Amount_shipped,"(420, 4700, 612, 4678, 16.32)",0.0
Amount_shipped,"(420, 4700, 345, 4695, 23.25)",0.0
Amount_shipped,"(420, 4700, 696, 4535, 23.59)",0.0
Amount_shipped,"(420, 4700, 250, 4682, 28.56)",0.0
Amount_shipped,"(420, 4700, 572, 4680, 30.45)",0.0
Amount_shipped,"(420, 4700, 371, 4764, 52.72)",0.0
Amount_shipped,"(420, 4700, 312, 4747, 62.13)",0.0
Amount_shipped,"(420, 4700, 417, 4874, 76.13)",0.0
Amount_shipped,"(420, 4700, 350, 4738, 111.96)",0.0
Amount_shipped,"(420, 4700, 327, 4722, 125.89)",0.0
Amount_shipped,"(420, 4700, 555, 4937, 127.49)",0.0
Amount_shipped,"(420, 4700, 239, 4765, 151.68)",0.0
Amount_shipped,"(420, 4700, 558, 4583, 208.94)",0.0
Amount_shipped,"(420, 4700, 592, 4773, 272.69)",0.0
Amount_shipped,"(420, 4700, 303, 4682, 594.76)",0.0
Amount_shipped,"(420, 4700, 519, 4618, 758.82)",0.0
Amount_shipped,"(420, 4700, 190, 4740, 907.18)",0.0
Amount_shipped,"(420, 4700, 604, 4955, 907.45)",0.0
Amount_shipped,"(420, 4700, 334, 4799, 1285.48)",0.0
Amount_shipped,"(420, 4700, 402, 4762, 1356.12)",0.0
Amount_shipped,"(420, 4720, 604, 4556, 10.77)",0.0
Amount_shipped,"(420, 4720, 545, 4715, 11.01)",0.0
Amount_shipped,"(420, 4720, 598, 4885, 11.15)",0.0
Amount_shipped,"(420, 4720, 622, 4729, 11.5)",0.0
Amount_shipped,"(420, 4720, 136, 4692, 11.61)",0.0
Amount_shipped,"(420, 4720, 494, 4926, 11.95)",0.0
Amount_shipped,"(420, 4720, 627, 4796, 12.52)",0.0
Amount_shipped,"(420, 4720, 604, 4624, 12.57)",0.0
Amount_shipped,"(420, 4720, 497, 4720, 12.7)",0.0
Amount_shipped,"(420, 4720, 503, 4807, 16.06)",0.0
Amount_shipped,"(420, 4720, 612, 4678, 16.32)",0.0
Amount_shipped,"(420, 4720, 345, 4695, 23.25)",0.0
Amount_shipped,"(420, 4720, 696, 4535, 23.59)",0.0
Amount_shipped,"(420, 4720, 250, 4682, 28.56)",0.0
Amount_shipped,"(420, 4720, 572, 4680, 30.45)",0.0
Amount_shipped,"(420, 4720, 371, 4764, 52.72)",0.0
Amount_shipped,"(420, 4720, 312, 4747, 62.13)",0.0
Amount_shipped,"(420, 4720, 417, 4874, 76.13)",0.0
Amount_shipped,"(420, 4720, 350, 4738, 111.96)",0.0
Amount_shipped,"(420, 4720, 327, 4722, 125.89)",0.0
Amount_shipped,"(420, 4720, 555, 4937, 127.49)",0.0
Amount_shipped,"(420, 4720, 239, 4765, 151.68)",0.0
Amount_shipped,"(420, 4720, 558, 4583, 208.94)",0.0
Amount_shipped,"(420, 4720, 592, 4773, 272.69)",0.0
Amount_shipped,"(420, 4720, 303, 4682, 594.76)",0.0
Amount_shipped,"(420, 4720, 519, 4618, 758.82)",0.0
Amount_shipped,"(420, 4720, 190, 4740, 907.18)",0.0
Amount_shipped,"(420, 4720, 604, 4955, 907.45)",0.0
Amount_shipped,"(420, 4720, 334, 4799, 1285.48)",0.0
Amount_shipped,"(420, 4720, 402, 4762, 1356.12)",0.0
Amount_shipped,"(420, 4740, 604, 4556, 10.77)",0.0
Amount_shipped,"(420, 4740, 545, 4715, 11.01)",0.0
Amount_shipped,"(420, 4740, 598, 4885, 11.15)",0.0
Amount_shipped,"(420, 4740, 622, 4729, 11.5)",0.0
Amount_shipped,"(420, 4740, 136, 4692, 11.61)",0.0
Amount_shipped,"(420, 4740, 494, 4926, 11.95)",0.0
Amount_shipped,"(420, 4740, 627, 4796, 12.52)",0.0
Amount_shipped,"(420, 4740, 604, 4624, 12.57)",0.0
Amount_shipped,"(420, 4740, 497, 4720, 12.7)",0.0
Amount_shipped,"(420, 4740, 503, 4807, 16.06)",0.0
Amount_shipped,"(420, 4740, 612, 4678, 16.32)",0.0
Amount_shipped,"(420, 4740, 345, 4695, 23.25)",0.0
Amount_shipped,"(420, 4740, 696, 4535, 23.59)",0.0
Amount_shipped,"(420, 4740, 250, 4682, 28.56)",0.0
Amount_shipped,"(420, 4740, 572, 4680, 30.45)",0.0
Amount_shipped,"(420, 4740, 371, 4764, 52.72)",0.0
Amount_shipped,"(420, 4740, 312, 4747, 62.13)",0.0
Amount_shipped,"(420, 4740, 417, 4874, 76.13)",0.0
Amount_shipped,"(420, 4740, 350, 4738, 111.96)",0.0
Amount_shipped,"(420, 4740, 327, 4722, 125.89)",0.0
Amount_shipped,"(420, 4740, 555, 4937, 127.49)",0.0
Amount_shipped,"(420, 4740, 239, 4765, 151.68)",0.0
Amount_shipped,"(420, 4740, 558, 4583, 208.94)",0.0
Amount_shipped,"(420, 4740, 592, 4773, 272.69)",0.0
Amount_shipped,"(420, 4740, 303, 4682, 594.76)",0.0
Amount_shipped,"(420, 4740, 519, 4618, 758.82)",0.0
Amount_shipped,"(420, 4740, 190, 4740, 907.18)",0.0
Amount_shipped,"(420, 4740, 604, 4955, 907.45)",0.0
Amount_shipped,"(420, 4740, 334, 4799, 1285.48)",0.0
Amount_shipped,"(420, 4740, 402, 4762, 1356.12)",0.0
Amount_shipped,"(420, 4760, 604, 4556, 10.77)",0.0
Amount_shipped,"(420, 4760, 545, 4715, 11.01)",0.0
Amount_shipped,"(420, 4760, 598, 4885, 11.15)",0.0
Amount_shipped,"(420, 4760, 622, 4729, 11.5)",0.0
Amount_shipped,"(420, 4760, 136, 4692, 11.61)",0.0
Amount_shipped,"(420, 4760, 494, 4926, 11.95)",0.0
Amount_shipped,"(420, 4760, 627, 4796, 12.52)",0.0
Amount_shipped,"(420, 4760, 604, 4624, 12.57)",0.0
Amount_shipped,"(420, 4760, 497, 4720, 12.7)",0.0
Amount_shipped,"(420, 4760, 503, 4807, 16.06)",0.0
Amount_shipped,"(420, 4760, 612, 4678, 16.32)",0.0
Amount_shipped,"(420, 4760, 345, 4695, 23.25)",0.0
Amount_shipped,"(420, 4760, 696, 4535, 23.59)",0.0
Amount_shipped,"(420, 4760, 250, 4682, 28.56)",0.0
Amount_shipped,"(420, 4760, 572, 4680, 30.45)",0.0
Amount_shipped,"(420, 4760, 371, 4764, 52.72)",0.0
Amount_shipped,"(420, 4760, 312, 4747, 62.13)",0.0
Amount_shipped,"(420, 4760, 417, 4874, 76.13)",0.0
Amount_shipped,"(420, 4760, 350, 4738, 111.96)",0.0
Amount_shipped,"(420, 4760, 327, 4722, 125.89)",0.0
Amount_shipped,"(420, 4760, 555, 4937, 127.49)",0.0
Amount_shipped,"(420, 4760, 239, 4765, 151.68)",0.0
Amount_shipped,"(420, 4760, 558, 4583, 208.94)",0.0
Amount_shipped,"(420, 4760, 592, 4773, 272.69)",0.0
Amount_shipped,"(420, 4760, 303, 4682, 594.76)",0.0
Amount_shipped,"(420, 4760, 519, 4618, 758.82)",0.0
Amount_shipped,"(420, 4760, 190, 4740, 907.18)",0.0
Amount_shipped,"(420, 4760, 604, 4955, 907.45)",0.0
Amount_shipped,"(420, 4760, 334, 4799, 1285.48)",0.0
Amount_shipped,"(420, 4760, 402, 4762, 1356.12)",0.0
Amount_shipped,"(420, 4780, 604, 4556, 10.77)",0.0
Amount_shipped,"(420, 4780, 545, 4715, 11.01)",0.0
Amount_shipped,"(420, 4780, 598, 4885, 11.15)",0.0
Amount_shipped,"(420, 4780, 622, 4729, 11.5)",0.0
Amount_shipped,"(420, 4780, 136, 4692, 11.61)",0.0
Amount_shipped,"(420, 4780, 494, 4926, 11.95)",0.0
Amount_shipped,"(420, 4780, 627, 4796, 12.52)",0.0
Amount_shipped,"(420, 4780, 604, 4624, 12.57)",0.0
Amount_shipped,"(420, 4780, 497, 4720, 12.7)",0.0
Amount_shipped,"(420, 4780, 503, 4807, 16.06)",0.0
Amount_shipped,"(420, 4780, 612, 4678, 16.32)",0.0
Amount_shipped,"(420, 4780, 345, 4695, 23.25)",0.0
Amount_shipped,"(420, 4780, 696, 4535, 23.59)",0.0
Amount_shipped,"(420, 4780, 250, 4682, 28.56)",0.0
Amount_shipped,"(420, 4780, 572, 4680, 30.45)",0.0
Amount_shipped,"(420, 4780, 371, 4764, 52.72)",0.0
Amount_shipped,"(420, 4780, 312, 4747, 62.13)",0.0
Amount_shipped,"(420, 4780, 417, 4874, 76.13)",0.0
Amount_shipped,"(420, 4780, 350, 4738, 111.96)",0.0
Amount_shipped,"(420, 4780, 327, 4722, 125.89)",0.0
Amount_shipped,"(420, 4780, 555, 4937, 127.49)",0.0
Amount_shipped,"(420, 4780, 239, 4765, 151.68)",0.0
Amount_shipped,"(420, 4780, 558, 4583, 208.94)",0.0
Amount_shipped,"(420, 4780, 592, 4773, 272.69)",0.0
Amount_shipped,"(420, 4780, 303, 4682, 594.76)",0.0
Amount_shipped,"(420, 4780, 519, 4618, 758.82)",0.0
Amount_shipped,"(420, 4780, 190, 4740, 907.18)",0.0
Amount_shipped,"(420, 4780, 604, 4955, 907.45)",0.0
Amount_shipped,"(420, 4780, 334, 4799, 1285.48)",0.0
Amount_shipped,"(420, 4780, 402, 4762, 1356.12)",0.0
Amount_shipped,"(420, 4800, 604, 4556, 10.77)",0.0
Amount_shipped,"(420, 4800, 545, 4715, 11.01)",0.0
Amount_shipped,"(420, 4800, 598, 4885, 11.15)",0.0
Amount_shipped,"(420, 4800, 622, 4729, 11.5)",0.0
Amount_shipped,"(420, 4800, 136, 4692, 11.61)",0.0
Amount_shipped,"(420, 4800, 494, 4926, 11.95)",0.0
Amount_shipped,"(420, 4800, 627, 4796, 12.52)",0.0
Amount_shipped,"(420, 4800, 604, 4624, 12.57)",0.0
Amount_shipped,"(420, 4800, 497, 4720, 12.7)",0.0
Amount_shipped,"(420, 4800, 503, 4807, 16.06)",0.0
Amount_shipped,"(420, 4800, 612, 4678, 16.32)",0.0
Amount_shipped,"(420, 4800, 345, 4695, 23.25)",0.0
Amount_shipped,"(420, 4800, 696, 4535, 23.59)",0.0
Amount_shipped,"(420, 4800, 250, 4682, 28.56)",0.0
Amount_shipped,"(420, 4800, 572, 4680, 30.45)",0.0
Amount_shipped,"(420, 4800, 371, 4764, 52.72)",0.0
Amount_shipped,"(420, 4800, 312, 4747, 62.13)",0.0
Amount_shipped,"(420, 4800, 417, 4874, 76.13)",0.0
Amount_shipped,"(420, 4800, 350, 4738, 111.96)",0.0
Amount_shipped,"(420, 4800, 327, 4722, 125.89)",0.0
Amount_shipped,"(420, 4800, 555, 4937, 127.49)",0.0
Amount_shipped,"(420, 4800, 239, 4765, 151.68)",0.0
Amount_shipped,"(420, 4800, 558, 4583, 208.94)",0.0
Amount_shipped,"(420, 4800, 592, 4773, 272.69)",0.0
Amount_shipped,"(420, 4800, 303, 4682, 594.76)",0.0
Amount_shipped,"(420, 4800, 519, 4618, 758.82)",0.0
Amount_shipped,"(420, 4800, 190, 4740, 907.18)",0.0
Amount_shipped,"(420, 4800, 604, 4955, 907.45)",0.0
Amount_shipped,"(420, 4800, 334, 4799, 1285.48)",0.0
Amount_shipped,"(420, 4800, 402, 4762, 1356.12)",0.0
Amount_shipped,"(420, 4820, 604, 4556, 10.77)",0.0
Amount_shipped,"(420, 4820, 545, 4715, 11.01)",0.0
Amount_shipped,"(420, 4820, 598, 4885, 11.15)",0.0
Amount_shipped,"(420, 4820, 622, 4729, 11.5)",0.0
Amount_shipped,"(420, 4820, 136, 4692, 11.61)",0.0
Amount_shipped,"(420, 4820, 494, 4926, 11.95)",0.0
Amount_shipped,"(420, 4820, 627, 4796, 12.52)",0.0
Amount_shipped,"(420, 4820, 604, 4624, 12.57)",0.0
Amount_shipped,"(420, 4820, 497, 4720, 12.7)",0.0
Amount_shipped,"(420, 4820, 503, 4807, 16.06)",0.0
Amount_shipped,"(420, 4820, 612, 4678, 16.32)",0.0
Amount_shipped,"(420, 4820, 345, 4695, 23.25)",0.0
Amount_shipped,"(420, 4820, 696, 4535, 23.59)",0.0
Amount_shipped,"(420, 4820, 250, 4682, 28.56)",0.0
Amount_shipped,"(420, 4820, 572, 4680, 30.45)",0.0
Amount_shipped,"(420, 4820, 371, 4764, 52.72)",0.0
Amount_shipped,"(420, 4820, 312, 4747, 62.13)",0.0
Amount_shipped,"(420, 4820, 417, 4874, 76.13)",0.0
Amount_shipped,"(420, 4820, 350, 4738, 111.96)",0.0
Amount_shipped,"(420, 4820, 327, 4722, 125.89)",0.0
Amount_shipped,"(420, 4820, 555, 4937, 127.49)",0.0
Amount_shipped,"(420, 4820, 239, 4765, 151.68)",0.0
Amount_shipped,"(420, 4820, 558, 4583, 208.94)",0.0
Amount_shipped,"(420, 4820, 592, 4773, 272.69)",0.0
Amount_shipped,"(420, 4820, 303, 4682, 594.76)",0.0
Amount_shipped,"(420, 4820, 519, 4618, 758.82)",0.0
Amount_shipped,"(420, 4820, 190, 4740, 907.18)",0.0
Amount_shipped,"(420, 4820, 604, 4955, 907.45)",0.0
Amount_shipped,"(420, 4820, 334, 4799, 1285.48)",0.0
Amount_shipped,"(420, 4820, 402, 4762, 1356.12)",0.0
Amount_shipped,"(420, 4840, 604, 4556, 10.77)",0.0
Amount_shipped,"(420, 4840, 545, 4715, 11.01)",0.0
Amount_shipped,"(420, 4840, 598, 4885, 11.15)",0.0
Amount_shipped,"(420, 4840, 622, 4729, 11.5)",0.0
Amount_shipped,"(420, 4840, 136, 4692, 11.61)",0.0
Amount_shipped,"(420, 4840, 494, 4926, 11.95)",0.0
Amount_shipped,"(420, 4840, 627, 4796, 12.52)",0.0
Amount_shipped,"(420, 4840, 604, 4624, 12.57)",0.0
Amount_shipped,"(420, 4840, 497, 4720, 12.7)",0.0
Amount_shipped,"(420, 4840, 503, 4807, 16.06)",0.0
Amount_shipped,"(420, 4840, 612, 4678, 16.32)",0.0
Amount_shipped,"(420, 4840, 345, 4695, 23.25)",0.0
Amount_shipped,"(420, 4840, 696, 4535, 23.59)",0.0
Amount_shipped,"(420, 4840, 250, 4682, 28.56)",0.0
Amount_shipped,"(420, 4840, 572, 4680, 30.45)",0.0
Amount_shipped,"(420, 4840, 371, 4764, 52.72)",0.0
Amount_shipped,"(420, 4840, 312, 4747, 62.13)",0.0
Amount_shipped,"(420, 4840, 417, 4874, 76.13)",0.0
Amount_shipped,"(420, 4840, 350, 4738, 111.96)",0.0
Amount_shipped,"(420, 4840, 327, 4722, 125.89)",0.0
Amount_shipped,"(420, 4840, 555, 4937, 127.49)",0.0
Amount_shipped,"(420, 4840, 239, 4765, 151.68)",0.0
Amount_shipped,"(420, 4840, 558, 4583, 208.94)",0.0
Amount_shipped,"(420, 4840, 592, 4773, 272.69)",0.0
Amount_shipped,"(420, 4840, 303, 4682, 594.76)",0.0
Amount_shipped,"(420, 4840, 519, 4618, 758.82)",0.0
Amount_shipped,"(420, 4840, 190, 4740, 907.18)",0.0
Amount_shipped,"(420, 4840, 604, 4955, 907.45)",0.0
Amount_shipped,"(420, 4840, 334, 4799, 1285.48)",0.0
Amount_shipped,"(420, 4840, 402, 4762, 1356.12)",0.0
Amount_shipped,"(420, 4860, 604, 4556, 10.77)",0.0
Amount_shipped,"(420, 4860, 545, 4715, 11.01)",0.0
Amount_shipped,"(420, 4860, 598, 4885, 11.15)",0.0
Amount_shipped,"(420, 4860, 622, 4729, 11.5)",0.0
Amount_shipped,"(420, 4860, 136, 4692, 11.61)",0.0
Amount_shipped,"(420, 4860, 494, 4926, 11.95)",0.0
Amount_shipped,"(420, 4860, 627, 4796, 12.52)",0.0
Amount_shipped,"(420, 4860, 604, 4624, 12.57)",0.0
Amount_shipped,"(420, 4860, 497, 4720, 12.7)",0.0
Amount_shipped,"(420, 4860, 503, 4807, 16.06)",0.0
Amount_shipped,"(420, 4860, 612, 4678, 16.32)",0.0
Amount_shipped,"(420, 4860, 345, 4695, 23.25)",0.0
Amount_shipped,"(420, 4860, 696, 4535, 23.59)",0.0
Amount_shipped,"(420, 4860, 250, 4682, 28.56)",0.0
Amount_shipped,"(420, 4860, 572, 4680, 30.45)",0.0
Amount_shipped,"(420, 4860, 371, 4764, 52.72)",0.0
Amount_shipped,"(420, 4860, 312, 4747, 62.13)",0.0
Amount_shipped,"(420, 4860, 417, 4874, 76.13)",0.0
Amount_shipped,"(420, 4860, 350, 4738, 111.96)",0.0
Amount_shipped,"(420, 4860, 327, 4722, 125.89)",0.0
Amount_shipped,"(420, 4860, 555, 4937, 127.49)",0.0
Amount_shipped,"(420, 4860, 239, 4765, 151.68)",0.0
Amount_shipped,"(420, 4860, 558, 4583, 208.94)",0.0
Amount_shipped,"(420, 4860, 592, 4773, 272.69)",0.0
Amount_shipped,"(420, 4860, 303, 4682, 594.76)",0.0
Amount_shipped,"(420, 4860, 519, 4618, 758.82)",0.0
Amount_shipped,"(420, 4860, 190, 4740, 907.18)",0.0
Amount_shipped,"(420, 4860, 604, 4955, 907.45)",0.0
Amount_shipped,"(420, 4860, 334, 4799, 1285.48)",0.0
Amount_shipped,"(420, 4860, 402, 4762, 1356.12)",0.0
Amount_shipped,"(420, 4880, 604, 4556, 10.77)",0.0
Amount_shipped,"(420, 4880, 545, 4715, 11.01)",0.0
Amount_shipped,"(420, 4880, 598, 4885, 11.15)",0.0
Amount_shipped,"(420, 4880, 622, 4729, 11.5)",0.0
Amount_shipped,"(420, 4880, 136, 4692, 11.61)",0.0
Amount_shipped,"(420, 4880, 494, 4926, 11.95)",0.0
Amount_shipped,"(420, 4880, 627, 4796, 12.52)",0.0
Amount_shipped,"(420, 4880, 604, 4624, 12.57)",0.0
Amount_shipped,"(420, 4880, 497, 4720, 12.7)",0.0
Amount_shipped,"(420, 4880, 503, 4807, 16.06)",0.0
Amount_shipped,"(420, 4880, 612, 4678, 16.32)",0.0
Amount_shipped,"(420, 4880, 345, 4695, 23.25)",0.0
Amount_shipped,"(420, 4880, 696, 4535, 23.59)",0.0
Amount_shipped,"(420, 4880, 250, 4682, 28.56)",0.0
Amount_shipped,"(420, 4880, 572, 4680, 30.45)",0.0
Amount_shipped,"(420, 4880, 371, 4764, 52.72)",0.0
Amount_shipped,"(420, 4880, 312, 4747, 62.13)",0.0
Amount_shipped,"(420, 4880, 417, 4874, 76.13)",0.0
Amount_shipped,"(420, 4880, 350, 4738, 111.96)",0.0
Amount_shipped,"(420, 4880, 327, 4722, 125.89)",0.0
Amount_shipped,"(420, 4880, 555, 4937, 127.49)",0.0
Amount_shipped,"(420, 4880, 239, 4765, 151.68)",0.0
Amount_shipped,"(420, 4880, 558, 4583, 208.94)",0.0
Amount_shipped,"(420, 4880, 592, 4773, 272.69)",0.0
Amount_shipped,"(420, 4880, 303, 4682, 594.76)",0.0
Amount_shipped,"(420, 4880, 519, 4618, 758.82)",0.0
Amount_shipped,"(420, 4880, 190, 4740, 907.18)",0.0
Amount_shipped,"(420, 4880, 604, 4955, 907.45)",0.0
Amount_shipped,"(420, 4880, 334, 4799, 1285.48)",0.0
Amount_shipped,"(420, 4880, 402, 4762, 1356.12)",0.0
Amount_shipped,"(420, 4900, 604, 4556, 10.77)",0.0
Amount_shipped,"(420, 4900, 545, 4715, 11.01)",0.0
Amount_shipped,"(420, 4900, 598, 4885, 11.15)",0.0
Amount_shipped,"(420, 4900, 622, 4729, 11.5)",0.0
Amount_shipped,"(420, 4900, 136, 4692, 11.61)",0.0
Amount_shipped,"(420, 4900, 494, 4926, 11.95)",0.0
Amount_shipped,"(420, 4900, 627, 4796, 12.52)",0.0
Amount_shipped,"(420, 4900, 604, 4624, 12.57)",0.0
Amount_shipped,"(420, 4900, 497, 4720, 12.7)",0.0
Amount_shipped,"(420, 4900, 503, 4807, 16.06)",0.0
Amount_shipped,"(420, 4900, 612, 4678, 16.32)",0.0
Amount_shipped,"(420, 4900, 345, 4695, 23.25)",0.0
Amount_shipped,"(420, 4900, 696, 4535, 23.59)",0.0
Amount_shipped,"(420, 4900, 250, 4682, 28.56)",0.0
Amount_shipped,"(420, 4900, 572, 4680, 30.45)",0.0
Amount_shipped,"(420, 4900, 371, 4764, 52.72)",0.0
Amount_shipped,"(420, 4900, 312, 4747, 62.13)",0.0
Amount_shipped,"(420, 4900, 417, 4874, 76.13)",0.0
Amount_shipped,"(420, 4900, 350, 4738, 111.96)",0.0
Amount_shipped,"(420, 4900, 327, 4722, 125.89)",0.0
Amount_shipped,"(420, 4900, 555, 4937, 127.49)",0.0
Amount_shipped,"(420, 4900, 239, 4765, 151.68)",0.0
Amount_shipped,"(420, 4900, 558, 4583, 208.94)",0.0
Amount_shipped,"(420, 4900, 592, 4773, 272.69)",0.0
Amount_shipped,"(420, 4900, 303, 4682, 594.76)",0.0
Amount_shipped,"(420, 4900, 519, 4618, 758.82)",0.0
Amount_shipped,"(420, 4900, 190, 4740, 907.18)",0.0
Amount_shipped,"(420, 4900, 604, 4955, 907.45)",0.0
Amount_shipped,"(420, 4900, 334, 4799, 1285.48)",0.0
Amount_shipped,"(420, 4900, 402, 4762, 1356.12)",0.0
Amount_shipped,"(420, 4920, 604, 4556, 10.77)",0.0
Amount_shipped,"(420, 4920, 545, 4715, 11.01)",0.0
Amount_shipped,"(420, 4920, 598, 4885, 11.15)",0.0
Amount_shipped,"(420, 4920, 622, 4729, 11.5)",0.0
Amount_shipped,"(420, 4920, 136, 4692, 11.61)",0.0
Amount_shipped,"(420, 4920, 494, 4926, 11.95)",0.0
Amount_shipped,"(420, 4920, 627, 4796, 12.52)",0.0
Amount_shipped,"(420, 4920, 604, 4624, 12.57)",0.0
Amount_shipped,"(420, 4920, 497, 4720, 12.7)",0.0
Amount_shipped,"(420, 4920, 503, 4807, 16.06)",0.0
Amount_shipped,"(420, 4920, 612, 4678, 16.32)",0.0
Amount_shipped,"(420, 4920, 345, 4695, 23.25)",0.0
Amount_shipped,"(420, 4920, 696, 4535, 23.59)",0.0
Amount_shipped,"(420, 4920, 250, 4682, 28.56)",0.0
Amount_shipped,"(420, 4920, 572, 4680, 30.45)",0.0
Amount_shipped,"(420, 4920, 371, 4764, 52.72)",0.0
Amount_shipped,"(420, 4920, 312, 4747, 62.13)",0.0
Amount_shipped,"(420, 4920, 417, 4874, 76.13)",0.0
Amount_shipped,"(420, 4920, 350, 4738, 111.96)",0.0
Amount_shipped,"(420, 4920, 327, 4722, 125.89)",0.0
Amount_shipped,"(420, 4920, 555, 4937, 127.49)",0.0
Amount_shipped,"(420, 4920, 239, 4765, 151.68)",0.0
Amount_shipped,"(420, 4920, 558, 4583, 208.94)",0.0
Amount_shipped,"(420, 4920, 592, 4773, 272.69)",0.0
Amount_shipped,"(420, 4920, 303, 4682, 594.76)",0.0
Amount_shipped,"(420, 4920, 519, 4618, 758.82)",0.0
Amount_shipped,"(420, 4920, 190, 4740, 907.18)",0.0
Amount_shipped,"(420, 4920, 604, 4955, 907.45)",0.0
Amount_shipped,"(420, 4920, 334, 4799, 1285.48)",0.0
Amount_shipped,"(420, 4920, 402, 4762, 1356.12)",0.0
Amount_shipped,"(420, 4940, 604, 4556, 10.77)",0.0
Amount_shipped,"(420, 4940, 545, 4715, 11.01)",0.0
Amount_shipped,"(420, 4940, 598, 4885, 11.15)",0.0
Amount_shipped,"(420, 4940, 622, 4729, 11.5)",0.0
Amount_shipped,"(420, 4940, 136, 4692, 11.61)",0.0
Amount_shipped,"(420, 4940, 494, 4926, 11.95)",0.0
Amount_shipped,"(420, 4940, 627, 4796, 12.52)",0.0
Amount_shipped,"(420, 4940, 604, 4624, 12.57)",0.0
Amount_shipped,"(420, 4940, 497, 4720, 12.7)",0.0
Amount_shipped,"(420, 4940, 503, 4807, 16.06)",0.0
Amount_shipped,"(420, 4940, 612, 4678, 16.32)",0.0
Amount_shipped,"(420, 4940, 345, 4695, 23.25)",0.0
Amount_shipped,"(420, 4940, 696, 4535, 23.59)",0.0
Amount_shipped,"(420, 4940, 250, 4682, 28.56)",0.0
Amount_shipped,"(420, 4940, 572, 4680, 30.45)",0.0
Amount_shipped,"(420, 4940, 371, 4764, 52.72)",0.0
Amount_shipped,"(420, 4940, 312, 4747, 62.13)",0.0
Amount_shipped,"(420, 4940, 417, 4874, 76.13)",0.0
Amount_shipped,"(420, 4940, 350, 4738, 111.96)",0.0
Amount_shipped,"(420, 4940, 327, 4722, 125.89)",0.0
Amount_shipped,"(420, 4940, 555, 4937, 127.49)",0.0
Amount_shipped,"(420, 4940, 239, 4765, 151.68)",0.0
Amount_shipped,"(420, 4940, 558, 4583, 208.94)",0.0
Amount_shipped,"(420, 4940, 592, 4773, 272.69)",0.0
Amount_shipped,"(420, 4940, 303, 4682, 594.76)",0.0
Amount_shipped,"(420, 4940, 519, 4618, 758.82)",0.0
Amount_shipped,"(420, 4940, 190, 4740, 907.18)",0.0
Amount_shipped,"(420, 4940, 604, 4955, 907.45)",0.0
Amount_shipped,"(420, 4940, 334, 4799, 1285.48)",0.0
Amount_shipped,"(420, 4940, 402, 4762, 1356.12)",0.0
Amount_shipped,"(420, 4960, 604, 4556, 10.77)",0.0
Amount_shipped,"(420, 4960, 545, 4715, 11.01)",0.0
Amount_shipped,"(420, 4960, 598, 4885, 11.15)",0.0
Amount_shipped,"(420, 4960, 622, 4729, 11.5)",0.0
Amount_shipped,"(420, 4960, 136, 4692, 11.61)",0.0
Amount_shipped,"(420, 4960, 494, 4926, 11.95)",0.0
Amount_shipped,"(420, 4960, 627, 4796, 12.52)",0.0
Amount_shipped,"(420, 4960, 604, 4624, 12.57)",0.0
Amount_shipped,"(420, 4960, 497, 4720, 12.7)",0.0
Amount_shipped,"(420, 4960, 503, 4807, 16.06)",0.0
Amount_shipped,"(420, 4960, 612, 4678, 16.32)",0.0
Amount_shipped,"(420, 4960, 345, 4695, 23.25)",0.0
Amount_shipped,"(420, 4960, 696, 4535, 23.59)",0.0
Amount_shipped,"(420, 4960, 250, 4682, 28.56)",0.0
Amount_shipped,"(420, 4960, 572, 4680, 30.45)",0.0
Amount_shipped,"(420, 4960, 371, 4764, 52.72)",0.0
Amount_shipped,"(420, 4960, 312, 4747, 62.13)",0.0
Amount_shipped,"(420, 4960, 417, 4874, 76.13)",0.0
Amount_shipped,"(420, 4960, 350, 4738, 111.96)",0.0
Amount_shipped,"(420, 4960, 327, 4722, 125.89)",0.0
Amount_shipped,"(420, 4960, 555, 4937, 127.49)",0.0
Amount_shipped,"(420, 4960, 239, 4765, 151.68)",0.0
Amount_shipped,"(420, 4960, 558, 4583, 208.94)",0.0
Amount_shipped,"(420, 4960, 592, 4773, 272.69)",0.0
Amount_shipped,"(420, 4960, 303, 4682, 594.76)",0.0
Amount_shipped,"(420, 4960, 519, 4618, 758.82)",0.0
Amount_shipped,"(420, 4960, 190, 4740, 907.18)",0.0
Amount_shipped,"(420, 4960, 604, 4955, 907.45)",0.0
Amount_shipped,"(420, 4960, 334, 4799, 1285.48)",0.0
Amount_shipped,"(420, 4960, 402, 4762, 1356.12)",0.0
Amount_shipped,"(420, 4980, 604, 4556, 10.77)",0.0
Amount_shipped,"(420, 4980, 545, 4715, 11.01)",0.0
Amount_shipped,"(420, 4980, 598, 4885, 11.15)",0.0
Amount_shipped,"(420, 4980, 622, 4729, 11.5)",0.0
Amount_shipped,"(420, 4980, 136, 4692, 11.61)",0.0
Amount_shipped,"(420, 4980, 494, 4926, 11.95)",0.0
Amount_shipped,"(420, 4980, 627, 4796, 12.52)",0.0
Amount_shipped,"(420, 4980, 604, 4624, 12.57)",0.0
Amount_shipped,"(420, 4980, 497, 4720, 12.7)",0.0
Amount_shipped,"(420, 4980, 503, 4807, 16.06)",0.0
Amount_shipped,"(420, 4980, 612, 4678, 16.32)",0.0
Amount_shipped,"(420, 4980, 345, 4695, 23.25)",0.0
Amount_shipped,"(420, 4980, 696, 4535, 23.59)",0.0
Amount_shipped,"(420, 4980, 250, 4682, 28.56)",0.0
Amount_shipped,"(420, 4980, 572, 4680, 30.45)",0.0
Amount_shipped,"(420, 4980, 371, 4764, 52.72)",0.0
Amount_shipped,"(420, 4980, 312, 4747, 62.13)",0.0
Amount_shipped,"(420, 4980, 417, 4874, 76.13)",0.0
Amount_shipped,"(420, 4980, 350, 4738, 111.96)",0.0
Amount_shipped,"(420, 4980, 327, 4722, 125.89)",0.0
Amount_shipped,"(420, 4980, 555, 4937, 127.49)",0.0
Amount_shipped,"(420, 4980, 239, 4765, 151.68)",0.0
Amount_shipped,"(420, 4980, 558, 4583, 208.94)",0.0
Amount_shipped,"(420, 4980, 592, 4773, 272.69)",0.0
Amount_shipped,"(420, 4980, 303, 4682, 594.76)",0.0
Amount_shipped,"(420, 4980, 519, 4618, 758.82)",0.0
Amount_shipped,"(420, 4980, 190, 4740, 907.18)",0.0
Amount_shipped,"(420, 4980, 604, 4955, 907.45)",0.0
Amount_shipped,"(420, 4980, 334, 4799, 1285.48)",0.0
Amount_shipped,"(420, 4980, 402, 4762, 1356.12)",0.0
Amount_shipped,"(440, 4440, 604, 4556, 10.77)",0.0
Amount_shipped,"(440, 4440, 545, 4715, 11.01)",0.0
Amount_shipped,"(440, 4440, 598, 4885, 11.15)",0.0
Amount_shipped,"(440, 4440, 622, 4729, 11.5)",0.0
Amount_shipped,"(440, 4440, 136, 4692, 11.61)",0.0
Amount_shipped,"(440, 4440, 494, 4926, 11.95)",0.0
Amount_shipped,"(440, 4440, 627, 4796, 12.52)",0.0
Amount_shipped,"(440, 4440, 604, 4624, 12.57)",0.0
Amount_shipped,"(440, 4440, 497, 4720, 12.7)",0.0
Amount_shipped,"(440, 4440, 503, 4807, 16.06)",0.0
Amount_shipped,"(440, 4440, 612, 4678, 16.32)",0.0
Amount_shipped,"(440, 4440, 345, 4695, 23.25)",0.0
Amount_shipped,"(440, 4440, 696, 4535, 23.59)",0.0
Amount_shipped,"(440, 4440, 250, 4682, 28.56)",0.0
Amount_shipped,"(440, 4440, 572, 4680, 30.45)",0.0
Amount_shipped,"(440, 4440, 371, 4764, 52.72)",0.0
Amount_shipped,"(440, 4440, 312, 4747, 62.13)",0.0
Amount_shipped,"(440, 4440, 417, 4874, 76.13)",0.0
Amount_shipped,"(440, 4440, 350, 4738, 111.96)",0.0
Amount_shipped,"(440, 4440, 327, 4722, 125.89)",0.0
Amount_shipped,"(440, 4440, 555, 4937, 127.49)",0.0
Amount_shipped,"(440, 4440, 239, 4765, 151.68)",0.0
Amount_shipped,"(440, 4440, 558, 4583, 208.94)",0.0
Amount_shipped,"(440, 4440, 592, 4773, 272.69)",0.0
Amount_shipped,"(440, 4440, 303, 4682, 594.76)",0.0
Amount_shipped,"(440, 4440, 519, 4618, 758.82)",0.0
Amount_shipped,"(440, 4440, 190, 4740, 907.18)",0.0
Amount_shipped,"(440, 4440, 604, 4955, 907.45)",0.0
Amount_shipped,"(440, 4440, 334, 4799, 1285.48)",0.0
Amount_shipped,"(440, 4440, 402, 4762, 1356.12)",0.0
Amount_shipped,"(440, 4460, 604, 4556, 10.77)",0.0
Amount_shipped,"(440, 4460, 545, 4715, 11.01)",0.0
Amount_shipped,"(440, 4460, 598, 4885, 11.15)",0.0
Amount_shipped,"(440, 4460, 622, 4729, 11.5)",0.0
Amount_shipped,"(440, 4460, 136, 4692, 11.61)",0.0
Amount_shipped,"(440, 4460, 494, 4926, 11.95)",0.0
Amount_shipped,"(440, 4460, 627, 4796, 12.52)",0.0
Amount_shipped,"(440, 4460, 604, 4624, 12.57)",0.0
Amount_shipped,"(440, 4460, 497, 4720, 12.7)",0.0
Amount_shipped,"(440, 4460, 503, 4807, 16.06)",0.0
Amount_shipped,"(440, 4460, 612, 4678, 16.32)",0.0
Amount_shipped,"(440, 4460, 345, 4695, 23.25)",0.0
Amount_shipped,"(440, 4460, 696, 4535, 23.59)",0.0
Amount_shipped,"(440, 4460, 250, 4682, 28.56)",0.0
Amount_shipped,"(440, 4460, 572, 4680, 30.45)",0.0
Amount_shipped,"(440, 4460, 371, 4764, 52.72)",0.0
Amount_shipped,"(440, 4460, 312, 4747, 62.13)",0.0
Amount_shipped,"(440, 4460, 417, 4874, 76.13)",0.0
Amount_shipped,"(440, 4460, 350, 4738, 111.96)",0.0
Amount_shipped,"(440, 4460, 327, 4722, 125.89)",0.0
Amount_shipped,"(440, 4460, 555, 4937, 127.49)",0.0
Amount_shipped,"(440, 4460, 239, 4765, 151.68)",0.0
Amount_shipped,"(440, 4460, 558, 4583, 208.94)",0.0
Amount_shipped,"(440, 4460, 592, 4773, 272.69)",0.0
Amount_shipped,"(440, 4460, 303, 4682, 594.76)",0.0
Amount_shipped,"(440, 4460, 519, 4618, 758.82)",0.0
Amount_shipped,"(440, 4460, 190, 4740, 907.18)",0.0
Amount_shipped,"(440, 4460, 604, 4955, 907.45)",0.0
Amount_shipped,"(440, 4460, 334, 4799, 1285.48)",0.0
Amount_shipped,"(440, 4460, 402, 4762, 1356.12)",0.0
Amount_shipped,"(440, 4480, 604, 4556, 10.77)",0.0
Amount_shipped,"(440, 4480, 545, 4715, 11.01)",0.0
Amount_shipped,"(440, 4480, 598, 4885, 11.15)",0.0
Amount_shipped,"(440, 4480, 622, 4729, 11.5)",0.0
Amount_shipped,"(440, 4480, 136, 4692, 11.61)",0.0
Amount_shipped,"(440, 4480, 494, 4926, 11.95)",0.0
Amount_shipped,"(440, 4480, 627, 4796, 12.52)",0.0
Amount_shipped,"(440, 4480, 604, 4624, 12.57)",0.0
Amount_shipped,"(440, 4480, 497, 4720, 12.7)",0.0
Amount_shipped,"(440, 4480, 503, 4807, 16.06)",0.0
Amount_shipped,"(440, 4480, 612, 4678, 16.32)",0.0
Amount_shipped,"(440, 4480, 345, 4695, 23.25)",0.0
Amount_shipped,"(440, 4480, 696, 4535, 23.59)",0.0
Amount_shipped,"(440, 4480, 250, 4682, 28.56)",0.0
Amount_shipped,"(440, 4480, 572, 4680, 30.45)",0.0
Amount_shipped,"(440, 4480, 371, 4764, 52.72)",0.0
Amount_shipped,"(440, 4480, 312, 4747, 62.13)",0.0
Amount_shipped,"(440, 4480, 417, 4874, 76.13)",0.0
Amount_shipped,"(440, 4480, 350, 4738, 111.96)",0.0
Amount_shipped,"(440, 4480, 327, 4722, 125.89)",0.0
Amount_shipped,"(440, 4480, 555, 4937, 127.49)",0.0
Amount_shipped,"(440, 4480, 239, 4765, 151.68)",0.0
Amount_shipped,"(440, 4480, 558, 4583, 208.94)",0.0
Amount_shipped,"(440, 4480, 592, 4773, 272.69)",0.0
Amount_shipped,"(440, 4480, 303, 4682, 594.76)",0.0
Amount_shipped,"(440, 4480, 519, 4618, 758.82)",0.0
Amount_shipped,"(440, 4480, 190, 4740, 907.18)",0.0
Amount_shipped,"(440, 4480, 604, 4955, 907.45)",0.0
Amount_shipped,"(440, 4480, 334, 4799, 1285.48)",0.0
Amount_shipped,"(440, 4480, 402, 4762, 1356.12)",0.0
Amount_shipped,"(440, 4500, 604, 4556, 10.77)",0.0
Amount_shipped,"(440, 4500, 545, 4715, 11.01)",0.0
Amount_shipped,"(440, 4500, 598, 4885, 11.15)",0.0
Amount_shipped,"(440, 4500, 622, 4729, 11.5)",0.0
Amount_shipped,"(440, 4500, 136, 4692, 11.61)",0.0
Amount_shipped,"(440, 4500, 494, 4926, 11.95)",0.0
Amount_shipped,"(440, 4500, 627, 4796, 12.52)",0.0
Amount_shipped,"(440, 4500, 604, 4624, 12.57)",0.0
Amount_shipped,"(440, 4500, 497, 4720, 12.7)",0.0
Amount_shipped,"(440, 4500, 503, 4807, 16.06)",0.0
Amount_shipped,"(440, 4500, 612, 4678, 16.32)",0.0
Amount_shipped,"(440, 4500, 345, 4695, 23.25)",0.0
Amount_shipped,"(440, 4500, 696, 4535, 23.59)",0.0
Amount_shipped,"(440, 4500, 250, 4682, 28.56)",0.0
Amount_shipped,"(440, 4500, 572, 4680, 30.45)",0.0
Amount_shipped,"(440, 4500, 371, 4764, 52.72)",0.0
Amount_shipped,"(440, 4500, 312, 4747, 62.13)",0.0
Amount_shipped,"(440, 4500, 417, 4874, 76.13)",0.0
Amount_shipped,"(440, 4500, 350, 4738, 111.96)",0.0
Amount_shipped,"(440, 4500, 327, 4722, 125.89)",0.0
Amount_shipped,"(440, 4500, 555, 4937, 127.49)",0.0
Amount_shipped,"(440, 4500, 239, 4765, 151.68)",0.0
Amount_shipped,"(440, 4500, 558, 4583, 208.94)",0.0
Amount_shipped,"(440, 4500, 592, 4773, 272.69)",0.0
Amount_shipped,"(440, 4500, 303, 4682, 594.76)",0.0
Amount_shipped,"(440, 4500, 519, 4618, 758.82)",0.0
Amount_shipped,"(440, 4500, 190, 4740, 907.18)",0.0
Amount_shipped,"(440, 4500, 604, 4955, 907.45)",0.0
Amount_shipped,"(440, 4500, 334, 4799, 1285.48)",0.0
Amount_shipped,"(440, 4500, 402, 4762, 1356.12)",0.0
Amount_shipped,"(440, 4520, 604, 4556, 10.77)",0.0
Amount_shipped,"(440, 4520, 545, 4715, 11.01)",0.0
Amount_shipped,"(440, 4520, 598, 4885, 11.15)",0.0
Amount_shipped,"(440, 4520, 622, 4729, 11.5)",0.0
Amount_shipped,"(440, 4520, 136, 4692, 11.61)",0.0
Amount_shipped,"(440, 4520, 494, 4926, 11.95)",0.0
Amount_shipped,"(440, 4520, 627, 4796, 12.52)",0.0
Amount_shipped,"(440, 4520, 604, 4624, 12.57)",0.0
Amount_shipped,"(440, 4520, 497, 4720, 12.7)",0.0
Amount_shipped,"(440, 4520, 503, 4807, 16.06)",0.0
Amount_shipped,"(440, 4520, 612, 4678, 16.32)",0.0
Amount_shipped,"(440, 4520, 345, 4695, 23.25)",0.0
Amount_shipped,"(440, 4520, 696, 4535, 23.59)",0.0
Amount_shipped,"(440, 4520, 250, 4682, 28.56)",0.0
Amount_shipped,"(440, 4520, 572, 4680, 30.45)",0.0
Amount_shipped,"(440, 4520, 371, 4764, 52.72)",0.0
Amount_shipped,"(440, 4520, 312, 4747, 62.13)",0.0
Amount_shipped,"(440, 4520, 417, 4874, 76.13)",0.0
Amount_shipped,"(440, 4520, 350, 4738, 111.96)",0.0
Amount_shipped,"(440, 4520, 327, 4722, 125.89)",0.0
Amount_shipped,"(440, 4520, 555, 4937, 127.49)",0.0
Amount_shipped,"(440, 4520, 239, 4765, 151.68)",0.0
Amount_shipped,"(440, 4520, 558, 4583, 208.94)",0.0
Amount_shipped,"(440, 4520, 592, 4773, 272.69)",0.0
Amount_shipped,"(440, 4520, 303, 4682, 594.76)",0.0
Amount_shipped,"(440, 4520, 519, 4618, 758.82)",0.0
Amount_shipped,"(440, 4520, 190, 4740, 907.18)",0.0
Amount_shipped,"(440, 4520, 604, 4955, 907.45)",0.0
Amount_shipped,"(440, 4520, 334, 4799, 1285.48)",0.0
Amount_shipped,"(440, 4520, 402, 4762, 1356.12)",0.0
Amount_shipped,"(440, 4540, 604, 4556, 10.77)",0.0
Amount_shipped,"(440, 4540, 545, 4715, 11.01)",0.0
Amount_shipped,"(440, 4540, 598, 4885, 11.15)",0.0
Amount_shipped,"(440, 4540, 622, 4729, 11.5)",0.0
Amount_shipped,"(440, 4540, 136, 4692, 11.61)",0.0
Amount_shipped,"(440, 4540, 494, 4926, 11.95)",0.0
Amount_shipped,"(440, 4540, 627, 4796, 12.52)",0.0
Amount_shipped,"(440, 4540, 604, 4624, 12.57)",0.0
Amount_shipped,"(440, 4540, 497, 4720, 12.7)",0.0
Amount_shipped,"(440, 4540, 503, 4807, 16.06)",0.0
Amount_shipped,"(440, 4540, 612, 4678, 16.32)",0.0
Amount_shipped,"(440, 4540, 345, 4695, 23.25)",0.0
Amount_shipped,"(440, 4540, 696, 4535, 23.59)",0.0
Amount_shipped,"(440, 4540, 250, 4682, 28.56)",0.0
Amount_shipped,"(440, 4540, 572, 4680, 30.45)",0.0
Amount_shipped,"(440, 4540, 371, 4764, 52.72)",0.0
Amount_shipped,"(440, 4540, 312, 4747, 62.13)",0.0
Amount_shipped,"(440, 4540, 417, 4874, 76.13)",0.0
Amount_shipped,"(440, 4540, 350, 4738, 111.96)",0.0
Amount_shipped,"(440, 4540, 327, 4722, 125.89)",0.0
Amount_shipped,"(440, 4540, 555, 4937, 127.49)",0.0
Amount_shipped,"(440, 4540, 239, 4765, 151.68)",0.0
Amount_shipped,"(440, 4540, 558, 4583, 208.94)",0.0
Amount_shipped,"(440, 4540, 592, 4773, 272.69)",0.0
Amount_shipped,"(440, 4540, 303, 4682, 594.76)",0.0
Amount_shipped,"(440, 4540, 519, 4618, 758.82)",0.0
Amount_shipped,"(440, 4540, 190, 4740, 907.18)",0.0
Amount_shipped,"(440, 4540, 604, 4955, 907.45)",0.0
Amount_shipped,"(440, 4540, 334, 4799, 1285.48)",0.0
Amount_shipped,"(440, 4540, 402, 4762, 1356.12)",0.0
Amount_shipped,"(440, 4560, 604, 4556, 10.77)",0.0
Amount_shipped,"(440, 4560, 545, 4715, 11.01)",0.0
Amount_shipped,"(440, 4560, 598, 4885, 11.15)",0.0
Amount_shipped,"(440, 4560, 622, 4729, 11.5)",0.0
Amount_shipped,"(440, 4560, 136, 4692, 11.61)",0.0
Amount_shipped,"(440, 4560, 494, 4926, 11.95)",0.0
Amount_shipped,"(440, 4560, 627, 4796, 12.52)",0.0
Amount_shipped,"(440, 4560, 604, 4624, 12.57)",0.0
Amount_shipped,"(440, 4560, 497, 4720, 12.7)",0.0
Amount_shipped,"(440, 4560, 503, 4807, 16.06)",0.0
Amount_shipped,"(440, 4560, 612, 4678, 16.32)",0.0
Amount_shipped,"(440, 4560, 345, 4695, 23.25)",0.0
Amount_shipped,"(440, 4560, 696, 4535, 23.59)",0.0
Amount_shipped,"(440, 4560, 250, 4682, 28.56)",0.0
Amount_shipped,"(440, 4560, 572, 4680, 30.45)",0.0
Amount_shipped,"(440, 4560, 371, 4764, 52.72)",0.0
Amount_shipped,"(440, 4560, 312, 4747, 62.13)",0.0
Amount_shipped,"(440, 4560, 417, 4874, 76.13)",0.0
Amount_shipped,"(440, 4560, 350, 4738, 111.96)",0.0
Amount_shipped,"(440, 4560, 327, 4722, 125.89)",0.0
Amount_shipped,"(440, 4560, 555, 4937, 127.49)",0.0
Amount_shipped,"(440, 4560, 239, 4765, 151.68)",0.0
Amount_shipped,"(440, 4560, 558, 4583, 208.94)",0.0
Amount_shipped,"(440, 4560, 592, 4773, 272.69)",0.0
Amount_shipped,"(440, 4560, 303, 4682, 594.76)",0.0
Amount_shipped,"(440, 4560, 519, 4618, 758.82)",0.0
Amount_shipped,"(440, 4560, 190, 4740, 907.18)",0.0
Amount_shipped,"(440, 4560, 604, 4955, 907.45)",0.0
Amount_shipped,"(440, 4560, 334, 4799, 1285.48)",0.0
Amount_shipped,"(440, 4560, 402, 4762, 1356.12)",0.0
Amount_shipped,"(440, 4580, 604, 4556, 10.77)",0.0
Amount_shipped,"(440, 4580, 545, 4715, 11.01)",0.0
Amount_shipped,"(440, 4580, 598, 4885, 11.15)",0.0
Amount_shipped,"(440, 4580, 622, 4729, 11.5)",0.0
Amount_shipped,"(440, 4580, 136, 4692, 11.61)",0.0
Amount_shipped,"(440, 4580, 494, 4926, 11.95)",0.0
Amount_shipped,"(440, 4580, 627, 4796, 12.52)",0.0
Amount_shipped,"(440, 4580, 604, 4624, 12.57)",0.0
Amount_shipped,"(440, 4580, 497, 4720, 12.7)",0.0
Amount_shipped,"(440, 4580, 503, 4807, 16.06)",0.0
Amount_shipped,"(440, 4580, 612, 4678, 16.32)",0.0
Amount_shipped,"(440, 4580, 345, 4695, 23.25)",0.0
Amount_shipped,"(440, 4580, 696, 4535, 23.59)",0.0
Amount_shipped,"(440, 4580, 250, 4682, 28.56)",0.0
Amount_shipped,"(440, 4580, 572, 4680, 30.45)",0.0
Amount_shipped,"(440, 4580, 371, 4764, 52.72)",0.0
Amount_shipped,"(440, 4580, 312, 4747, 62.13)",0.0
Amount_shipped,"(440, 4580, 417, 4874, 76.13)",0.0
Amount_shipped,"(440, 4580, 350, 4738, 111.96)",0.0
Amount_shipped,"(440, 4580, 327, 4722, 125.89)",0.0
Amount_shipped,"(440, 4580, 555, 4937, 127.49)",0.0
Amount_shipped,"(440, 4580, 239, 4765, 151.68)",0.0
Amount_shipped,"(440, 4580, 558, 4583, 208.94)",0.0
Amount_shipped,"(440, 4580, 592, 4773, 272.69)",0.0
Amount_shipped,"(440, 4580, 303, 4682, 594.76)",0.0
Amount_shipped,"(440, 4580, 519, 4618, 758.82)",0.0
Amount_shipped,"(440, 4580, 190, 4740, 907.18)",0.0
Amount_shipped,"(440, 4580, 604, 4955, 907.45)",0.0
Amount_shipped,"(440, 4580, 334, 4799, 1285.48)",0.0
Amount_shipped,"(440, 4580, 402, 4762, 1356.12)",0.0
Amount_shipped,"(440, 4600, 604, 4556, 10.77)",0.0
Amount_shipped,"(440, 4600, 545, 4715, 11.01)",0.0
Amount_shipped,"(440, 4600, 598, 4885, 11.15)",0.0
Amount_shipped,"(440, 4600, 622, 4729, 11.5)",0.0
Amount_shipped,"(440, 4600, 136, 4692, 11.61)",0.0
Amount_shipped,"(440, 4600, 494, 4926, 11.95)",0.0
Amount_shipped,"(440, 4600, 627, 4796, 12.52)",0.0
Amount_shipped,"(440, 4600, 604, 4624, 12.57)",0.0
Amount_shipped,"(440, 4600, 497, 4720, 12.7)",0.0
Amount_shipped,"(440, 4600, 503, 4807, 16.06)",0.0
Amount_shipped,"(440, 4600, 612, 4678, 16.32)",0.0
Amount_shipped,"(440, 4600, 345, 4695, 23.25)",0.0
Amount_shipped,"(440, 4600, 696, 4535, 23.59)",0.0
Amount_shipped,"(440, 4600, 250, 4682, 28.56)",0.0
Amount_shipped,"(440, 4600, 572, 4680, 30.45)",0.0
Amount_shipped,"(440, 4600, 371, 4764, 52.72)",0.0
Amount_shipped,"(440, 4600, 312, 4747, 62.13)",0.0
Amount_shipped,"(440, 4600, 417, 4874, 76.13)",0.0
Amount_shipped,"(440, 4600, 350, 4738, 111.96)",0.0
Amount_shipped,"(440, 4600, 327, 4722, 125.89)",0.0
Amount_shipped,"(440, 4600, 555, 4937, 127.49)",0.0
Amount_shipped,"(440, 4600, 239, 4765, 151.68)",0.0
Amount_shipped,"(440, 4600, 558, 4583, 208.94)",0.0
Amount_shipped,"(440, 4600, 592, 4773, 272.69)",0.0
Amount_shipped,"(440, 4600, 303, 4682, 594.76)",0.0
Amount_shipped,"(440, 4600, 519, 4618, 758.82)",0.0
Amount_shipped,"(440, 4600, 190, 4740, 907.18)",0.0
Amount_shipped,"(440, 4600, 604, 4955, 907.45)",0.0
Amount_shipped,"(440, 4600, 334, 4799, 1285.48)",0.0
Amount_shipped,"(440, 4600, 402, 4762, 1356.12)",0.0
Amount_shipped,"(440, 4620, 604, 4556, 10.77)",0.0
Amount_shipped,"(440, 4620, 545, 4715, 11.01)",0.0
Amount_shipped,"(440, 4620, 598, 4885, 11.15)",0.0
Amount_shipped,"(440, 4620, 622, 4729, 11.5)",0.0
Amount_shipped,"(440, 4620, 136, 4692, 11.61)",0.0
Amount_shipped,"(440, 4620, 494, 4926, 11.95)",0.0
Amount_shipped,"(440, 4620, 627, 4796, 12.52)",0.0
Amount_shipped,"(440, 4620, 604, 4624, 12.57)",0.0
Amount_shipped,"(440, 4620, 497, 4720, 12.7)",0.0
Amount_shipped,"(440, 4620, 503, 4807, 16.06)",0.0
Amount_shipped,"(440, 4620, 612, 4678, 16.32)",0.0
Amount_shipped,"(440, 4620, 345, 4695, 23.25)",0.0
Amount_shipped,"(440, 4620, 696, 4535, 23.59)",0.0
Amount_shipped,"(440, 4620, 250, 4682, 28.56)",0.0
Amount_shipped,"(440, 4620, 572, 4680, 30.45)",0.0
Amount_shipped,"(440, 4620, 371, 4764, 52.72)",0.0
Amount_shipped,"(440, 4620, 312, 4747, 62.13)",0.0
Amount_shipped,"(440, 4620, 417, 4874, 76.13)",0.0
Amount_shipped,"(440, 4620, 350, 4738, 111.96)",0.0
Amount_shipped,"(440, 4620, 327, 4722, 125.89)",0.0
Amount_shipped,"(440, 4620, 555, 4937, 127.49)",0.0
Amount_shipped,"(440, 4620, 239, 4765, 151.68)",0.0
Amount_shipped,"(440, 4620, 558, 4583, 208.94)",0.0
Amount_shipped,"(440, 4620, 592, 4773, 272.69)",0.0
Amount_shipped,"(440, 4620, 303, 4682, 594.76)",0.0
Amount_shipped,"(440, 4620, 519, 4618, 758.82)",0.0
Amount_shipped,"(440, 4620, 190, 4740, 907.18)",0.0
Amount_shipped,"(440, 4620, 604, 4955, 907.45)",0.0
Amount_shipped,"(440, 4620, 334, 4799, 1285.48)",0.0
Amount_shipped,"(440, 4620, 402, 4762, 1356.12)",0.0
Amount_shipped,"(440, 4640, 604, 4556, 10.77)",0.0
Amount_shipped,"(440, 4640, 545, 4715, 11.01)",0.0
Amount_shipped,"(440, 4640, 598, 4885, 11.15)",0.0
Amount_shipped,"(440, 4640, 622, 4729, 11.5)",0.0
Amount_shipped,"(440, 4640, 136, 4692, 11.61)",0.0
Amount_shipped,"(440, 4640, 494, 4926, 11.95)",0.0
Amount_shipped,"(440, 4640, 627, 4796, 12.52)",0.0
Amount_shipped,"(440, 4640, 604, 4624, 12.57)",0.0
Amount_shipped,"(440, 4640, 497, 4720, 12.7)",0.0
Amount_shipped,"(440, 4640, 503, 4807, 16.06)",0.0
Amount_shipped,"(440, 4640, 612, 4678, 16.32)",0.0
Amount_shipped,"(440, 4640, 345, 4695, 23.25)",0.0
Amount_shipped,"(440, 4640, 696, 4535, 23.59)",0.0
Amount_shipped,"(440, 4640, 250, 4682, 28.56)",0.0
Amount_shipped,"(440, 4640, 572, 4680, 30.45)",0.0
Amount_shipped,"(440, 4640, 371, 4764, 52.72)",0.0
Amount_shipped,"(440, 4640, 312, 4747, 62.13)",0.0
Amount_shipped,"(440, 4640, 417, 4874, 76.13)",0.0
Amount_shipped,"(440, 4640, 350, 4738, 111.96)",0.0
Amount_shipped,"(440, 4640, 327, 4722, 125.89)",0.0
Amount_shipped,"(440, 4640, 555, 4937, 127.49)",0.0
Amount_shipped,"(440, 4640, 239, 4765, 151.68)",0.0
Amount_shipped,"(440, 4640, 558, 4583, 208.94)",0.0
Amount_shipped,"(440, 4640, 592, 4773, 272.69)",0.0
Amount_shipped,"(440, 4640, 303, 4682, 594.76)",0.0
Amount_shipped,"(440, 4640, 519, 4618, 758.82)",0.0
Amount_shipped,"(440, 4640, 190, 4740, 907.18)",0.0
Amount_shipped,"(440, 4640, 604, 4955, 907.45)",0.0
Amount_shipped,"(440, 4640, 334, 4799, 1285.48)",0.0
Amount_shipped,"(440, 4640, 402, 4762, 1356.12)",0.0
Amount_shipped,"(440, 4660, 604, 4556, 10.77)",0.0
Amount_shipped,"(440, 4660, 545, 4715, 11.01)",0.0
Amount_shipped,"(440, 4660, 598, 4885, 11.15)",0.0
Amount_shipped,"(440, 4660, 622, 4729, 11.5)",0.0
Amount_shipped,"(440, 4660, 136, 4692, 11.61)",0.0
Amount_shipped,"(440, 4660, 494, 4926, 11.95)",0.0
Amount_shipped,"(440, 4660, 627, 4796, 12.52)",0.0
Amount_shipped,"(440, 4660, 604, 4624, 12.57)",0.0
Amount_shipped,"(440, 4660, 497, 4720, 12.7)",0.0
Amount_shipped,"(440, 4660, 503, 4807, 16.06)",0.0
Amount_shipped,"(440, 4660, 612, 4678, 16.32)",0.0
Amount_shipped,"(440, 4660, 345, 4695, 23.25)",0.0
Amount_shipped,"(440, 4660, 696, 4535, 23.59)",0.0
Amount_shipped,"(440, 4660, 250, 4682, 28.56)",0.0
Amount_shipped,"(440, 4660, 572, 4680, 30.45)",0.0
Amount_shipped,"(440, 4660, 371, 4764, 52.72)",0.0
Amount_shipped,"(440, 4660, 312, 4747, 62.13)",0.0
Amount_shipped,"(440, 4660, 417, 4874, 76.13)",0.0
Amount_shipped,"(440, 4660, 350, 4738, 111.96)",0.0
Amount_shipped,"(440, 4660, 327, 4722, 125.89)",0.0
Amount_shipped,"(440, 4660, 555, 4937, 127.49)",0.0
Amount_shipped,"(440, 4660, 239, 4765, 151.68)",0.0
Amount_shipped,"(440, 4660, 558, 4583, 208.94)",0.0
Amount_shipped,"(440, 4660, 592, 4773, 272.69)",0.0
Amount_shipped,"(440, 4660, 303, 4682, 594.76)",0.0
Amount_shipped,"(440, 4660, 519, 4618, 758.82)",0.0
Amount_shipped,"(440, 4660, 190, 4740, 907.18)",0.0
Amount_shipped,"(440, 4660, 604, 4955, 907.45)",0.0
Amount_shipped,"(440, 4660, 334, 4799, 1285.48)",0.0
Amount_shipped,"(440, 4660, 402, 4762, 1356.12)",0.0
Amount_shipped,"(440, 4680, 604, 4556, 10.77)",0.0
Amount_shipped,"(440, 4680, 545, 4715, 11.01)",0.0
Amount_shipped,"(440, 4680, 598, 4885, 11.15)",0.0
Amount_shipped,"(440, 4680, 622, 4729, 11.5)",0.0
Amount_shipped,"(440, 4680, 136, 4692, 11.61)",0.0
Amount_shipped,"(440, 4680, 494, 4926, 11.95)",0.0
Amount_shipped,"(440, 4680, 627, 4796, 12.52)",0.0
Amount_shipped,"(440, 4680, 604, 4624, 12.57)",0.0
Amount_shipped,"(440, 4680, 497, 4720, 12.7)",0.0
Amount_shipped,"(440, 4680, 503, 4807, 16.06)",0.0
Amount_shipped,"(440, 4680, 612, 4678, 16.32)",0.0
Amount_shipped,"(440, 4680, 345, 4695, 23.25)",0.0
Amount_shipped,"(440, 4680, 696, 4535, 23.59)",0.0
Amount_shipped,"(440, 4680, 250, 4682, 28.56)",0.0
Amount_shipped,"(440, 4680, 572, 4680, 30.45)",0.0
Amount_shipped,"(440, 4680, 371, 4764, 52.72)",0.0
Amount_shipped,"(440, 4680, 312, 4747, 62.13)",0.0
Amount_shipped,"(440, 4680, 417, 4874, 76.13)",0.0
Amount_shipped,"(440, 4680, 350, 4738, 111.96)",0.0
Amount_shipped,"(440, 4680, 327, 4722, 125.89)",0.0
Amount_shipped,"(440, 4680, 555, 4937, 127.49)",0.0
Amount_shipped,"(440, 4680, 239, 4765, 151.68)",0.0
Amount_shipped,"(440, 4680, 558, 4583, 208.94)",0.0
Amount_shipped,"(440, 4680, 592, 4773, 272.69)",0.0
Amount_shipped,"(440, 4680, 303, 4682, 594.76)",0.0
Amount_shipped,"(440, 4680, 519, 4618, 758.82)",0.0
Amount_shipped,"(440, 4680, 190, 4740, 907.18)",0.0
Amount_shipped,"(440, 4680, 604, 4955, 907.45)",0.0
Amount_shipped,"(440, 4680, 334, 4799, 1285.48)",0.0
Amount_shipped,"(440, 4680, 402, 4762, 1356.12)",0.0
Amount_shipped,"(440, 4700, 604, 4556, 10.77)",0.0
Amount_shipped,"(440, 4700, 545, 4715, 11.01)",0.0
Amount_shipped,"(440, 4700, 598, 4885, 11.15)",0.0
Amount_shipped,"(440, 4700, 622, 4729, 11.5)",0.0
Amount_shipped,"(440, 4700, 136, 4692, 11.61)",0.0
Amount_shipped,"(440, 4700, 494, 4926, 11.95)",0.0
Amount_shipped,"(440, 4700, 627, 4796, 12.52)",0.0
Amount_shipped,"(440, 4700, 604, 4624, 12.57)",0.0
Amount_shipped,"(440, 4700, 497, 4720, 12.7)",0.0
Amount_shipped,"(440, 4700, 503, 4807, 16.06)",0.0
Amount_shipped,"(440, 4700, 612, 4678, 16.32)",0.0
Amount_shipped,"(440, 4700, 345, 4695, 23.25)",0.0
Amount_shipped,"(440, 4700, 696, 4535, 23.59)",0.0
Amount_shipped,"(440, 4700, 250, 4682, 28.56)",0.0
Amount_shipped,"(440, 4700, 572, 4680, 30.45)",0.0
Amount_shipped,"(440, 4700, 371, 4764, 52.72)",0.0
Amount_shipped,"(440, 4700, 312, 4747, 62.13)",0.0
Amount_shipped,"(440, 4700, 417, 4874, 76.13)",0.0
Amount_shipped,"(440, 4700, 350, 4738, 111.96)",0.0
Amount_shipped,"(440, 4700, 327, 4722, 125.89)",0.0
Amount_shipped,"(440, 4700, 555, 4937, 127.49)",0.0
Amount_shipped,"(440, 4700, 239, 4765, 151.68)",0.0
Amount_shipped,"(440, 4700, 558, 4583, 208.94)",0.0
Amount_shipped,"(440, 4700, 592, 4773, 272.69)",0.0
Amount_shipped,"(440, 4700, 303, 4682, 594.76)",0.0
Amount_shipped,"(440, 4700, 519, 4618, 758.82)",0.0
Amount_shipped,"(440, 4700, 190, 4740, 907.18)",0.0
Amount_shipped,"(440, 4700, 604, 4955, 907.45)",0.0
Amount_shipped,"(440, 4700, 334, 4799, 1285.48)",0.0
Amount_shipped,"(440, 4700, 402, 4762, 1356.12)",0.0
Amount_shipped,"(440, 4720, 604, 4556, 10.77)",0.0
Amount_shipped,"(440, 4720, 545, 4715, 11.01)",0.0
Amount_shipped,"(440, 4720, 598, 4885, 11.15)",0.0
Amount_shipped,"(440, 4720, 622, 4729, 11.5)",0.0
Amount_shipped,"(440, 4720, 136, 4692, 11.61)",0.0
Amount_shipped,"(440, 4720, 494, 4926, 11.95)",0.0
Amount_shipped,"(440, 4720, 627, 4796, 12.52)",0.0
Amount_shipped,"(440, 4720, 604, 4624, 12.57)",0.0
Amount_shipped,"(440, 4720, 497, 4720, 12.7)",0.0
Amount_shipped,"(440, 4720, 503, 4807, 16.06)",0.0
Amount_shipped,"(440, 4720, 612, 4678, 16.32)",0.0
Amount_shipped,"(440, 4720, 345, 4695, 23.25)",0.0
Amount_shipped,"(440, 4720, 696, 4535, 23.59)",0.0
Amount_shipped,"(440, 4720, 250, 4682, 28.56)",0.0
Amount_shipped,"(440, 4720, 572, 4680, 30.45)",0.0
Amount_shipped,"(440, 4720, 371, 4764, 52.72)",0.0
Amount_shipped,"(440, 4720, 312, 4747, 62.13)",0.0
Amount_shipped,"(440, 4720, 417, 4874, 76.13)",0.0
Amount_shipped,"(440, 4720, 350, 4738, 111.96)",0.0
Amount_shipped,"(440, 4720, 327, 4722, 125.89)",0.0
Amount_shipped,"(440, 4720, 555, 4937, 127.49)",0.0
Amount_shipped,"(440, 4720, 239, 4765, 151.68)",0.0
Amount_shipped,"(440, 4720, 558, 4583, 208.94)",0.0
Amount_shipped,"(440, 4720, 592, 4773, 272.69)",0.0
Amount_shipped,"(440, 4720, 303, 4682, 594.76)",0.0
Amount_shipped,"(440, 4720, 519, 4618, 758.82)",0.0
Amount_shipped,"(440, 4720, 190, 4740, 907.18)",0.0
Amount_shipped,"(440, 4720, 604, 4955, 907.45)",0.0
Amount_shipped,"(440, 4720, 334, 4799, 1285.48)",0.0
Amount_shipped,"(440, 4720, 402, 4762, 1356.12)",0.0
Amount_shipped,"(440, 4740, 604, 4556, 10.77)",0.0
Amount_shipped,"(440, 4740, 545, 4715, 11.01)",0.0
Amount_shipped,"(440, 4740, 598, 4885, 11.15)",0.0
Amount_shipped,"(440, 4740, 622, 4729, 11.5)",0.0
Amount_shipped,"(440, 4740, 136, 4692, 11.61)",0.0
Amount_shipped,"(440, 4740, 494, 4926, 11.95)",0.0
Amount_shipped,"(440, 4740, 627, 4796, 12.52)",0.0
Amount_shipped,"(440, 4740, 604, 4624, 12.57)",0.0
Amount_shipped,"(440, 4740, 497, 4720, 12.7)",0.0
Amount_shipped,"(440, 4740, 503, 4807, 16.06)",0.0
Amount_shipped,"(440, 4740, 612, 4678, 16.32)",0.0
Amount_shipped,"(440, 4740, 345, 4695, 23.25)",0.0
Amount_shipped,"(440, 4740, 696, 4535, 23.59)",0.0
Amount_shipped,"(440, 4740, 250, 4682, 28.56)",0.0
Amount_shipped,"(440, 4740, 572, 4680, 30.45)",0.0
Amount_shipped,"(440, 4740, 371, 4764, 52.72)",0.0
Amount_shipped,"(440, 4740, 312, 4747, 62.13)",0.0
Amount_shipped,"(440, 4740, 417, 4874, 76.13)",0.0
Amount_shipped,"(440, 4740, 350, 4738, 111.96)",0.0
Amount_shipped,"(440, 4740, 327, 4722, 125.89)",0.0
Amount_shipped,"(440, 4740, 555, 4937, 127.49)",0.0
Amount_shipped,"(440, 4740, 239, 4765, 151.68)",0.0
Amount_shipped,"(440, 4740, 558, 4583, 208.94)",0.0
Amount_shipped,"(440, 4740, 592, 4773, 272.69)",0.0
Amount_shipped,"(440, 4740, 303, 4682, 594.76)",0.0
Amount_shipped,"(440, 4740, 519, 4618, 758.82)",0.0
Amount_shipped,"(440, 4740, 190, 4740, 907.18)",0.0
Amount_shipped,"(440, 4740, 604, 4955, 907.45)",0.0
Amount_shipped,"(440, 4740, 334, 4799, 1285.48)",0.0
Amount_shipped,"(440, 4740, 402, 4762, 1356.12)",0.0
Amount_shipped,"(440, 4760, 604, 4556, 10.77)",0.0
Amount_shipped,"(440, 4760, 545, 4715, 11.01)",0.0
Amount_shipped,"(440, 4760, 598, 4885, 11.15)",0.0
Amount_shipped,"(440, 4760, 622, 4729, 11.5)",0.0
Amount_shipped,"(440, 4760, 136, 4692, 11.61)",0.0
Amount_shipped,"(440, 4760, 494, 4926, 11.95)",0.0
Amount_shipped,"(440, 4760, 627, 4796, 12.52)",0.0
Amount_shipped,"(440, 4760, 604, 4624, 12.57)",0.0
Amount_shipped,"(440, 4760, 497, 4720, 12.7)",0.0
Amount_shipped,"(440, 4760, 503, 4807, 16.06)",0.0
Amount_shipped,"(440, 4760, 612, 4678, 16.32)",0.0
Amount_shipped,"(440, 4760, 345, 4695, 23.25)",0.0
Amount_shipped,"(440, 4760, 696, 4535, 23.59)",0.0
Amount_shipped,"(440, 4760, 250, 4682, 28.56)",0.0
Amount_shipped,"(440, 4760, 572, 4680, 30.45)",0.0
Amount_shipped,"(440, 4760, 371, 4764, 52.72)",0.0
Amount_shipped,"(440, 4760, 312, 4747, 62.13)",0.0
Amount_shipped,"(440, 4760, 417, 4874, 76.13)",0.0
Amount_shipped,"(440, 4760, 350, 4738, 111.96)",0.0
Amount_shipped,"(440, 4760, 327, 4722, 125.89)",0.0
Amount_shipped,"(440, 4760, 555, 4937, 127.49)",0.0
Amount_shipped,"(440, 4760, 239, 4765, 151.68)",0.0
Amount_shipped,"(440, 4760, 558, 4583, 208.94)",0.0
Amount_shipped,"(440, 4760, 592, 4773, 272.69)",0.0
Amount_shipped,"(440, 4760, 303, 4682, 594.76)",0.0
Amount_shipped,"(440, 4760, 519, 4618, 758.82)",0.0
Amount_shipped,"(440, 4760, 190, 4740, 907.18)",0.0
Amount_shipped,"(440, 4760, 604, 4955, 907.45)",0.0
Amount_shipped,"(440, 4760, 334, 4799, 1285.48)",0.0
Amount_shipped,"(440, 4760, 402, 4762, 1356.12)",0.0
Amount_shipped,"(440, 4780, 604, 4556, 10.77)",0.0
Amount_shipped,"(440, 4780, 545, 4715, 11.01)",0.0
Amount_shipped,"(440, 4780, 598, 4885, 11.15)",0.0
Amount_shipped,"(440, 4780, 622, 4729, 11.5)",0.0
Amount_shipped,"(440, 4780, 136, 4692, 11.61)",0.0
Amount_shipped,"(440, 4780, 494, 4926, 11.95)",0.0
Amount_shipped,"(440, 4780, 627, 4796, 12.52)",0.0
Amount_shipped,"(440, 4780, 604, 4624, 12.57)",0.0
Amount_shipped,"(440, 4780, 497, 4720, 12.7)",0.0
Amount_shipped,"(440, 4780, 503, 4807, 16.06)",0.0
Amount_shipped,"(440, 4780, 612, 4678, 16.32)",0.0
Amount_shipped,"(440, 4780, 345, 4695, 23.25)",0.0
Amount_shipped,"(440, 4780, 696, 4535, 23.59)",0.0
Amount_shipped,"(440, 4780, 250, 4682, 28.56)",0.0
Amount_shipped,"(440, 4780, 572, 4680, 30.45)",0.0
Amount_shipped,"(440, 4780, 371, 4764, 52.72)",0.0
Amount_shipped,"(440, 4780, 312, 4747, 62.13)",0.0
Amount_shipped,"(440, 4780, 417, 4874, 76.13)",0.0
Amount_shipped,"(440, 4780, 350, 4738, 111.96)",0.0
Amount_shipped,"(440, 4780, 327, 4722, 125.89)",0.0
Amount_shipped,"(440, 4780, 555, 4937, 127.49)",0.0
Amount_shipped,"(440, 4780, 239, 4765, 151.68)",0.0
Amount_shipped,"(440, 4780, 558, 4583, 208.94)",0.0
Amount_shipped,"(440, 4780, 592, 4773, 272.69)",0.0
Amount_shipped,"(440, 4780, 303, 4682, 594.76)",0.0
Amount_shipped,"(440, 4780, 519, 4618, 758.82)",0.0
Amount_shipped,"(440, 4780, 190, 4740, 907.18)",0.0
Amount_shipped,"(440, 4780, 604, 4955, 907.45)",0.0
Amount_shipped,"(440, 4780, 334, 4799, 1285.48)",0.0
Amount_shipped,"(440, 4780, 402, 4762, 1356.12)",0.0
Amount_shipped,"(440, 4800, 604, 4556, 10.77)",0.0
Amount_shipped,"(440, 4800, 545, 4715, 11.01)",0.0
Amount_shipped,"(440, 4800, 598, 4885, 11.15)",0.0
Amount_shipped,"(440, 4800, 622, 4729, 11.5)",0.0
Amount_shipped,"(440, 4800, 136, 4692, 11.61)",0.0
Amount_shipped,"(440, 4800, 494, 4926, 11.95)",0.0
Amount_shipped,"(440, 4800, 627, 4796, 12.52)",0.0
Amount_shipped,"(440, 4800, 604, 4624, 12.57)",0.0
Amount_shipped,"(440, 4800, 497, 4720, 12.7)",0.0
Amount_shipped,"(440, 4800, 503, 4807, 16.06)",0.0
Amount_shipped,"(440, 4800, 612, 4678, 16.32)",0.0
Amount_shipped,"(440, 4800, 345, 4695, 23.25)",0.0
Amount_shipped,"(440, 4800, 696, 4535, 23.59)",0.0
Amount_shipped,"(440, 4800, 250, 4682, 28.56)",0.0
Amount_shipped,"(440, 4800, 572, 4680, 30.45)",0.0
Amount_shipped,"(440, 4800, 371, 4764, 52.72)",0.0
Amount_shipped,"(440, 4800, 312, 4747, 62.13)",0.0
Amount_shipped,"(440, 4800, 417, 4874, 76.13)",0.0
Amount_shipped,"(440, 4800, 350, 4738, 111.96)",0.0
Amount_shipped,"(440, 4800, 327, 4722, 125.89)",0.0
Amount_shipped,"(440, 4800, 555, 4937, 127.49)",0.0
Amount_shipped,"(440, 4800, 239, 4765, 151.68)",0.0
Amount_shipped,"(440, 4800, 558, 4583, 208.94)",0.0
Amount_shipped,"(440, 4800, 592, 4773, 272.69)",0.0
Amount_shipped,"(440, 4800, 303, 4682, 594.76)",0.0
Amount_shipped,"(440, 4800, 519, 4618, 758.82)",0.0
Amount_shipped,"(440, 4800, 190, 4740, 907.18)",0.0
Amount_shipped,"(440, 4800, 604, 4955, 907.45)",0.0
Amount_shipped,"(440, 4800, 334, 4799, 1285.48)",0.0
Amount_shipped,"(440, 4800, 402, 4762, 1356.12)",0.0
Amount_shipped,"(440, 4820, 604, 4556, 10.77)",0.0
Amount_shipped,"(440, 4820, 545, 4715, 11.01)",0.0
Amount_shipped,"(440, 4820, 598, 4885, 11.15)",0.0
Amount_shipped,"(440, 4820, 622, 4729, 11.5)",0.0
Amount_shipped,"(440, 4820, 136, 4692, 11.61)",0.0
Amount_shipped,"(440, 4820, 494, 4926, 11.95)",0.0
Amount_shipped,"(440, 4820, 627, 4796, 12.52)",0.0
Amount_shipped,"(440, 4820, 604, 4624, 12.57)",0.0
Amount_shipped,"(440, 4820, 497, 4720, 12.7)",0.0
Amount_shipped,"(440, 4820, 503, 4807, 16.06)",0.0
Amount_shipped,"(440, 4820, 612, 4678, 16.32)",0.0
Amount_shipped,"(440, 4820, 345, 4695, 23.25)",0.0
Amount_shipped,"(440, 4820, 696, 4535, 23.59)",0.0
Amount_shipped,"(440, 4820, 250, 4682, 28.56)",0.0
Amount_shipped,"(440, 4820, 572, 4680, 30.45)",0.0
Amount_shipped,"(440, 4820, 371, 4764, 52.72)",0.0
Amount_shipped,"(440, 4820, 312, 4747, 62.13)",0.0
Amount_shipped,"(440, 4820, 417, 4874, 76.13)",0.0
Amount_shipped,"(440, 4820, 350, 4738, 111.96)",0.0
Amount_shipped,"(440, 4820, 327, 4722, 125.89)",0.0
Amount_shipped,"(440, 4820, 555, 4937, 127.49)",0.0
Amount_shipped,"(440, 4820, 239, 4765, 151.68)",0.0
Amount_shipped,"(440, 4820, 558, 4583, 208.94)",0.0
Amount_shipped,"(440, 4820, 592, 4773, 272.69)",0.0
Amount_shipped,"(440, 4820, 303, 4682, 594.76)",0.0
Amount_shipped,"(440, 4820, 519, 4618, 758.82)",0.0
Amount_shipped,"(440, 4820, 190, 4740, 907.18)",0.0
Amount_shipped,"(440, 4820, 604, 4955, 907.45)",0.0
Amount_shipped,"(440, 4820, 334, 4799, 1285.48)",0.0
Amount_shipped,"(440, 4820, 402, 4762, 1356.12)",0.0
Amount_shipped,"(440, 4840, 604, 4556, 10.77)",0.0
Amount_shipped,"(440, 4840, 545, 4715, 11.01)",0.0
Amount_shipped,"(440, 4840, 598, 4885, 11.15)",0.0
Amount_shipped,"(440, 4840, 622, 4729, 11.5)",0.0
Amount_shipped,"(440, 4840, 136, 4692, 11.61)",0.0
Amount_shipped,"(440, 4840, 494, 4926, 11.95)",0.0
Amount_shipped,"(440, 4840, 627, 4796, 12.52)",0.0
Amount_shipped,"(440, 4840, 604, 4624, 12.57)",0.0
Amount_shipped,"(440, 4840, 497, 4720, 12.7)",0.0
Amount_shipped,"(440, 4840, 503, 4807, 16.06)",0.0
Amount_shipped,"(440, 4840, 612, 4678, 16.32)",0.0
Amount_shipped,"(440, 4840, 345, 4695, 23.25)",0.0
Amount_shipped,"(440, 4840, 696, 4535, 23.59)",0.0
Amount_shipped,"(440, 4840, 250, 4682, 28.56)",0.0
Amount_shipped,"(440, 4840, 572, 4680, 30.45)",0.0
Amount_shipped,"(440, 4840, 371, 4764, 52.72)",0.0
Amount_shipped,"(440, 4840, 312, 4747, 62.13)",0.0
Amount_shipped,"(440, 4840, 417, 4874, 76.13)",0.0
Amount_shipped,"(440, 4840, 350, 4738, 111.96)",0.0
Amount_shipped,"(440, 4840, 327, 4722, 125.89)",0.0
Amount_shipped,"(440, 4840, 555, 4937, 127.49)",0.0
Amount_shipped,"(440, 4840, 239, 4765, 151.68)",0.0
Amount_shipped,"(440, 4840, 558, 4583, 208.94)",0.0
Amount_shipped,"(440, 4840, 592, 4773, 272.69)",0.0
Amount_shipped,"(440, 4840, 303, 4682, 594.76)",0.0
Amount_shipped,"(440, 4840, 519, 4618, 758.82)",0.0
Amount_shipped,"(440, 4840, 190, 4740, 907.18)",0.0
Amount_shipped,"(440, 4840, 604, 4955, 907.45)",0.0
Amount_shipped,"(440, 4840, 334, 4799, 1285.48)",0.0
Amount_shipped,"(440, 4840, 402, 4762, 1356.12)",0.0
Amount_shipped,"(440, 4860, 604, 4556, 10.77)",0.0
Amount_shipped,"(440, 4860, 545, 4715, 11.01)",0.0
Amount_shipped,"(440, 4860, 598, 4885, 11.15)",0.0
Amount_shipped,"(440, 4860, 622, 4729, 11.5)",0.0
Amount_shipped,"(440, 4860, 136, 4692, 11.61)",0.0
Amount_shipped,"(440, 4860, 494, 4926, 11.95)",0.0
Amount_shipped,"(440, 4860, 627, 4796, 12.52)",0.0
Amount_shipped,"(440, 4860, 604, 4624, 12.57)",0.0
Amount_shipped,"(440, 4860, 497, 4720, 12.7)",0.0
Amount_shipped,"(440, 4860, 503, 4807, 16.06)",0.0
Amount_shipped,"(440, 4860, 612, 4678, 16.32)",0.0
Amount_shipped,"(440, 4860, 345, 4695, 23.25)",0.0
Amount_shipped,"(440, 4860, 696, 4535, 23.59)",0.0
Amount_shipped,"(440, 4860, 250, 4682, 28.56)",0.0
Amount_shipped,"(440, 4860, 572, 4680, 30.45)",0.0
Amount_shipped,"(440, 4860, 371, 4764, 52.72)",0.0
Amount_shipped,"(440, 4860, 312, 4747, 62.13)",0.0
Amount_shipped,"(440, 4860, 417, 4874, 76.13)",0.0
Amount_shipped,"(440, 4860, 350, 4738, 111.96)",0.0
Amount_shipped,"(440, 4860, 327, 4722, 125.89)",0.0
Amount_shipped,"(440, 4860, 555, 4937, 127.49)",0.0
Amount_shipped,"(440, 4860, 239, 4765, 151.68)",0.0
Amount_shipped,"(440, 4860, 558, 4583, 208.94)",0.0
Amount_shipped,"(440, 4860, 592, 4773, 272.69)",0.0
Amount_shipped,"(440, 4860, 303, 4682, 594.76)",0.0
Amount_shipped,"(440, 4860, 519, 4618, 758.82)",0.0
Amount_shipped,"(440, 4860, 190, 4740, 907.18)",0.0
Amount_shipped,"(440, 4860, 604, 4955, 907.45)",0.0
Amount_shipped,"(440, 4860, 334, 4799, 1285.48)",0.0
Amount_shipped,"(440, 4860, 402, 4762, 1356.12)",0.0
Amount_shipped,"(440, 4880, 604, 4556, 10.77)",0.0
Amount_shipped,"(440, 4880, 545, 4715, 11.01)",0.0
Amount_shipped,"(440, 4880, 598, 4885, 11.15)",0.0
Amount_shipped,"(440, 4880, 622, 4729, 11.5)",0.0
Amount_shipped,"(440, 4880, 136, 4692, 11.61)",0.0
Amount_shipped,"(440, 4880, 494, 4926, 11.95)",0.0
Amount_shipped,"(440, 4880, 627, 4796, 12.52)",0.0
Amount_shipped,"(440, 4880, 604, 4624, 12.57)",0.0
Amount_shipped,"(440, 4880, 497, 4720, 12.7)",0.0
Amount_shipped,"(440, 4880, 503, 4807, 16.06)",0.0
Amount_shipped,"(440, 4880, 612, 4678, 16.32)",0.0
Amount_shipped,"(440, 4880, 345, 4695, 23.25)",0.0
Amount_shipped,"(440, 4880, 696, 4535, 23.59)",0.0
Amount_shipped,"(440, 4880, 250, 4682, 28.56)",0.0
Amount_shipped,"(440, 4880, 572, 4680, 30.45)",0.0
Amount_shipped,"(440, 4880, 371, 4764, 52.72)",0.0
Amount_shipped,"(440, 4880, 312, 4747, 62.13)",0.0
Amount_shipped,"(440, 4880, 417, 4874, 76.13)",0.0
Amount_shipped,"(440, 4880, 350, 4738, 111.96)",0.0
Amount_shipped,"(440, 4880, 327, 4722, 125.89)",0.0
Amount_shipped,"(440, 4880, 555, 4937, 127.49)",0.0
Amount_shipped,"(440, 4880, 239, 4765, 151.68)",0.0
Amount_shipped,"(440, 4880, 558, 4583, 208.94)",0.0
Amount_shipped,"(440, 4880, 592, 4773, 272.69)",0.0
Amount_shipped,"(440, 4880, 303, 4682, 594.76)",0.0
Amount_shipped,"(440, 4880, 519, 4618, 758.82)",0.0
Amount_shipped,"(440, 4880, 190, 4740, 907.18)",0.0
Amount_shipped,"(440, 4880, 604, 4955, 907.45)",0.0
Amount_shipped,"(440, 4880, 334, 4799, 1285.48)",0.0
Amount_shipped,"(440, 4880, 402, 4762, 1356.12)",0.0
Amount_shipped,"(440, 4900, 604, 4556, 10.77)",0.0
Amount_shipped,"(440, 4900, 545, 4715, 11.01)",0.0
Amount_shipped,"(440, 4900, 598, 4885, 11.15)",0.0
Amount_shipped,"(440, 4900, 622, 4729, 11.5)",0.0
Amount_shipped,"(440, 4900, 136, 4692, 11.61)",0.0
Amount_shipped,"(440, 4900, 494, 4926, 11.95)",0.0
Amount_shipped,"(440, 4900, 627, 4796, 12.52)",0.0
Amount_shipped,"(440, 4900, 604, 4624, 12.57)",0.0
Amount_shipped,"(440, 4900, 497, 4720, 12.7)",0.0
Amount_shipped,"(440, 4900, 503, 4807, 16.06)",0.0
Amount_shipped,"(440, 4900, 612, 4678, 16.32)",0.0
Amount_shipped,"(440, 4900, 345, 4695, 23.25)",0.0
Amount_shipped,"(440, 4900, 696, 4535, 23.59)",0.0
Amount_shipped,"(440, 4900, 250, 4682, 28.56)",0.0
Amount_shipped,"(440, 4900, 572, 4680, 30.45)",0.0
Amount_shipped,"(440, 4900, 371, 4764, 52.72)",0.0
Amount_shipped,"(440, 4900, 312, 4747, 62.13)",0.0
Amount_shipped,"(440, 4900, 417, 4874, 76.13)",0.0
Amount_shipped,"(440, 4900, 350, 4738, 111.96)",0.0
Amount_shipped,"(440, 4900, 327, 4722, 125.89)",0.0
Amount_shipped,"(440, 4900, 555, 4937, 127.49)",0.0
Amount_shipped,"(440, 4900, 239, 4765, 151.68)",0.0
Amount_shipped,"(440, 4900, 558, 4583, 208.94)",0.0
Amount_shipped,"(440, 4900, 592, 4773, 272.69)",0.0
Amount_shipped,"(440, 4900, 303, 4682, 594.76)",0.0
Amount_shipped,"(440, 4900, 519, 4618, 758.82)",0.0
Amount_shipped,"(440, 4900, 190, 4740, 907.18)",0.0
Amount_shipped,"(440, 4900, 604, 4955, 907.45)",0.0
Amount_shipped,"(440, 4900, 334, 4799, 1285.48)",0.0
Amount_shipped,"(440, 4900, 402, 4762, 1356.12)",0.0
Amount_shipped,"(440, 4920, 604, 4556, 10.77)",0.0
Amount_shipped,"(440, 4920, 545, 4715, 11.01)",0.0
Amount_shipped,"(440, 4920, 598, 4885, 11.15)",0.0
Amount_shipped,"(440, 4920, 622, 4729, 11.5)",0.0
Amount_shipped,"(440, 4920, 136, 4692, 11.61)",0.0
Amount_shipped,"(440, 4920, 494, 4926, 11.95)",0.0
Amount_shipped,"(440, 4920, 627, 4796, 12.52)",0.0
Amount_shipped,"(440, 4920, 604, 4624, 12.57)",0.0
Amount_shipped,"(440, 4920, 497, 4720, 12.7)",0.0
Amount_shipped,"(440, 4920, 503, 4807, 16.06)",0.0
Amount_shipped,"(440, 4920, 612, 4678, 16.32)",0.0
Amount_shipped,"(440, 4920, 345, 4695, 23.25)",0.0
Amount_shipped,"(440, 4920, 696, 4535, 23.59)",0.0
Amount_shipped,"(440, 4920, 250, 4682, 28.56)",0.0
Amount_shipped,"(440, 4920, 572, 4680, 30.45)",0.0
Amount_shipped,"(440, 4920, 371, 4764, 52.72)",0.0
Amount_shipped,"(440, 4920, 312, 4747, 62.13)",0.0
Amount_shipped,"(440, 4920, 417, 4874, 76.13)",0.0
Amount_shipped,"(440, 4920, 350, 4738, 111.96)",0.0
Amount_shipped,"(440, 4920, 327, 4722, 125.89)",0.0
Amount_shipped,"(440, 4920, 555, 4937, 127.49)",0.0
Amount_shipped,"(440, 4920, 239, 4765, 151.68)",0.0
Amount_shipped,"(440, 4920, 558, 4583, 208.94)",0.0
Amount_shipped,"(440, 4920, 592, 4773, 272.69)",0.0
Amount_shipped,"(440, 4920, 303, 4682, 594.76)",0.0
Amount_shipped,"(440, 4920, 519, 4618, 758.82)",0.0
Amount_shipped,"(440, 4920, 190, 4740, 907.18)",0.0
Amount_shipped,"(440, 4920, 604, 4955, 907.45)",0.0
Amount_shipped,"(440, 4920, 334, 4799, 1285.48)",0.0
Amount_shipped,"(440, 4920, 402, 4762, 1356.12)",0.0
Amount_shipped,"(440, 4940, 604, 4556, 10.77)",0.0
Amount_shipped,"(440, 4940, 545, 4715, 11.01)",0.0
Amount_shipped,"(440, 4940, 598, 4885, 11.15)",0.0
Amount_shipped,"(440, 4940, 622, 4729, 11.5)",0.0
Amount_shipped,"(440, 4940, 136, 4692, 11.61)",0.0
Amount_shipped,"(440, 4940, 494, 4926, 11.95)",0.0
Amount_shipped,"(440, 4940, 627, 4796, 12.52)",0.0
Amount_shipped,"(440, 4940, 604, 4624, 12.57)",0.0
Amount_shipped,"(440, 4940, 497, 4720, 12.7)",0.0
Amount_shipped,"(440, 4940, 503, 4807, 16.06)",0.0
Amount_shipped,"(440, 4940, 612, 4678, 16.32)",0.0
Amount_shipped,"(440, 4940, 345, 4695, 23.25)",0.0
Amount_shipped,"(440, 4940, 696, 4535, 23.59)",0.0
Amount_shipped,"(440, 4940, 250, 4682, 28.56)",0.0
Amount_shipped,"(440, 4940, 572, 4680, 30.45)",0.0
Amount_shipped,"(440, 4940, 371, 4764, 52.72)",0.0
Amount_shipped,"(440, 4940, 312, 4747, 62.13)",0.0
Amount_shipped,"(440, 4940, 417, 4874, 76.13)",0.0
Amount_shipped,"(440, 4940, 350, 4738, 111.96)",0.0
Amount_shipped,"(440, 4940, 327, 4722, 125.89)",0.0
Amount_shipped,"(440, 4940, 555, 4937, 127.49)",0.0
Amount_shipped,"(440, 4940, 239, 4765, 151.68)",0.0
Amount_shipped,"(440, 4940, 558, 4583, 208.94)",0.0
Amount_shipped,"(440, 4940, 592, 4773, 272.69)",0.0
Amount_shipped,"(440, 4940, 303, 4682, 594.76)",0.0
Amount_shipped,"(440, 4940, 519, 4618, 758.82)",0.0
Amount_shipped,"(440, 4940, 190, 4740, 907.18)",0.0
Amount_shipped,"(440, 4940, 604, 4955, 907.45)",0.0
Amount_shipped,"(440, 4940, 334, 4799, 1285.48)",0.0
Amount_shipped,"(440, 4940, 402, 4762, 1356.12)",0.0
Amount_shipped,"(440, 4960, 604, 4556, 10.77)",0.0
Amount_shipped,"(440, 4960, 545, 4715, 11.01)",0.0
Amount_shipped,"(440, 4960, 598, 4885, 11.15)",0.0
Amount_shipped,"(440, 4960, 622, 4729, 11.5)",0.0
Amount_shipped,"(440, 4960, 136, 4692, 11.61)",0.0
Amount_shipped,"(440, 4960, 494, 4926, 11.95)",0.0
Amount_shipped,"(440, 4960, 627, 4796, 12.52)",0.0
Amount_shipped,"(440, 4960, 604, 4624, 12.57)",0.0
Amount_shipped,"(440, 4960, 497, 4720, 12.7)",0.0
Amount_shipped,"(440, 4960, 503, 4807, 16.06)",0.0
Amount_shipped,"(440, 4960, 612, 4678, 16.32)",0.0
Amount_shipped,"(440, 4960, 345, 4695, 23.25)",0.0
Amount_shipped,"(440, 4960, 696, 4535, 23.59)",0.0
Amount_shipped,"(440, 4960, 250, 4682, 28.56)",0.0
Amount_shipped,"(440, 4960, 572, 4680, 30.45)",0.0
Amount_shipped,"(440, 4960, 371, 4764, 52.72)",0.0
Amount_shipped,"(440, 4960, 312, 4747, 62.13)",0.0
Amount_shipped,"(440, 4960, 417, 4874, 76.13)",0.0
Amount_shipped,"(440, 4960, 350, 4738, 111.96)",0.0
Amount_shipped,"(440, 4960, 327, 4722, 125.89)",0.0
Amount_shipped,"(440, 4960, 555, 4937, 127.49)",0.0
Amount_shipped,"(440, 4960, 239, 4765, 151.68)",0.0
Amount_shipped,"(440, 4960, 558, 4583, 208.94)",0.0
Amount_shipped,"(440, 4960, 592, 4773, 272.69)",0.0
Amount_shipped,"(440, 4960, 303, 4682, 594.76)",0.0
Amount_shipped,"(440, 4960, 519, 4618, 758.82)",0.0
Amount_shipped,"(440, 4960, 190, 4740, 907.18)",0.0
Amount_shipped,"(440, 4960, 604, 4955, 907.45)",0.0
Amount_shipped,"(440, 4960, 334, 4799, 1285.48)",0.0
Amount_shipped,"(440, 4960, 402, 4762, 1356.12)",0.0
Amount_shipped,"(440, 4980, 604, 4556, 10.77)",0.0
Amount_shipped,"(440, 4980, 545, 4715, 11.01)",0.0
Amount_shipped,"(440, 4980, 598, 4885, 11.15)",0.0
Amount_shipped,"(440, 4980, 622, 4729, 11.5)",0.0
Amount_shipped,"(440, 4980, 136, 4692, 11.61)",0.0
Amount_shipped,"(440, 4980, 494, 4926, 11.95)",0.0
Amount_shipped,"(440, 4980, 627, 4796, 12.52)",0.0
Amount_shipped,"(440, 4980, 604, 4624, 12.57)",0.0
Amount_shipped,"(440, 4980, 497, 4720, 12.7)",0.0
Amount_shipped,"(440, 4980, 503, 4807, 16.06)",0.0
Amount_shipped,"(440, 4980, 612, 4678, 16.32)",0.0
Amount_shipped,"(440, 4980, 345, 4695, 23.25)",0.0
Amount_shipped,"(440, 4980, 696, 4535, 23.59)",0.0
Amount_shipped,"(440, 4980, 250, 4682, 28.56)",0.0
Amount_shipped,"(440, 4980, 572, 4680, 30.45)",0.0
Amount_shipped,"(440, 4980, 371, 4764, 52.72)",0.0
Amount_shipped,"(440, 4980, 312, 4747, 62.13)",0.0
Amount_shipped,"(440, 4980, 417, 4874, 76.13)",0.0
Amount_shipped,"(440, 4980, 350, 4738, 111.96)",0.0
Amount_shipped,"(440, 4980, 327, 4722, 125.89)",0.0
Amount_shipped,"(440, 4980, 555, 4937, 127.49)",0.0
Amount_shipped,"(440, 4980, 239, 4765, 151.68)",0.0
Amount_shipped,"(440, 4980, 558, 4583, 208.94)",0.0
Amount_shipped,"(440, 4980, 592, 4773, 272.69)",0.0
Amount_shipped,"(440, 4980, 303, 4682, 594.76)",0.0
Amount_shipped,"(440, 4980, 519, 4618, 758.82)",0.0
Amount_shipped,"(440, 4980, 190, 4740, 907.18)",0.0
Amount_shipped,"(440, 4980, 604, 4955, 907.45)",0.0
Amount_shipped,"(440, 4980, 334, 4799, 1285.48)",0.0
Amount_shipped,"(440, 4980, 402, 4762, 1356.12)",0.0
Amount_shipped,"(460, 4440, 604, 4556, 10.77)",0.0
Amount_shipped,"(460, 4440, 545, 4715, 11.01)",0.0
Amount_shipped,"(460, 4440, 598, 4885, 11.15)",0.0
Amount_shipped,"(460, 4440, 622, 4729, 11.5)",0.0
Amount_shipped,"(460, 4440, 136, 4692, 11.61)",0.0
Amount_shipped,"(460, 4440, 494, 4926, 11.95)",0.0
Amount_shipped,"(460, 4440, 627, 4796, 12.52)",0.0
Amount_shipped,"(460, 4440, 604, 4624, 12.57)",0.0
Amount_shipped,"(460, 4440, 497, 4720, 12.7)",0.0
Amount_shipped,"(460, 4440, 503, 4807, 16.06)",0.0
Amount_shipped,"(460, 4440, 612, 4678, 16.32)",0.0
Amount_shipped,"(460, 4440, 345, 4695, 23.25)",0.0
Amount_shipped,"(460, 4440, 696, 4535, 23.59)",0.0
Amount_shipped,"(460, 4440, 250, 4682, 28.56)",0.0
Amount_shipped,"(460, 4440, 572, 4680, 30.45)",0.0
Amount_shipped,"(460, 4440, 371, 4764, 52.72)",0.0
Amount_shipped,"(460, 4440, 312, 4747, 62.13)",0.0
Amount_shipped,"(460, 4440, 417, 4874, 76.13)",0.0
Amount_shipped,"(460, 4440, 350, 4738, 111.96)",0.0
Amount_shipped,"(460, 4440, 327, 4722, 125.89)",0.0
Amount_shipped,"(460, 4440, 555, 4937, 127.49)",0.0
Amount_shipped,"(460, 4440, 239, 4765, 151.68)",0.0
Amount_shipped,"(460, 4440, 558, 4583, 208.94)",0.0
Amount_shipped,"(460, 4440, 592, 4773, 272.69)",0.0
Amount_shipped,"(460, 4440, 303, 4682, 594.76)",0.0
Amount_shipped,"(460, 4440, 519, 4618, 758.82)",0.0
Amount_shipped,"(460, 4440, 190, 4740, 907.18)",0.0
Amount_shipped,"(460, 4440, 604, 4955, 907.45)",0.0
Amount_shipped,"(460, 4440, 334, 4799, 1285.48)",0.0
Amount_shipped,"(460, 4440, 402, 4762, 1356.12)",0.0
Amount_shipped,"(460, 4460, 604, 4556, 10.77)",0.0
Amount_shipped,"(460, 4460, 545, 4715, 11.01)",0.0
Amount_shipped,"(460, 4460, 598, 4885, 11.15)",0.0
Amount_shipped,"(460, 4460, 622, 4729, 11.5)",0.0
Amount_shipped,"(460, 4460, 136, 4692, 11.61)",0.0
Amount_shipped,"(460, 4460, 494, 4926, 11.95)",0.0
Amount_shipped,"(460, 4460, 627, 4796, 12.52)",0.0
Amount_shipped,"(460, 4460, 604, 4624, 12.57)",0.0
Amount_shipped,"(460, 4460, 497, 4720, 12.7)",0.0
Amount_shipped,"(460, 4460, 503, 4807, 16.06)",0.0
Amount_shipped,"(460, 4460, 612, 4678, 16.32)",0.0
Amount_shipped,"(460, 4460, 345, 4695, 23.25)",0.0
Amount_shipped,"(460, 4460, 696, 4535, 23.59)",0.0
Amount_shipped,"(460, 4460, 250, 4682, 28.56)",0.0
Amount_shipped,"(460, 4460, 572, 4680, 30.45)",0.0
Amount_shipped,"(460, 4460, 371, 4764, 52.72)",0.0
Amount_shipped,"(460, 4460, 312, 4747, 62.13)",0.0
Amount_shipped,"(460, 4460, 417, 4874, 76.13)",0.0
Amount_shipped,"(460, 4460, 350, 4738, 111.96)",0.0
Amount_shipped,"(460, 4460, 327, 4722, 125.89)",0.0
Amount_shipped,"(460, 4460, 555, 4937, 127.49)",0.0
Amount_shipped,"(460, 4460, 239, 4765, 151.68)",0.0
Amount_shipped,"(460, 4460, 558, 4583, 208.94)",0.0
Amount_shipped,"(460, 4460, 592, 4773, 272.69)",0.0
Amount_shipped,"(460, 4460, 303, 4682, 594.76)",0.0
Amount_shipped,"(460, 4460, 519, 4618, 758.82)",0.0
Amount_shipped,"(460, 4460, 190, 4740, 907.18)",0.0
Amount_shipped,"(460, 4460, 604, 4955, 907.45)",0.0
Amount_shipped,"(460, 4460, 334, 4799, 1285.48)",0.0
Amount_shipped,"(460, 4460, 402, 4762, 1356.12)",0.0
Amount_shipped,"(460, 4480, 604, 4556, 10.77)",0.0
Amount_shipped,"(460, 4480, 545, 4715, 11.01)",0.0
Amount_shipped,"(460, 4480, 598, 4885, 11.15)",0.0
Amount_shipped,"(460, 4480, 622, 4729, 11.5)",0.0
Amount_shipped,"(460, 4480, 136, 4692, 11.61)",0.0
Amount_shipped,"(460, 4480, 494, 4926, 11.95)",0.0
Amount_shipped,"(460, 4480, 627, 4796, 12.52)",0.0
Amount_shipped,"(460, 4480, 604, 4624, 12.57)",0.0
Amount_shipped,"(460, 4480, 497, 4720, 12.7)",0.0
Amount_shipped,"(460, 4480, 503, 4807, 16.06)",0.0
Amount_shipped,"(460, 4480, 612, 4678, 16.32)",0.0
Amount_shipped,"(460, 4480, 345, 4695, 23.25)",0.0
Amount_shipped,"(460, 4480, 696, 4535, 23.59)",0.0
Amount_shipped,"(460, 4480, 250, 4682, 28.56)",0.0
Amount_shipped,"(460, 4480, 572, 4680, 30.45)",0.0
Amount_shipped,"(460, 4480, 371, 4764, 52.72)",0.0
Amount_shipped,"(460, 4480, 312, 4747, 62.13)",0.0
Amount_shipped,"(460, 4480, 417, 4874, 76.13)",0.0
Amount_shipped,"(460, 4480, 350, 4738, 111.96)",0.0
Amount_shipped,"(460, 4480, 327, 4722, 125.89)",0.0
Amount_shipped,"(460, 4480, 555, 4937, 127.49)",0.0
Amount_shipped,"(460, 4480, 239, 4765, 151.68)",0.0
Amount_shipped,"(460, 4480, 558, 4583, 208.94)",0.0
Amount_shipped,"(460, 4480, 592, 4773, 272.69)",0.0
Amount_shipped,"(460, 4480, 303, 4682, 594.76)",0.0
Amount_shipped,"(460, 4480, 519, 4618, 758.82)",0.0
Amount_shipped,"(460, 4480, 190, 4740, 907.18)",0.0
Amount_shipped,"(460, 4480, 604, 4955, 907.45)",0.0
Amount_shipped,"(460, 4480, 334, 4799, 1285.48)",0.0
Amount_shipped,"(460, 4480, 402, 4762, 1356.12)",0.0
Amount_shipped,"(460, 4500, 604, 4556, 10.77)",0.0
Amount_shipped,"(460, 4500, 545, 4715, 11.01)",0.0
Amount_shipped,"(460, 4500, 598, 4885, 11.15)",0.0
Amount_shipped,"(460, 4500, 622, 4729, 11.5)",0.0
Amount_shipped,"(460, 4500, 136, 4692, 11.61)",0.0
Amount_shipped,"(460, 4500, 494, 4926, 11.95)",0.0
Amount_shipped,"(460, 4500, 627, 4796, 12.52)",0.0
Amount_shipped,"(460, 4500, 604, 4624, 12.57)",0.0
Amount_shipped,"(460, 4500, 497, 4720, 12.7)",0.0
Amount_shipped,"(460, 4500, 503, 4807, 16.06)",0.0
Amount_shipped,"(460, 4500, 612, 4678, 16.32)",0.0
Amount_shipped,"(460, 4500, 345, 4695, 23.25)",0.0
Amount_shipped,"(460, 4500, 696, 4535, 23.59)",0.0
Amount_shipped,"(460, 4500, 250, 4682, 28.56)",0.0
Amount_shipped,"(460, 4500, 572, 4680, 30.45)",0.0
Amount_shipped,"(460, 4500, 371, 4764, 52.72)",0.0
Amount_shipped,"(460, 4500, 312, 4747, 62.13)",0.0
Amount_shipped,"(460, 4500, 417, 4874, 76.13)",0.0
Amount_shipped,"(460, 4500, 350, 4738, 111.96)",0.0
Amount_shipped,"(460, 4500, 327, 4722, 125.89)",0.0
Amount_shipped,"(460, 4500, 555, 4937, 127.49)",0.0
Amount_shipped,"(460, 4500, 239, 4765, 151.68)",0.0
Amount_shipped,"(460, 4500, 558, 4583, 208.94)",0.0
Amount_shipped,"(460, 4500, 592, 4773, 272.69)",0.0
Amount_shipped,"(460, 4500, 303, 4682, 594.76)",0.0
Amount_shipped,"(460, 4500, 519, 4618, 758.82)",0.0
Amount_shipped,"(460, 4500, 190, 4740, 907.18)",0.0
Amount_shipped,"(460, 4500, 604, 4955, 907.45)",0.0
Amount_shipped,"(460, 4500, 334, 4799, 1285.48)",0.0
Amount_shipped,"(460, 4500, 402, 4762, 1356.12)",0.0
Amount_shipped,"(460, 4520, 604, 4556, 10.77)",0.0
Amount_shipped,"(460, 4520, 545, 4715, 11.01)",0.0
Amount_shipped,"(460, 4520, 598, 4885, 11.15)",0.0
Amount_shipped,"(460, 4520, 622, 4729, 11.5)",0.0
Amount_shipped,"(460, 4520, 136, 4692, 11.61)",0.0
Amount_shipped,"(460, 4520, 494, 4926, 11.95)",0.0
Amount_shipped,"(460, 4520, 627, 4796, 12.52)",0.0
Amount_shipped,"(460, 4520, 604, 4624, 12.57)",0.0
Amount_shipped,"(460, 4520, 497, 4720, 12.7)",0.0
Amount_shipped,"(460, 4520, 503, 4807, 16.06)",0.0
Amount_shipped,"(460, 4520, 612, 4678, 16.32)",0.0
Amount_shipped,"(460, 4520, 345, 4695, 23.25)",0.0
Amount_shipped,"(460, 4520, 696, 4535, 23.59)",0.0
Amount_shipped,"(460, 4520, 250, 4682, 28.56)",0.0
Amount_shipped,"(460, 4520, 572, 4680, 30.45)",0.0
Amount_shipped,"(460, 4520, 371, 4764, 52.72)",0.0
Amount_shipped,"(460, 4520, 312, 4747, 62.13)",0.0
Amount_shipped,"(460, 4520, 417, 4874, 76.13)",0.0
Amount_shipped,"(460, 4520, 350, 4738, 111.96)",0.0
Amount_shipped,"(460, 4520, 327, 4722, 125.89)",0.0
Amount_shipped,"(460, 4520, 555, 4937, 127.49)",0.0
Amount_shipped,"(460, 4520, 239, 4765, 151.68)",0.0
Amount_shipped,"(460, 4520, 558, 4583, 208.94)",0.0
Amount_shipped,"(460, 4520, 592, 4773, 272.69)",0.0
Amount_shipped,"(460, 4520, 303, 4682, 594.76)",0.0
Amount_shipped,"(460, 4520, 519, 4618, 758.82)",0.0
Amount_shipped,"(460, 4520, 190, 4740, 907.18)",0.0
Amount_shipped,"(460, 4520, 604, 4955, 907.45)",0.0
Amount_shipped,"(460, 4520, 334, 4799, 1285.48)",0.0
Amount_shipped,"(460, 4520, 402, 4762, 1356.12)",0.0
Amount_shipped,"(460, 4540, 604, 4556, 10.77)",0.0
Amount_shipped,"(460, 4540, 545, 4715, 11.01)",0.0
Amount_shipped,"(460, 4540, 598, 4885, 11.15)",0.0
Amount_shipped,"(460, 4540, 622, 4729, 11.5)",0.0
Amount_shipped,"(460, 4540, 136, 4692, 11.61)",0.0
Amount_shipped,"(460, 4540, 494, 4926, 11.95)",0.0
Amount_shipped,"(460, 4540, 627, 4796, 12.52)",0.0
Amount_shipped,"(460, 4540, 604, 4624, 12.57)",0.0
Amount_shipped,"(460, 4540, 497, 4720, 12.7)",0.0
Amount_shipped,"(460, 4540, 503, 4807, 16.06)",0.0
Amount_shipped,"(460, 4540, 612, 4678, 16.32)",0.0
Amount_shipped,"(460, 4540, 345, 4695, 23.25)",0.0
Amount_shipped,"(460, 4540, 696, 4535, 23.59)",0.0
Amount_shipped,"(460, 4540, 250, 4682, 28.56)",0.0
Amount_shipped,"(460, 4540, 572, 4680, 30.45)",0.0
Amount_shipped,"(460, 4540, 371, 4764, 52.72)",0.0
Amount_shipped,"(460, 4540, 312, 4747, 62.13)",0.0
Amount_shipped,"(460, 4540, 417, 4874, 76.13)",0.0
Amount_shipped,"(460, 4540, 350, 4738, 111.96)",0.0
Amount_shipped,"(460, 4540, 327, 4722, 125.89)",0.0
Amount_shipped,"(460, 4540, 555, 4937, 127.49)",0.0
Amount_shipped,"(460, 4540, 239, 4765, 151.68)",0.0
Amount_shipped,"(460, 4540, 558, 4583, 208.94)",0.0
Amount_shipped,"(460, 4540, 592, 4773, 272.69)",0.0
Amount_shipped,"(460, 4540, 303, 4682, 594.76)",0.0
Amount_shipped,"(460, 4540, 519, 4618, 758.82)",0.0
Amount_shipped,"(460, 4540, 190, 4740, 907.18)",0.0
Amount_shipped,"(460, 4540, 604, 4955, 907.45)",0.0
Amount_shipped,"(460, 4540, 334, 4799, 1285.48)",0.0
Amount_shipped,"(460, 4540, 402, 4762, 1356.12)",0.0
Amount_shipped,"(460, 4560, 604, 4556, 10.77)",0.0
Amount_shipped,"(460, 4560, 545, 4715, 11.01)",0.0
Amount_shipped,"(460, 4560, 598, 4885, 11.15)",0.0
Amount_shipped,"(460, 4560, 622, 4729, 11.5)",0.0
Amount_shipped,"(460, 4560, 136, 4692, 11.61)",0.0
Amount_shipped,"(460, 4560, 494, 4926, 11.95)",0.0
Amount_shipped,"(460, 4560, 627, 4796, 12.52)",0.0
Amount_shipped,"(460, 4560, 604, 4624, 12.57)",0.0
Amount_shipped,"(460, 4560, 497, 4720, 12.7)",0.0
Amount_shipped,"(460, 4560, 503, 4807, 16.06)",0.0
Amount_shipped,"(460, 4560, 612, 4678, 16.32)",0.0
Amount_shipped,"(460, 4560, 345, 4695, 23.25)",0.0
Amount_shipped,"(460, 4560, 696, 4535, 23.59)",0.0
Amount_shipped,"(460, 4560, 250, 4682, 28.56)",0.0
Amount_shipped,"(460, 4560, 572, 4680, 30.45)",0.0
Amount_shipped,"(460, 4560, 371, 4764, 52.72)",0.0
Amount_shipped,"(460, 4560, 312, 4747, 62.13)",0.0
Amount_shipped,"(460, 4560, 417, 4874, 76.13)",0.0
Amount_shipped,"(460, 4560, 350, 4738, 111.96)",0.0
Amount_shipped,"(460, 4560, 327, 4722, 125.89)",0.0
Amount_shipped,"(460, 4560, 555, 4937, 127.49)",0.0
Amount_shipped,"(460, 4560, 239, 4765, 151.68)",0.0
Amount_shipped,"(460, 4560, 558, 4583, 208.94)",0.0
Amount_shipped,"(460, 4560, 592, 4773, 272.69)",0.0
Amount_shipped,"(460, 4560, 303, 4682, 594.76)",0.0
Amount_shipped,"(460, 4560, 519, 4618, 758.82)",0.0
Amount_shipped,"(460, 4560, 190, 4740, 907.18)",0.0
Amount_shipped,"(460, 4560, 604, 4955, 907.45)",0.0
Amount_shipped,"(460, 4560, 334, 4799, 1285.48)",0.0
Amount_shipped,"(460, 4560, 402, 4762, 1356.12)",0.0
Amount_shipped,"(460, 4580, 604, 4556, 10.77)",0.0
Amount_shipped,"(460, 4580, 545, 4715, 11.01)",0.0
Amount_shipped,"(460, 4580, 598, 4885, 11.15)",0.0
Amount_shipped,"(460, 4580, 622, 4729, 11.5)",0.0
Amount_shipped,"(460, 4580, 136, 4692, 11.61)",0.0
Amount_shipped,"(460, 4580, 494, 4926, 11.95)",0.0
Amount_shipped,"(460, 4580, 627, 4796, 12.52)",0.0
Amount_shipped,"(460, 4580, 604, 4624, 12.57)",0.0
Amount_shipped,"(460, 4580, 497, 4720, 12.7)",0.0
Amount_shipped,"(460, 4580, 503, 4807, 16.06)",0.0
Amount_shipped,"(460, 4580, 612, 4678, 16.32)",0.0
Amount_shipped,"(460, 4580, 345, 4695, 23.25)",0.0
Amount_shipped,"(460, 4580, 696, 4535, 23.59)",0.0
Amount_shipped,"(460, 4580, 250, 4682, 28.56)",0.0
Amount_shipped,"(460, 4580, 572, 4680, 30.45)",0.0
Amount_shipped,"(460, 4580, 371, 4764, 52.72)",0.0
Amount_shipped,"(460, 4580, 312, 4747, 62.13)",0.0
Amount_shipped,"(460, 4580, 417, 4874, 76.13)",0.0
Amount_shipped,"(460, 4580, 350, 4738, 111.96)",0.0
Amount_shipped,"(460, 4580, 327, 4722, 125.89)",0.0
Amount_shipped,"(460, 4580, 555, 4937, 127.49)",0.0
Amount_shipped,"(460, 4580, 239, 4765, 151.68)",0.0
Amount_shipped,"(460, 4580, 558, 4583, 208.94)",0.0
Amount_shipped,"(460, 4580, 592, 4773, 272.69)",0.0
Amount_shipped,"(460, 4580, 303, 4682, 594.76)",0.0
Amount_shipped,"(460, 4580, 519, 4618, 758.82)",0.0
Amount_shipped,"(460, 4580, 190, 4740, 907.18)",0.0
Amount_shipped,"(460, 4580, 604, 4955, 907.45)",0.0
Amount_shipped,"(460, 4580, 334, 4799, 1285.48)",0.0
Amount_shipped,"(460, 4580, 402, 4762, 1356.12)",0.0
Amount_shipped,"(460, 4600, 604, 4556, 10.77)",0.0
Amount_shipped,"(460, 4600, 545, 4715, 11.01)",0.0
Amount_shipped,"(460, 4600, 598, 4885, 11.15)",0.0
Amount_shipped,"(460, 4600, 622, 4729, 11.5)",0.0
Amount_shipped,"(460, 4600, 136, 4692, 11.61)",0.0
Amount_shipped,"(460, 4600, 494, 4926, 11.95)",0.0
Amount_shipped,"(460, 4600, 627, 4796, 12.52)",0.0
Amount_shipped,"(460, 4600, 604, 4624, 12.57)",0.0
Amount_shipped,"(460, 4600, 497, 4720, 12.7)",0.0
Amount_shipped,"(460, 4600, 503, 4807, 16.06)",0.0
Amount_shipped,"(460, 4600, 612, 4678, 16.32)",0.0
Amount_shipped,"(460, 4600, 345, 4695, 23.25)",0.0
Amount_shipped,"(460, 4600, 696, 4535, 23.59)",0.0
Amount_shipped,"(460, 4600, 250, 4682, 28.56)",0.0
Amount_shipped,"(460, 4600, 572, 4680, 30.45)",0.0
Amount_shipped,"(460, 4600, 371, 4764, 52.72)",0.0
Amount_shipped,"(460, 4600, 312, 4747, 62.13)",0.0
Amount_shipped,"(460, 4600, 417, 4874, 76.13)",0.0
Amount_shipped,"(460, 4600, 350, 4738, 111.96)",0.0
Amount_shipped,"(460, 4600, 327, 4722, 125.89)",0.0
Amount_shipped,"(460, 4600, 555, 4937, 127.49)",0.0
Amount_shipped,"(460, 4600, 239, 4765, 151.68)",0.0
Amount_shipped,"(460, 4600, 558, 4583, 208.94)",0.0
Amount_shipped,"(460, 4600, 592, 4773, 272.69)",0.0
Amount_shipped,"(460, 4600, 303, 4682, 594.76)",0.0
Amount_shipped,"(460, 4600, 519, 4618, 758.82)",0.0
Amount_shipped,"(460, 4600, 190, 4740, 907.18)",0.0
Amount_shipped,"(460, 4600, 604, 4955, 907.45)",0.0
Amount_shipped,"(460, 4600, 334, 4799, 1285.48)",0.0
Amount_shipped,"(460, 4600, 402, 4762, 1356.12)",0.0
Amount_shipped,"(460, 4620, 604, 4556, 10.77)",0.0
Amount_shipped,"(460, 4620, 545, 4715, 11.01)",0.0
Amount_shipped,"(460, 4620, 598, 4885, 11.15)",0.0
Amount_shipped,"(460, 4620, 622, 4729, 11.5)",0.0
Amount_shipped,"(460, 4620, 136, 4692, 11.61)",0.0
Amount_shipped,"(460, 4620, 494, 4926, 11.95)",0.0
Amount_shipped,"(460, 4620, 627, 4796, 12.52)",0.0
Amount_shipped,"(460, 4620, 604, 4624, 12.57)",0.0
Amount_shipped,"(460, 4620, 497, 4720, 12.7)",0.0
Amount_shipped,"(460, 4620, 503, 4807, 16.06)",0.0
Amount_shipped,"(460, 4620, 612, 4678, 16.32)",0.0
Amount_shipped,"(460, 4620, 345, 4695, 23.25)",0.0
Amount_shipped,"(460, 4620, 696, 4535, 23.59)",0.0
Amount_shipped,"(460, 4620, 250, 4682, 28.56)",0.0
Amount_shipped,"(460, 4620, 572, 4680, 30.45)",0.0
Amount_shipped,"(460, 4620, 371, 4764, 52.72)",0.0
Amount_shipped,"(460, 4620, 312, 4747, 62.13)",0.0
Amount_shipped,"(460, 4620, 417, 4874, 76.13)",0.0
Amount_shipped,"(460, 4620, 350, 4738, 111.96)",0.0
Amount_shipped,"(460, 4620, 327, 4722, 125.89)",0.0
Amount_shipped,"(460, 4620, 555, 4937, 127.49)",0.0
Amount_shipped,"(460, 4620, 239, 4765, 151.68)",0.0
Amount_shipped,"(460, 4620, 558, 4583, 208.94)",0.0
Amount_shipped,"(460, 4620, 592, 4773, 272.69)",0.0
Amount_shipped,"(460, 4620, 303, 4682, 594.76)",0.0
Amount_shipped,"(460, 4620, 519, 4618, 758.82)",0.0
Amount_shipped,"(460, 4620, 190, 4740, 907.18)",0.0
Amount_shipped,"(460, 4620, 604, 4955, 907.45)",0.0
Amount_shipped,"(460, 4620, 334, 4799, 1285.48)",0.0
Amount_shipped,"(460, 4620, 402, 4762, 1356.12)",0.0
Amount_shipped,"(460, 4640, 604, 4556, 10.77)",0.0
Amount_shipped,"(460, 4640, 545, 4715, 11.01)",0.0
Amount_shipped,"(460, 4640, 598, 4885, 11.15)",0.0
Amount_shipped,"(460, 4640, 622, 4729, 11.5)",0.0
Amount_shipped,"(460, 4640, 136, 4692, 11.61)",0.0
Amount_shipped,"(460, 4640, 494, 4926, 11.95)",0.0
Amount_shipped,"(460, 4640, 627, 4796, 12.52)",0.0
Amount_shipped,"(460, 4640, 604, 4624, 12.57)",0.0
Amount_shipped,"(460, 4640, 497, 4720, 12.7)",0.0
Amount_shipped,"(460, 4640, 503, 4807, 16.06)",0.0
Amount_shipped,"(460, 4640, 612, 4678, 16.32)",0.0
Amount_shipped,"(460, 4640, 345, 4695, 23.25)",0.0
Amount_shipped,"(460, 4640, 696, 4535, 23.59)",0.0
Amount_shipped,"(460, 4640, 250, 4682, 28.56)",0.0
Amount_shipped,"(460, 4640, 572, 4680, 30.45)",0.0
Amount_shipped,"(460, 4640, 371, 4764, 52.72)",0.0
Amount_shipped,"(460, 4640, 312, 4747, 62.13)",0.0
Amount_shipped,"(460, 4640, 417, 4874, 76.13)",0.0
Amount_shipped,"(460, 4640, 350, 4738, 111.96)",0.0
Amount_shipped,"(460, 4640, 327, 4722, 125.89)",0.0
Amount_shipped,"(460, 4640, 555, 4937, 127.49)",0.0
Amount_shipped,"(460, 4640, 239, 4765, 151.68)",0.0
Amount_shipped,"(460, 4640, 558, 4583, 208.94)",0.0
Amount_shipped,"(460, 4640, 592, 4773, 272.69)",0.0
Amount_shipped,"(460, 4640, 303, 4682, 594.76)",0.0
Amount_shipped,"(460, 4640, 519, 4618, 758.82)",0.0
Amount_shipped,"(460, 4640, 190, 4740, 907.18)",0.0
Amount_shipped,"(460, 4640, 604, 4955, 907.45)",0.0
Amount_shipped,"(460, 4640, 334, 4799, 1285.48)",0.0
Amount_shipped,"(460, 4640, 402, 4762, 1356.12)",0.0
Amount_shipped,"(460, 4660, 604, 4556, 10.77)",0.0
Amount_shipped,"(460, 4660, 545, 4715, 11.01)",0.0
Amount_shipped,"(460, 4660, 598, 4885, 11.15)",0.0
Amount_shipped,"(460, 4660, 622, 4729, 11.5)",0.0
Amount_shipped,"(460, 4660, 136, 4692, 11.61)",0.0
Amount_shipped,"(460, 4660, 494, 4926, 11.95)",0.0
Amount_shipped,"(460, 4660, 627, 4796, 12.52)",0.0
Amount_shipped,"(460, 4660, 604, 4624, 12.57)",0.0
Amount_shipped,"(460, 4660, 497, 4720, 12.7)",0.0
Amount_shipped,"(460, 4660, 503, 4807, 16.06)",0.0
Amount_shipped,"(460, 4660, 612, 4678, 16.32)",0.0
Amount_shipped,"(460, 4660, 345, 4695, 23.25)",0.0
Amount_shipped,"(460, 4660, 696, 4535, 23.59)",0.0
Amount_shipped,"(460, 4660, 250, 4682, 28.56)",0.0
Amount_shipped,"(460, 4660, 572, 4680, 30.45)",0.0
Amount_shipped,"(460, 4660, 371, 4764, 52.72)",0.0
Amount_shipped,"(460, 4660, 312, 4747, 62.13)",0.0
Amount_shipped,"(460, 4660, 417, 4874, 76.13)",0.0
Amount_shipped,"(460, 4660, 350, 4738, 111.96)",0.0
Amount_shipped,"(460, 4660, 327, 4722, 125.89)",0.0
Amount_shipped,"(460, 4660, 555, 4937, 127.49)",0.0
Amount_shipped,"(460, 4660, 239, 4765, 151.68)",0.0
Amount_shipped,"(460, 4660, 558, 4583, 208.94)",0.0
Amount_shipped,"(460, 4660, 592, 4773, 272.69)",0.0
Amount_shipped,"(460, 4660, 303, 4682, 594.76)",0.0
Amount_shipped,"(460, 4660, 519, 4618, 758.82)",0.0
Amount_shipped,"(460, 4660, 190, 4740, 907.18)",0.0
Amount_shipped,"(460, 4660, 604, 4955, 907.45)",0.0
Amount_shipped,"(460, 4660, 334, 4799, 1285.48)",0.0
Amount_shipped,"(460, 4660, 402, 4762, 1356.12)",0.0
Amount_shipped,"(460, 4680, 604, 4556, 10.77)",0.0
Amount_shipped,"(460, 4680, 545, 4715, 11.01)",0.0
Amount_shipped,"(460, 4680, 598, 4885, 11.15)",0.0
Amount_shipped,"(460, 4680, 622, 4729, 11.5)",0.0
Amount_shipped,"(460, 4680, 136, 4692, 11.61)",0.0
Amount_shipped,"(460, 4680, 494, 4926, 11.95)",0.0
Amount_shipped,"(460, 4680, 627, 4796, 12.52)",0.0
Amount_shipped,"(460, 4680, 604, 4624, 12.57)",0.0
Amount_shipped,"(460, 4680, 497, 4720, 12.7)",0.0
Amount_shipped,"(460, 4680, 503, 4807, 16.06)",0.0
Amount_shipped,"(460, 4680, 612, 4678, 16.32)",0.0
Amount_shipped,"(460, 4680, 345, 4695, 23.25)",0.0
Amount_shipped,"(460, 4680, 696, 4535, 23.59)",0.0
Amount_shipped,"(460, 4680, 250, 4682, 28.56)",0.0
Amount_shipped,"(460, 4680, 572, 4680, 30.45)",0.0
Amount_shipped,"(460, 4680, 371, 4764, 52.72)",0.0
Amount_shipped,"(460, 4680, 312, 4747, 62.13)",0.0
Amount_shipped,"(460, 4680, 417, 4874, 76.13)",0.0
Amount_shipped,"(460, 4680, 350, 4738, 111.96)",0.0
Amount_shipped,"(460, 4680, 327, 4722, 125.89)",0.0
Amount_shipped,"(460, 4680, 555, 4937, 127.49)",0.0
Amount_shipped,"(460, 4680, 239, 4765, 151.68)",0.0
Amount_shipped,"(460, 4680, 558, 4583, 208.94)",0.0
Amount_shipped,"(460, 4680, 592, 4773, 272.69)",0.0
Amount_shipped,"(460, 4680, 303, 4682, 594.76)",0.0
Amount_shipped,"(460, 4680, 519, 4618, 758.82)",0.0
Amount_shipped,"(460, 4680, 190, 4740, 907.18)",0.0
Amount_shipped,"(460, 4680, 604, 4955, 907.45)",0.0
Amount_shipped,"(460, 4680, 334, 4799, 1285.48)",0.0
Amount_shipped,"(460, 4680, 402, 4762, 1356.12)",0.0
Amount_shipped,"(460, 4700, 604, 4556, 10.77)",0.0
Amount_shipped,"(460, 4700, 545, 4715, 11.01)",0.0
Amount_shipped,"(460, 4700, 598, 4885, 11.15)",0.0
Amount_shipped,"(460, 4700, 622, 4729, 11.5)",0.0
Amount_shipped,"(460, 4700, 136, 4692, 11.61)",0.0
Amount_shipped,"(460, 4700, 494, 4926, 11.95)",0.0
Amount_shipped,"(460, 4700, 627, 4796, 12.52)",0.0
Amount_shipped,"(460, 4700, 604, 4624, 12.57)",0.0
Amount_shipped,"(460, 4700, 497, 4720, 12.7)",0.0
Amount_shipped,"(460, 4700, 503, 4807, 16.06)",0.0
Amount_shipped,"(460, 4700, 612, 4678, 16.32)",0.0
Amount_shipped,"(460, 4700, 345, 4695, 23.25)",0.0
Amount_shipped,"(460, 4700, 696, 4535, 23.59)",0.0
Amount_shipped,"(460, 4700, 250, 4682, 28.56)",0.0
Amount_shipped,"(460, 4700, 572, 4680, 30.45)",0.0
Amount_shipped,"(460, 4700, 371, 4764, 52.72)",0.0
Amount_shipped,"(460, 4700, 312, 4747, 62.13)",0.0
Amount_shipped,"(460, 4700, 417, 4874, 76.13)",0.0
Amount_shipped,"(460, 4700, 350, 4738, 111.96)",0.0
Amount_shipped,"(460, 4700, 327, 4722, 125.89)",0.0
Amount_shipped,"(460, 4700, 555, 4937, 127.49)",0.0
Amount_shipped,"(460, 4700, 239, 4765, 151.68)",0.0
Amount_shipped,"(460, 4700, 558, 4583, 208.94)",0.0
Amount_shipped,"(460, 4700, 592, 4773, 272.69)",0.0
Amount_shipped,"(460, 4700, 303, 4682, 594.76)",0.0
Amount_shipped,"(460, 4700, 519, 4618, 758.82)",0.0
Amount_shipped,"(460, 4700, 190, 4740, 907.18)",0.0
Amount_shipped,"(460, 4700, 604, 4955, 907.45)",0.0
Amount_shipped,"(460, 4700, 334, 4799, 1285.48)",0.0
Amount_shipped,"(460, 4700, 402, 4762, 1356.12)",0.0
Amount_shipped,"(460, 4720, 604, 4556, 10.77)",0.0
Amount_shipped,"(460, 4720, 545, 4715, 11.01)",0.0
Amount_shipped,"(460, 4720, 598, 4885, 11.15)",0.0
Amount_shipped,"(460, 4720, 622, 4729, 11.5)",0.0
Amount_shipped,"(460, 4720, 136, 4692, 11.61)",0.0
Amount_shipped,"(460, 4720, 494, 4926, 11.95)",0.0
Amount_shipped,"(460, 4720, 627, 4796, 12.52)",0.0
Amount_shipped,"(460, 4720, 604, 4624, 12.57)",0.0
Amount_shipped,"(460, 4720, 497, 4720, 12.7)",0.0
Amount_shipped,"(460, 4720, 503, 4807, 16.06)",0.0
Amount_shipped,"(460, 4720, 612, 4678, 16.32)",0.0
Amount_shipped,"(460, 4720, 345, 4695, 23.25)",0.0
Amount_shipped,"(460, 4720, 696, 4535, 23.59)",0.0
Amount_shipped,"(460, 4720, 250, 4682, 28.56)",0.0
Amount_shipped,"(460, 4720, 572, 4680, 30.45)",0.0
Amount_shipped,"(460, 4720, 371, 4764, 52.72)",0.0
Amount_shipped,"(460, 4720, 312, 4747, 62.13)",0.0
Amount_shipped,"(460, 4720, 417, 4874, 76.13)",0.0
Amount_shipped,"(460, 4720, 350, 4738, 111.96)",0.0
Amount_shipped,"(460, 4720, 327, 4722, 125.89)",0.0
Amount_shipped,"(460, 4720, 555, 4937, 127.49)",0.0
Amount_shipped,"(460, 4720, 239, 4765, 151.68)",0.0
Amount_shipped,"(460, 4720, 558, 4583, 208.94)",0.0
Amount_shipped,"(460, 4720, 592, 4773, 272.69)",0.0
Amount_shipped,"(460, 4720, 303, 4682, 594.76)",0.0
Amount_shipped,"(460, 4720, 519, 4618, 758.82)",0.0
Amount_shipped,"(460, 4720, 190, 4740, 907.18)",0.0
Amount_shipped,"(460, 4720, 604, 4955, 907.45)",0.0
Amount_shipped,"(460, 4720, 334, 4799, 1285.48)",0.0
Amount_shipped,"(460, 4720, 402, 4762, 1356.12)",0.0
Amount_shipped,"(460, 4740, 604, 4556, 10.77)",0.0
Amount_shipped,"(460, 4740, 545, 4715, 11.01)",0.0
Amount_shipped,"(460, 4740, 598, 4885, 11.15)",0.0
Amount_shipped,"(460, 4740, 622, 4729, 11.5)",0.0
Amount_shipped,"(460, 4740, 136, 4692, 11.61)",0.0
Amount_shipped,"(460, 4740, 494, 4926, 11.95)",0.0
Amount_shipped,"(460, 4740, 627, 4796, 12.52)",0.0
Amount_shipped,"(460, 4740, 604, 4624, 12.57)",0.0
Amount_shipped,"(460, 4740, 497, 4720, 12.7)",0.0
Amount_shipped,"(460, 4740, 503, 4807, 16.06)",0.0
Amount_shipped,"(460, 4740, 612, 4678, 16.32)",0.0
Amount_shipped,"(460, 4740, 345, 4695, 23.25)",0.0
Amount_shipped,"(460, 4740, 696, 4535, 23.59)",0.0
Amount_shipped,"(460, 4740, 250, 4682, 28.56)",0.0
Amount_shipped,"(460, 4740, 572, 4680, 30.45)",0.0
Amount_shipped,"(460, 4740, 371, 4764, 52.72)",0.0
Amount_shipped,"(460, 4740, 312, 4747, 62.13)",0.0
Amount_shipped,"(460, 4740, 417, 4874, 76.13)",0.0
Amount_shipped,"(460, 4740, 350, 4738, 111.96)",0.0
Amount_shipped,"(460, 4740, 327, 4722, 125.89)",0.0
Amount_shipped,"(460, 4740, 555, 4937, 127.49)",0.0
Amount_shipped,"(460, 4740, 239, 4765, 151.68)",0.0
Amount_shipped,"(460, 4740, 558, 4583, 208.94)",0.0
Amount_shipped,"(460, 4740, 592, 4773, 272.69)",0.0
Amount_shipped,"(460, 4740, 303, 4682, 594.76)",0.0
Amount_shipped,"(460, 4740, 519, 4618, 758.82)",0.0
Amount_shipped,"(460, 4740, 190, 4740, 907.18)",0.0
Amount_shipped,"(460, 4740, 604, 4955, 907.45)",0.0
Amount_shipped,"(460, 4740, 334, 4799, 1285.48)",0.0
Amount_shipped,"(460, 4740, 402, 4762, 1356.12)",0.0
Amount_shipped,"(460, 4760, 604, 4556, 10.77)",0.0
Amount_shipped,"(460, 4760, 545, 4715, 11.01)",0.0
Amount_shipped,"(460, 4760, 598, 4885, 11.15)",0.0
Amount_shipped,"(460, 4760, 622, 4729, 11.5)",0.0
Amount_shipped,"(460, 4760, 136, 4692, 11.61)",0.0
Amount_shipped,"(460, 4760, 494, 4926, 11.95)",0.0
Amount_shipped,"(460, 4760, 627, 4796, 12.52)",0.0
Amount_shipped,"(460, 4760, 604, 4624, 12.57)",0.0
Amount_shipped,"(460, 4760, 497, 4720, 12.7)",0.0
Amount_shipped,"(460, 4760, 503, 4807, 16.06)",0.0
Amount_shipped,"(460, 4760, 612, 4678, 16.32)",0.0
Amount_shipped,"(460, 4760, 345, 4695, 23.25)",0.0
Amount_shipped,"(460, 4760, 696, 4535, 23.59)",0.0
Amount_shipped,"(460, 4760, 250, 4682, 28.56)",0.0
Amount_shipped,"(460, 4760, 572, 4680, 30.45)",0.0
Amount_shipped,"(460, 4760, 371, 4764, 52.72)",0.0
Amount_shipped,"(460, 4760, 312, 4747, 62.13)",0.0
Amount_shipped,"(460, 4760, 417, 4874, 76.13)",0.0
Amount_shipped,"(460, 4760, 350, 4738, 111.96)",0.0
Amount_shipped,"(460, 4760, 327, 4722, 125.89)",0.0
Amount_shipped,"(460, 4760, 555, 4937, 127.49)",0.0
Amount_shipped,"(460, 4760, 239, 4765, 151.68)",0.0
Amount_shipped,"(460, 4760, 558, 4583, 208.94)",0.0
Amount_shipped,"(460, 4760, 592, 4773, 272.69)",0.0
Amount_shipped,"(460, 4760, 303, 4682, 594.76)",0.0
Amount_shipped,"(460, 4760, 519, 4618, 758.82)",0.0
Amount_shipped,"(460, 4760, 190, 4740, 907.18)",0.0
Amount_shipped,"(460, 4760, 604, 4955, 907.45)",0.0
Amount_shipped,"(460, 4760, 334, 4799, 1285.48)",0.0
Amount_shipped,"(460, 4760, 402, 4762, 1356.12)",0.0
Amount_shipped,"(460, 4780, 604, 4556, 10.77)",0.0
Amount_shipped,"(460, 4780, 545, 4715, 11.01)",0.0
Amount_shipped,"(460, 4780, 598, 4885, 11.15)",0.0
Amount_shipped,"(460, 4780, 622, 4729, 11.5)",0.0
Amount_shipped,"(460, 4780, 136, 4692, 11.61)",0.0
Amount_shipped,"(460, 4780, 494, 4926, 11.95)",0.0
Amount_shipped,"(460, 4780, 627, 4796, 12.52)",0.0
Amount_shipped,"(460, 4780, 604, 4624, 12.57)",0.0
Amount_shipped,"(460, 4780, 497, 4720, 12.7)",0.0
Amount_shipped,"(460, 4780, 503, 4807, 16.06)",0.0
Amount_shipped,"(460, 4780, 612, 4678, 16.32)",0.0
Amount_shipped,"(460, 4780, 345, 4695, 23.25)",0.0
Amount_shipped,"(460, 4780, 696, 4535, 23.59)",0.0
Amount_shipped,"(460, 4780, 250, 4682, 28.56)",0.0
Amount_shipped,"(460, 4780, 572, 4680, 30.45)",0.0
Amount_shipped,"(460, 4780, 371, 4764, 52.72)",0.0
Amount_shipped,"(460, 4780, 312, 4747, 62.13)",0.0
Amount_shipped,"(460, 4780, 417, 4874, 76.13)",0.0
Amount_shipped,"(460, 4780, 350, 4738, 111.96)",0.0
Amount_shipped,"(460, 4780, 327, 4722, 125.89)",0.0
Amount_shipped,"(460, 4780, 555, 4937, 127.49)",0.0
Amount_shipped,"(460, 4780, 239, 4765, 151.68)",0.0
Amount_shipped,"(460, 4780, 558, 4583, 208.94)",0.0
Amount_shipped,"(460, 4780, 592, 4773, 272.69)",0.0
Amount_shipped,"(460, 4780, 303, 4682, 594.76)",0.0
Amount_shipped,"(460, 4780, 519, 4618, 758.82)",0.0
Amount_shipped,"(460, 4780, 190, 4740, 907.18)",0.0
Amount_shipped,"(460, 4780, 604, 4955, 907.45)",0.0
Amount_shipped,"(460, 4780, 334, 4799, 1285.48)",0.0
Amount_shipped,"(460, 4780, 402, 4762, 1356.12)",0.0
Amount_shipped,"(460, 4800, 604, 4556, 10.77)",0.0
Amount_shipped,"(460, 4800, 545, 4715, 11.01)",0.0
Amount_shipped,"(460, 4800, 598, 4885, 11.15)",0.0
Amount_shipped,"(460, 4800, 622, 4729, 11.5)",0.0
Amount_shipped,"(460, 4800, 136, 4692, 11.61)",0.0
Amount_shipped,"(460, 4800, 494, 4926, 11.95)",0.0
Amount_shipped,"(460, 4800, 627, 4796, 12.52)",0.0
Amount_shipped,"(460, 4800, 604, 4624, 12.57)",0.0
Amount_shipped,"(460, 4800, 497, 4720, 12.7)",0.0
Amount_shipped,"(460, 4800, 503, 4807, 16.06)",0.0
Amount_shipped,"(460, 4800, 612, 4678, 16.32)",0.0
Amount_shipped,"(460, 4800, 345, 4695, 23.25)",0.0
Amount_shipped,"(460, 4800, 696, 4535, 23.59)",0.0
Amount_shipped,"(460, 4800, 250, 4682, 28.56)",0.0
Amount_shipped,"(460, 4800, 572, 4680, 30.45)",0.0
Amount_shipped,"(460, 4800, 371, 4764, 52.72)",0.0
Amount_shipped,"(460, 4800, 312, 4747, 62.13)",0.0
Amount_shipped,"(460, 4800, 417, 4874, 76.13)",0.0
Amount_shipped,"(460, 4800, 350, 4738, 111.96)",0.0
Amount_shipped,"(460, 4800, 327, 4722, 125.89)",0.0
Amount_shipped,"(460, 4800, 555, 4937, 127.49)",0.0
Amount_shipped,"(460, 4800, 239, 4765, 151.68)",0.0
Amount_shipped,"(460, 4800, 558, 4583, 208.94)",0.0
Amount_shipped,"(460, 4800, 592, 4773, 272.69)",0.0
Amount_shipped,"(460, 4800, 303, 4682, 594.76)",0.0
Amount_shipped,"(460, 4800, 519, 4618, 758.82)",0.0
Amount_shipped,"(460, 4800, 190, 4740, 907.18)",0.0
Amount_shipped,"(460, 4800, 604, 4955, 907.45)",0.0
Amount_shipped,"(460, 4800, 334, 4799, 1285.48)",0.0
Amount_shipped,"(460, 4800, 402, 4762, 1356.12)",0.0
Amount_shipped,"(460, 4820, 604, 4556, 10.77)",0.0
Amount_shipped,"(460, 4820, 545, 4715, 11.01)",0.0
Amount_shipped,"(460, 4820, 598, 4885, 11.15)",0.0
Amount_shipped,"(460, 4820, 622, 4729, 11.5)",0.0
Amount_shipped,"(460, 4820, 136, 4692, 11.61)",0.0
Amount_shipped,"(460, 4820, 494, 4926, 11.95)",0.0
Amount_shipped,"(460, 4820, 627, 4796, 12.52)",0.0
Amount_shipped,"(460, 4820, 604, 4624, 12.57)",0.0
Amount_shipped,"(460, 4820, 497, 4720, 12.7)",0.0
Amount_shipped,"(460, 4820, 503, 4807, 16.06)",0.0
Amount_shipped,"(460, 4820, 612, 4678, 16.32)",0.0
Amount_shipped,"(460, 4820, 345, 4695, 23.25)",0.0
Amount_shipped,"(460, 4820, 696, 4535, 23.59)",0.0
Amount_shipped,"(460, 4820, 250, 4682, 28.56)",0.0
Amount_shipped,"(460, 4820, 572, 4680, 30.45)",0.0
Amount_shipped,"(460, 4820, 371, 4764, 52.72)",0.0
Amount_shipped,"(460, 4820, 312, 4747, 62.13)",0.0
Amount_shipped,"(460, 4820, 417, 4874, 76.13)",0.0
Amount_shipped,"(460, 4820, 350, 4738, 111.96)",0.0
Amount_shipped,"(460, 4820, 327, 4722, 125.89)",0.0
Amount_shipped,"(460, 4820, 555, 4937, 127.49)",0.0
Amount_shipped,"(460, 4820, 239, 4765, 151.68)",0.0
Amount_shipped,"(460, 4820, 558, 4583, 208.94)",0.0
Amount_shipped,"(460, 4820, 592, 4773, 272.69)",0.0
Amount_shipped,"(460, 4820, 303, 4682, 594.76)",0.0
Amount_shipped,"(460, 4820, 519, 4618, 758.82)",0.0
Amount_shipped,"(460, 4820, 190, 4740, 907.18)",0.0
Amount_shipped,"(460, 4820, 604, 4955, 907.45)",0.0
Amount_shipped,"(460, 4820, 334, 4799, 1285.48)",0.0
Amount_shipped,"(460, 4820, 402, 4762, 1356.12)",0.0
Amount_shipped,"(460, 4840, 604, 4556, 10.77)",0.0
Amount_shipped,"(460, 4840, 545, 4715, 11.01)",0.0
Amount_shipped,"(460, 4840, 598, 4885, 11.15)",0.0
Amount_shipped,"(460, 4840, 622, 4729, 11.5)",0.0
Amount_shipped,"(460, 4840, 136, 4692, 11.61)",0.0
Amount_shipped,"(460, 4840, 494, 4926, 11.95)",0.0
Amount_shipped,"(460, 4840, 627, 4796, 12.52)",0.0
Amount_shipped,"(460, 4840, 604, 4624, 12.57)",0.0
Amount_shipped,"(460, 4840, 497, 4720, 12.7)",0.0
Amount_shipped,"(460, 4840, 503, 4807, 16.06)",0.0
Amount_shipped,"(460, 4840, 612, 4678, 16.32)",0.0
Amount_shipped,"(460, 4840, 345, 4695, 23.25)",0.0
Amount_shipped,"(460, 4840, 696, 4535, 23.59)",0.0
Amount_shipped,"(460, 4840, 250, 4682, 28.56)",0.0
Amount_shipped,"(460, 4840, 572, 4680, 30.45)",0.0
Amount_shipped,"(460, 4840, 371, 4764, 52.72)",0.0
Amount_shipped,"(460, 4840, 312, 4747, 62.13)",0.0
Amount_shipped,"(460, 4840, 417, 4874, 76.13)",0.0
Amount_shipped,"(460, 4840, 350, 4738, 111.96)",0.0
Amount_shipped,"(460, 4840, 327, 4722, 125.89)",0.0
Amount_shipped,"(460, 4840, 555, 4937, 127.49)",0.0
Amount_shipped,"(460, 4840, 239, 4765, 151.68)",0.0
Amount_shipped,"(460, 4840, 558, 4583, 208.94)",0.0
Amount_shipped,"(460, 4840, 592, 4773, 272.69)",0.0
Amount_shipped,"(460, 4840, 303, 4682, 594.76)",0.0
Amount_shipped,"(460, 4840, 519, 4618, 758.82)",0.0
Amount_shipped,"(460, 4840, 190, 4740, 907.18)",0.0
Amount_shipped,"(460, 4840, 604, 4955, 907.45)",0.0
Amount_shipped,"(460, 4840, 334, 4799, 1285.48)",0.0
Amount_shipped,"(460, 4840, 402, 4762, 1356.12)",0.0
Amount_shipped,"(460, 4860, 604, 4556, 10.77)",0.0
Amount_shipped,"(460, 4860, 545, 4715, 11.01)",0.0
Amount_shipped,"(460, 4860, 598, 4885, 11.15)",0.0
Amount_shipped,"(460, 4860, 622, 4729, 11.5)",0.0
Amount_shipped,"(460, 4860, 136, 4692, 11.61)",0.0
Amount_shipped,"(460, 4860, 494, 4926, 11.95)",0.0
Amount_shipped,"(460, 4860, 627, 4796, 12.52)",0.0
Amount_shipped,"(460, 4860, 604, 4624, 12.57)",0.0
Amount_shipped,"(460, 4860, 497, 4720, 12.7)",0.0
Amount_shipped,"(460, 4860, 503, 4807, 16.06)",0.0
Amount_shipped,"(460, 4860, 612, 4678, 16.32)",0.0
Amount_shipped,"(460, 4860, 345, 4695, 23.25)",0.0
Amount_shipped,"(460, 4860, 696, 4535, 23.59)",0.0
Amount_shipped,"(460, 4860, 250, 4682, 28.56)",0.0
Amount_shipped,"(460, 4860, 572, 4680, 30.45)",0.0
Amount_shipped,"(460, 4860, 371, 4764, 52.72)",0.0
Amount_shipped,"(460, 4860, 312, 4747, 62.13)",0.0
Amount_shipped,"(460, 4860, 417, 4874, 76.13)",0.0
Amount_shipped,"(460, 4860, 350, 4738, 111.96)",0.0
Amount_shipped,"(460, 4860, 327, 4722, 125.89)",0.0
Amount_shipped,"(460, 4860, 555, 4937, 127.49)",0.0
Amount_shipped,"(460, 4860, 239, 4765, 151.68)",0.0
Amount_shipped,"(460, 4860, 558, 4583, 208.94)",0.0
Amount_shipped,"(460, 4860, 592, 4773, 272.69)",0.0
Amount_shipped,"(460, 4860, 303, 4682, 594.76)",0.0
Amount_shipped,"(460, 4860, 519, 4618, 758.82)",0.0
Amount_shipped,"(460, 4860, 190, 4740, 907.18)",0.0
Amount_shipped,"(460, 4860, 604, 4955, 907.45)",0.0
Amount_shipped,"(460, 4860, 334, 4799, 1285.48)",0.0
Amount_shipped,"(460, 4860, 402, 4762, 1356.12)",0.0
Amount_shipped,"(460, 4880, 604, 4556, 10.77)",0.0
Amount_shipped,"(460, 4880, 545, 4715, 11.01)",0.0
Amount_shipped,"(460, 4880, 598, 4885, 11.15)",0.0
Amount_shipped,"(460, 4880, 622, 4729, 11.5)",0.0
Amount_shipped,"(460, 4880, 136, 4692, 11.61)",0.0
Amount_shipped,"(460, 4880, 494, 4926, 11.95)",0.0
Amount_shipped,"(460, 4880, 627, 4796, 12.52)",0.0
Amount_shipped,"(460, 4880, 604, 4624, 12.57)",0.0
Amount_shipped,"(460, 4880, 497, 4720, 12.7)",0.0
Amount_shipped,"(460, 4880, 503, 4807, 16.06)",0.0
Amount_shipped,"(460, 4880, 612, 4678, 16.32)",0.0
Amount_shipped,"(460, 4880, 345, 4695, 23.25)",0.0
Amount_shipped,"(460, 4880, 696, 4535, 23.59)",0.0
Amount_shipped,"(460, 4880, 250, 4682, 28.56)",0.0
Amount_shipped,"(460, 4880, 572, 4680, 30.45)",0.0
Amount_shipped,"(460, 4880, 371, 4764, 52.72)",0.0
Amount_shipped,"(460, 4880, 312, 4747, 62.13)",0.0
Amount_shipped,"(460, 4880, 417, 4874, 76.13)",0.0
Amount_shipped,"(460, 4880, 350, 4738, 111.96)",0.0
Amount_shipped,"(460, 4880, 327, 4722, 125.89)",0.0
Amount_shipped,"(460, 4880, 555, 4937, 127.49)",0.0
Amount_shipped,"(460, 4880, 239, 4765, 151.68)",0.0
Amount_shipped,"(460, 4880, 558, 4583, 208.94)",0.0
Amount_shipped,"(460, 4880, 592, 4773, 272.69)",0.0
Amount_shipped,"(460, 4880, 303, 4682, 594.76)",0.0
Amount_shipped,"(460, 4880, 519, 4618, 758.82)",0.0
Amount_shipped,"(460, 4880, 190, 4740, 907.18)",0.0
Amount_shipped,"(460, 4880, 604, 4955, 907.45)",0.0
Amount_shipped,"(460, 4880, 334, 4799, 1285.48)",0.0
Amount_shipped,"(460, 4880, 402, 4762, 1356.12)",0.0
Amount_shipped,"(460, 4900, 604, 4556, 10.77)",0.0
Amount_shipped,"(460, 4900, 545, 4715, 11.01)",0.0
Amount_shipped,"(460, 4900, 598, 4885, 11.15)",0.0
Amount_shipped,"(460, 4900, 622, 4729, 11.5)",0.0
Amount_shipped,"(460, 4900, 136, 4692, 11.61)",0.0
Amount_shipped,"(460, 4900, 494, 4926, 11.95)",0.0
Amount_shipped,"(460, 4900, 627, 4796, 12.52)",0.0
Amount_shipped,"(460, 4900, 604, 4624, 12.57)",0.0
Amount_shipped,"(460, 4900, 497, 4720, 12.7)",0.0
Amount_shipped,"(460, 4900, 503, 4807, 16.06)",0.0
Amount_shipped,"(460, 4900, 612, 4678, 16.32)",0.0
Amount_shipped,"(460, 4900, 345, 4695, 23.25)",0.0
Amount_shipped,"(460, 4900, 696, 4535, 23.59)",0.0
Amount_shipped,"(460, 4900, 250, 4682, 28.56)",0.0
Amount_shipped,"(460, 4900, 572, 4680, 30.45)",0.0
Amount_shipped,"(460, 4900, 371, 4764, 52.72)",0.0
Amount_shipped,"(460, 4900, 312, 4747, 62.13)",0.0
Amount_shipped,"(460, 4900, 417, 4874, 76.13)",0.0
Amount_shipped,"(460, 4900, 350, 4738, 111.96)",0.0
Amount_shipped,"(460, 4900, 327, 4722, 125.89)",0.0
Amount_shipped,"(460, 4900, 555, 4937, 127.49)",0.0
Amount_shipped,"(460, 4900, 239, 4765, 151.68)",0.0
Amount_shipped,"(460, 4900, 558, 4583, 208.94)",0.0
Amount_shipped,"(460, 4900, 592, 4773, 272.69)",0.0
Amount_shipped,"(460, 4900, 303, 4682, 594.76)",0.0
Amount_shipped,"(460, 4900, 519, 4618, 758.82)",0.0
Amount_shipped,"(460, 4900, 190, 4740, 907.18)",0.0
Amount_shipped,"(460, 4900, 604, 4955, 907.45)",0.0
Amount_shipped,"(460, 4900, 334, 4799, 1285.48)",0.0
Amount_shipped,"(460, 4900, 402, 4762, 1356.12)",0.0
Amount_shipped,"(460, 4920, 604, 4556, 10.77)",0.0
Amount_shipped,"(460, 4920, 545, 4715, 11.01)",0.0
Amount_shipped,"(460, 4920, 598, 4885, 11.15)",0.0
Amount_shipped,"(460, 4920, 622, 4729, 11.5)",0.0
Amount_shipped,"(460, 4920, 136, 4692, 11.61)",0.0
Amount_shipped,"(460, 4920, 494, 4926, 11.95)",0.0
Amount_shipped,"(460, 4920, 627, 4796, 12.52)",0.0
Amount_shipped,"(460, 4920, 604, 4624, 12.57)",0.0
Amount_shipped,"(460, 4920, 497, 4720, 12.7)",0.0
Amount_shipped,"(460, 4920, 503, 4807, 16.06)",0.0
Amount_shipped,"(460, 4920, 612, 4678, 16.32)",0.0
Amount_shipped,"(460, 4920, 345, 4695, 23.25)",0.0
Amount_shipped,"(460, 4920, 696, 4535, 23.59)",0.0
Amount_shipped,"(460, 4920, 250, 4682, 28.56)",0.0
Amount_shipped,"(460, 4920, 572, 4680, 30.45)",0.0
Amount_shipped,"(460, 4920, 371, 4764, 52.72)",0.0
Amount_shipped,"(460, 4920, 312, 4747, 62.13)",0.0
Amount_shipped,"(460, 4920, 417, 4874, 76.13)",0.0
Amount_shipped,"(460, 4920, 350, 4738, 111.96)",0.0
Amount_shipped,"(460, 4920, 327, 4722, 125.89)",0.0
Amount_shipped,"(460, 4920, 555, 4937, 127.49)",0.0
Amount_shipped,"(460, 4920, 239, 4765, 151.68)",0.0
Amount_shipped,"(460, 4920, 558, 4583, 208.94)",0.0
Amount_shipped,"(460, 4920, 592, 4773, 272.69)",0.0
Amount_shipped,"(460, 4920, 303, 4682, 594.76)",0.0
Amount_shipped,"(460, 4920, 519, 4618, 758.82)",0.0
Amount_shipped,"(460, 4920, 190, 4740, 907.18)",0.0
Amount_shipped,"(460, 4920, 604, 4955, 907.45)",0.0
Amount_shipped,"(460, 4920, 334, 4799, 1285.48)",0.0
Amount_shipped,"(460, 4920, 402, 4762, 1356.12)",0.0
Amount_shipped,"(460, 4940, 604, 4556, 10.77)",0.0
Amount_shipped,"(460, 4940, 545, 4715, 11.01)",0.0
Amount_shipped,"(460, 4940, 598, 4885, 11.15)",0.0
Amount_shipped,"(460, 4940, 622, 4729, 11.5)",0.0
Amount_shipped,"(460, 4940, 136, 4692, 11.61)",0.0
Amount_shipped,"(460, 4940, 494, 4926, 11.95)",0.0
Amount_shipped,"(460, 4940, 627, 4796, 12.52)",0.0
Amount_shipped,"(460, 4940, 604, 4624, 12.57)",0.0
Amount_shipped,"(460, 4940, 497, 4720, 12.7)",0.0
Amount_shipped,"(460, 4940, 503, 4807, 16.06)",0.0
Amount_shipped,"(460, 4940, 612, 4678, 16.32)",0.0
Amount_shipped,"(460, 4940, 345, 4695, 23.25)",0.0
Amount_shipped,"(460, 4940, 696, 4535, 23.59)",0.0
Amount_shipped,"(460, 4940, 250, 4682, 28.56)",0.0
Amount_shipped,"(460, 4940, 572, 4680, 30.45)",0.0
Amount_shipped,"(460, 4940, 371, 4764, 52.72)",0.0
Amount_shipped,"(460, 4940, 312, 4747, 62.13)",0.0
Amount_shipped,"(460, 4940, 417, 4874, 76.13)",0.0
Amount_shipped,"(460, 4940, 350, 4738, 111.96)",0.0
Amount_shipped,"(460, 4940, 327, 4722, 125.89)",0.0
Amount_shipped,"(460, 4940, 555, 4937, 127.49)",0.0
Amount_shipped,"(460, 4940, 239, 4765, 151.68)",0.0
Amount_shipped,"(460, 4940, 558, 4583, 208.94)",0.0
Amount_shipped,"(460, 4940, 592, 4773, 272.69)",0.0
Amount_shipped,"(460, 4940, 303, 4682, 594.76)",0.0
Amount_shipped,"(460, 4940, 519, 4618, 758.82)",0.0
Amount_shipped,"(460, 4940, 190, 4740, 907.18)",0.0
Amount_shipped,"(460, 4940, 604, 4955, 907.45)",0.0
Amount_shipped,"(460, 4940, 334, 4799, 1285.48)",0.0
Amount_shipped,"(460, 4940, 402, 4762, 1356.12)",0.0
Amount_shipped,"(460, 4960, 604, 4556, 10.77)",0.0
Amount_shipped,"(460, 4960, 545, 4715, 11.01)",0.0
Amount_shipped,"(460, 4960, 598, 4885, 11.15)",0.0
Amount_shipped,"(460, 4960, 622, 4729, 11.5)",0.0
Amount_shipped,"(460, 4960, 136, 4692, 11.61)",0.0
Amount_shipped,"(460, 4960, 494, 4926, 11.95)",0.0
Amount_shipped,"(460, 4960, 627, 4796, 12.52)",0.0
Amount_shipped,"(460, 4960, 604, 4624, 12.57)",0.0
Amount_shipped,"(460, 4960, 497, 4720, 12.7)",0.0
Amount_shipped,"(460, 4960, 503, 4807, 16.06)",0.0
Amount_shipped,"(460, 4960, 612, 4678, 16.32)",0.0
Amount_shipped,"(460, 4960, 345, 4695, 23.25)",0.0
Amount_shipped,"(460, 4960, 696, 4535, 23.59)",0.0
Amount_shipped,"(460, 4960, 250, 4682, 28.56)",0.0
Amount_shipped,"(460, 4960, 572, 4680, 30.45)",0.0
Amount_shipped,"(460, 4960, 371, 4764, 52.72)",0.0
Amount_shipped,"(460, 4960, 312, 4747, 62.13)",0.0
Amount_shipped,"(460, 4960, 417, 4874, 76.13)",0.0
Amount_shipped,"(460, 4960, 350, 4738, 111.96)",0.0
Amount_shipped,"(460, 4960, 327, 4722, 125.89)",0.0
Amount_shipped,"(460, 4960, 555, 4937, 127.49)",0.0
Amount_shipped,"(460, 4960, 239, 4765, 151.68)",0.0
Amount_shipped,"(460, 4960, 558, 4583, 208.94)",0.0
Amount_shipped,"(460, 4960, 592, 4773, 272.69)",0.0
Amount_shipped,"(460, 4960, 303, 4682, 594.76)",0.0
Amount_shipped,"(460, 4960, 519, 4618, 758.82)",0.0
Amount_shipped,"(460, 4960, 190, 4740, 907.18)",0.0
Amount_shipped,"(460, 4960, 604, 4955, 907.45)",0.0
Amount_shipped,"(460, 4960, 334, 4799, 1285.48)",0.0
Amount_shipped,"(460, 4960, 402, 4762, 1356.12)",0.0
Amount_shipped,"(460, 4980, 604, 4556, 10.77)",0.0
Amount_shipped,"(460, 4980, 545, 4715, 11.01)",0.0
Amount_shipped,"(460, 4980, 598, 4885, 11.15)",0.0
Amount_shipped,"(460, 4980, 622, 4729, 11.5)",0.0
Amount_shipped,"(460, 4980, 136, 4692, 11.61)",0.0
Amount_shipped,"(460, 4980, 494, 4926, 11.95)",0.0
Amount_shipped,"(460, 4980, 627, 4796, 12.52)",0.0
Amount_shipped,"(460, 4980, 604, 4624, 12.57)",0.0
Amount_shipped,"(460, 4980, 497, 4720, 12.7)",0.0
Amount_shipped,"(460, 4980, 503, 4807, 16.06)",0.0
Amount_shipped,"(460, 4980, 612, 4678, 16.32)",0.0
Amount_shipped,"(460, 4980, 345, 4695, 23.25)",0.0
Amount_shipped,"(460, 4980, 696, 4535, 23.59)",0.0
Amount_shipped,"(460, 4980, 250, 4682, 28.56)",0.0
Amount_shipped,"(460, 4980, 572, 4680, 30.45)",0.0
Amount_shipped,"(460, 4980, 371, 4764, 52.72)",0.0
Amount_shipped,"(460, 4980, 312, 4747, 62.13)",0.0
Amount_shipped,"(460, 4980, 417, 4874, 76.13)",0.0
Amount_shipped,"(460, 4980, 350, 4738, 111.96)",0.0
Amount_shipped,"(460, 4980, 327, 4722, 125.89)",0.0
Amount_shipped,"(460, 4980, 555, 4937, 127.49)",0.0
Amount_shipped,"(460, 4980, 239, 4765, 151.68)",0.0
Amount_shipped,"(460, 4980, 558, 4583, 208.94)",0.0
Amount_shipped,"(460, 4980, 592, 4773, 272.69)",0.0
Amount_shipped,"(460, 4980, 303, 4682, 594.76)",0.0
Amount_shipped,"(460, 4980, 519, 4618, 758.82)",0.0
Amount_shipped,"(460, 4980, 190, 4740, 907.18)",0.0
Amount_shipped,"(460, 4980, 604, 4955, 907.45)",0.0
Amount_shipped,"(460, 4980, 334, 4799, 1285.48)",0.0
Amount_shipped,"(460, 4980, 402, 4762, 1356.12)",0.0
Amount_shipped,"(480, 4440, 604, 4556, 10.77)",0.0
Amount_shipped,"(480, 4440, 545, 4715, 11.01)",0.0
Amount_shipped,"(480, 4440, 598, 4885, 11.15)",0.0
Amount_shipped,"(480, 4440, 622, 4729, 11.5)",0.0
Amount_shipped,"(480, 4440, 136, 4692, 11.61)",0.0
Amount_shipped,"(480, 4440, 494, 4926, 11.95)",0.0
Amount_shipped,"(480, 4440, 627, 4796, 12.52)",0.0
Amount_shipped,"(480, 4440, 604, 4624, 12.57)",0.0
Amount_shipped,"(480, 4440, 497, 4720, 12.7)",0.0
Amount_shipped,"(480, 4440, 503, 4807, 16.06)",0.0
Amount_shipped,"(480, 4440, 612, 4678, 16.32)",0.0
Amount_shipped,"(480, 4440, 345, 4695, 23.25)",0.0
Amount_shipped,"(480, 4440, 696, 4535, 23.59)",0.0
Amount_shipped,"(480, 4440, 250, 4682, 28.56)",0.0
Amount_shipped,"(480, 4440, 572, 4680, 30.45)",0.0
Amount_shipped,"(480, 4440, 371, 4764, 52.72)",0.0
Amount_shipped,"(480, 4440, 312, 4747, 62.13)",0.0
Amount_shipped,"(480, 4440, 417, 4874, 76.13)",0.0
Amount_shipped,"(480, 4440, 350, 4738, 111.96)",0.0
Amount_shipped,"(480, 4440, 327, 4722, 125.89)",0.0
Amount_shipped,"(480, 4440, 555, 4937, 127.49)",0.0
Amount_shipped,"(480, 4440, 239, 4765, 151.68)",0.0
Amount_shipped,"(480, 4440, 558, 4583, 208.94)",0.0
Amount_shipped,"(480, 4440, 592, 4773, 272.69)",0.0
Amount_shipped,"(480, 4440, 303, 4682, 594.76)",0.0
Amount_shipped,"(480, 4440, 519, 4618, 758.82)",0.0
Amount_shipped,"(480, 4440, 190, 4740, 907.18)",0.0
Amount_shipped,"(480, 4440, 604, 4955, 907.45)",0.0
Amount_shipped,"(480, 4440, 334, 4799, 1285.48)",0.0
Amount_shipped,"(480, 4440, 402, 4762, 1356.12)",0.0
Amount_shipped,"(480, 4460, 604, 4556, 10.77)",0.0
Amount_shipped,"(480, 4460, 545, 4715, 11.01)",0.0
Amount_shipped,"(480, 4460, 598, 4885, 11.15)",0.0
Amount_shipped,"(480, 4460, 622, 4729, 11.5)",0.0
Amount_shipped,"(480, 4460, 136, 4692, 11.61)",0.0
Amount_shipped,"(480, 4460, 494, 4926, 11.95)",0.0
Amount_shipped,"(480, 4460, 627, 4796, 12.52)",0.0
Amount_shipped,"(480, 4460, 604, 4624, 12.57)",0.0
Amount_shipped,"(480, 4460, 497, 4720, 12.7)",0.0
Amount_shipped,"(480, 4460, 503, 4807, 16.06)",0.0
Amount_shipped,"(480, 4460, 612, 4678, 16.32)",0.0
Amount_shipped,"(480, 4460, 345, 4695, 23.25)",0.0
Amount_shipped,"(480, 4460, 696, 4535, 23.59)",0.0
Amount_shipped,"(480, 4460, 250, 4682, 28.56)",0.0
Amount_shipped,"(480, 4460, 572, 4680, 30.45)",0.0
Amount_shipped,"(480, 4460, 371, 4764, 52.72)",0.0
Amount_shipped,"(480, 4460, 312, 4747, 62.13)",0.0
Amount_shipped,"(480, 4460, 417, 4874, 76.13)",0.0
Amount_shipped,"(480, 4460, 350, 4738, 111.96)",0.0
Amount_shipped,"(480, 4460, 327, 4722, 125.89)",0.0
Amount_shipped,"(480, 4460, 555, 4937, 127.49)",0.0
Amount_shipped,"(480, 4460, 239, 4765, 151.68)",0.0
Amount_shipped,"(480, 4460, 558, 4583, 208.94)",0.0
Amount_shipped,"(480, 4460, 592, 4773, 272.69)",0.0
Amount_shipped,"(480, 4460, 303, 4682, 594.76)",0.0
Amount_shipped,"(480, 4460, 519, 4618, 758.82)",0.0
Amount_shipped,"(480, 4460, 190, 4740, 907.18)",0.0
Amount_shipped,"(480, 4460, 604, 4955, 907.45)",0.0
Amount_shipped,"(480, 4460, 334, 4799, 1285.48)",0.0
Amount_shipped,"(480, 4460, 402, 4762, 1356.12)",0.0
Amount_shipped,"(480, 4480, 604, 4556, 10.77)",0.0
Amount_shipped,"(480, 4480, 545, 4715, 11.01)",0.0
Amount_shipped,"(480, 4480, 598, 4885, 11.15)",0.0
Amount_shipped,"(480, 4480, 622, 4729, 11.5)",0.0
Amount_shipped,"(480, 4480, 136, 4692, 11.61)",0.0
Amount_shipped,"(480, 4480, 494, 4926, 11.95)",0.0
Amount_shipped,"(480, 4480, 627, 4796, 12.52)",0.0
Amount_shipped,"(480, 4480, 604, 4624, 12.57)",0.0
Amount_shipped,"(480, 4480, 497, 4720, 12.7)",0.0
Amount_shipped,"(480, 4480, 503, 4807, 16.06)",0.0
Amount_shipped,"(480, 4480, 612, 4678, 16.32)",0.0
Amount_shipped,"(480, 4480, 345, 4695, 23.25)",0.0
Amount_shipped,"(480, 4480, 696, 4535, 23.59)",0.0
Amount_shipped,"(480, 4480, 250, 4682, 28.56)",0.0
Amount_shipped,"(480, 4480, 572, 4680, 30.45)",0.0
Amount_shipped,"(480, 4480, 371, 4764, 52.72)",0.0
Amount_shipped,"(480, 4480, 312, 4747, 62.13)",0.0
Amount_shipped,"(480, 4480, 417, 4874, 76.13)",0.0
Amount_shipped,"(480, 4480, 350, 4738, 111.96)",0.0
Amount_shipped,"(480, 4480, 327, 4722, 125.89)",0.0
Amount_shipped,"(480, 4480, 555, 4937, 127.49)",0.0
Amount_shipped,"(480, 4480, 239, 4765, 151.68)",0.0
Amount_shipped,"(480, 4480, 558, 4583, 208.94)",0.0
Amount_shipped,"(480, 4480, 592, 4773, 272.69)",0.0
Amount_shipped,"(480, 4480, 303, 4682, 594.76)",0.0
Amount_shipped,"(480, 4480, 519, 4618, 758.82)",0.0
Amount_shipped,"(480, 4480, 190, 4740, 907.18)",0.0
Amount_shipped,"(480, 4480, 604, 4955, 907.45)",0.0
Amount_shipped,"(480, 4480, 334, 4799, 1285.48)",0.0
Amount_shipped,"(480, 4480, 402, 4762, 1356.12)",0.0
Amount_shipped,"(480, 4500, 604, 4556, 10.77)",0.0
Amount_shipped,"(480, 4500, 545, 4715, 11.01)",0.0
Amount_shipped,"(480, 4500, 598, 4885, 11.15)",0.0
Amount_shipped,"(480, 4500, 622, 4729, 11.5)",0.0
Amount_shipped,"(480, 4500, 136, 4692, 11.61)",0.0
Amount_shipped,"(480, 4500, 494, 4926, 11.95)",0.0
Amount_shipped,"(480, 4500, 627, 4796, 12.52)",0.0
Amount_shipped,"(480, 4500, 604, 4624, 12.57)",0.0
Amount_shipped,"(480, 4500, 497, 4720, 12.7)",0.0
Amount_shipped,"(480, 4500, 503, 4807, 16.06)",0.0
Amount_shipped,"(480, 4500, 612, 4678, 16.32)",0.0
Amount_shipped,"(480, 4500, 345, 4695, 23.25)",0.0
Amount_shipped,"(480, 4500, 696, 4535, 23.59)",0.0
Amount_shipped,"(480, 4500, 250, 4682, 28.56)",0.0
Amount_shipped,"(480, 4500, 572, 4680, 30.45)",0.0
Amount_shipped,"(480, 4500, 371, 4764, 52.72)",0.0
Amount_shipped,"(480, 4500, 312, 4747, 62.13)",0.0
Amount_shipped,"(480, 4500, 417, 4874, 76.13)",0.0
Amount_shipped,"(480, 4500, 350, 4738, 111.96)",0.0
Amount_shipped,"(480, 4500, 327, 4722, 125.89)",0.0
Amount_shipped,"(480, 4500, 555, 4937, 127.49)",0.0
Amount_shipped,"(480, 4500, 239, 4765, 151.68)",0.0
Amount_shipped,"(480, 4500, 558, 4583, 208.94)",0.0
Amount_shipped,"(480, 4500, 592, 4773, 272.69)",0.0
Amount_shipped,"(480, 4500, 303, 4682, 594.76)",0.0
Amount_shipped,"(480, 4500, 519, 4618, 758.82)",0.0
Amount_shipped,"(480, 4500, 190, 4740, 907.18)",0.0
Amount_shipped,"(480, 4500, 604, 4955, 907.45)",0.0
Amount_shipped,"(480, 4500, 334, 4799, 1285.48)",0.0
Amount_shipped,"(480, 4500, 402, 4762, 1356.12)",0.0
Amount_shipped,"(480, 4520, 604, 4556, 10.77)",0.0
Amount_shipped,"(480, 4520, 545, 4715, 11.01)",0.0
Amount_shipped,"(480, 4520, 598, 4885, 11.15)",0.0
Amount_shipped,"(480, 4520, 622, 4729, 11.5)",0.0
Amount_shipped,"(480, 4520, 136, 4692, 11.61)",0.0
Amount_shipped,"(480, 4520, 494, 4926, 11.95)",0.0
Amount_shipped,"(480, 4520, 627, 4796, 12.52)",0.0
Amount_shipped,"(480, 4520, 604, 4624, 12.57)",0.0
Amount_shipped,"(480, 4520, 497, 4720, 12.7)",0.0
Amount_shipped,"(480, 4520, 503, 4807, 16.06)",0.0
Amount_shipped,"(480, 4520, 612, 4678, 16.32)",0.0
Amount_shipped,"(480, 4520, 345, 4695, 23.25)",0.0
Amount_shipped,"(480, 4520, 696, 4535, 23.59)",0.0
Amount_shipped,"(480, 4520, 250, 4682, 28.56)",0.0
Amount_shipped,"(480, 4520, 572, 4680, 30.45)",0.0
Amount_shipped,"(480, 4520, 371, 4764, 52.72)",0.0
Amount_shipped,"(480, 4520, 312, 4747, 62.13)",0.0
Amount_shipped,"(480, 4520, 417, 4874, 76.13)",0.0
Amount_shipped,"(480, 4520, 350, 4738, 111.96)",0.0
Amount_shipped,"(480, 4520, 327, 4722, 125.89)",0.0
Amount_shipped,"(480, 4520, 555, 4937, 127.49)",0.0
Amount_shipped,"(480, 4520, 239, 4765, 151.68)",0.0
Amount_shipped,"(480, 4520, 558, 4583, 208.94)",0.0
Amount_shipped,"(480, 4520, 592, 4773, 272.69)",0.0
Amount_shipped,"(480, 4520, 303, 4682, 594.76)",0.0
Amount_shipped,"(480, 4520, 519, 4618, 758.82)",0.0
Amount_shipped,"(480, 4520, 190, 4740, 907.18)",0.0
Amount_shipped,"(480, 4520, 604, 4955, 907.45)",0.0
Amount_shipped,"(480, 4520, 334, 4799, 1285.48)",0.0
Amount_shipped,"(480, 4520, 402, 4762, 1356.12)",0.0
Amount_shipped,"(480, 4540, 604, 4556, 10.77)",0.0
Amount_shipped,"(480, 4540, 545, 4715, 11.01)",0.0
Amount_shipped,"(480, 4540, 598, 4885, 11.15)",0.0
Amount_shipped,"(480, 4540, 622, 4729, 11.5)",0.0
Amount_shipped,"(480, 4540, 136, 4692, 11.61)",0.0
Amount_shipped,"(480, 4540, 494, 4926, 11.95)",0.0
Amount_shipped,"(480, 4540, 627, 4796, 12.52)",0.0
Amount_shipped,"(480, 4540, 604, 4624, 12.57)",0.0
Amount_shipped,"(480, 4540, 497, 4720, 12.7)",0.0
Amount_shipped,"(480, 4540, 503, 4807, 16.06)",0.0
Amount_shipped,"(480, 4540, 612, 4678, 16.32)",0.0
Amount_shipped,"(480, 4540, 345, 4695, 23.25)",0.0
Amount_shipped,"(480, 4540, 696, 4535, 23.59)",0.0
Amount_shipped,"(480, 4540, 250, 4682, 28.56)",0.0
Amount_shipped,"(480, 4540, 572, 4680, 30.45)",0.0
Amount_shipped,"(480, 4540, 371, 4764, 52.72)",0.0
Amount_shipped,"(480, 4540, 312, 4747, 62.13)",0.0
Amount_shipped,"(480, 4540, 417, 4874, 76.13)",0.0
Amount_shipped,"(480, 4540, 350, 4738, 111.96)",0.0
Amount_shipped,"(480, 4540, 327, 4722, 125.89)",0.0
Amount_shipped,"(480, 4540, 555, 4937, 127.49)",0.0
Amount_shipped,"(480, 4540, 239, 4765, 151.68)",0.0
Amount_shipped,"(480, 4540, 558, 4583, 208.94)",0.0
Amount_shipped,"(480, 4540, 592, 4773, 272.69)",0.0
Amount_shipped,"(480, 4540, 303, 4682, 594.76)",0.0
Amount_shipped,"(480, 4540, 519, 4618, 758.82)",0.0
Amount_shipped,"(480, 4540, 190, 4740, 907.18)",0.0
Amount_shipped,"(480, 4540, 604, 4955, 907.45)",0.0
Amount_shipped,"(480, 4540, 334, 4799, 1285.48)",0.0
Amount_shipped,"(480, 4540, 402, 4762, 1356.12)",0.0
Amount_shipped,"(480, 4560, 604, 4556, 10.77)",0.0
Amount_shipped,"(480, 4560, 545, 4715, 11.01)",0.0
Amount_shipped,"(480, 4560, 598, 4885, 11.15)",0.0
Amount_shipped,"(480, 4560, 622, 4729, 11.5)",0.0
Amount_shipped,"(480, 4560, 136, 4692, 11.61)",0.0
Amount_shipped,"(480, 4560, 494, 4926, 11.95)",0.0
Amount_shipped,"(480, 4560, 627, 4796, 12.52)",0.0
Amount_shipped,"(480, 4560, 604, 4624, 12.57)",0.0
Amount_shipped,"(480, 4560, 497, 4720, 12.7)",0.0
Amount_shipped,"(480, 4560, 503, 4807, 16.06)",0.0
Amount_shipped,"(480, 4560, 612, 4678, 16.32)",0.0
Amount_shipped,"(480, 4560, 345, 4695, 23.25)",0.0
Amount_shipped,"(480, 4560, 696, 4535, 23.59)",0.0
Amount_shipped,"(480, 4560, 250, 4682, 28.56)",0.0
Amount_shipped,"(480, 4560, 572, 4680, 30.45)",0.0
Amount_shipped,"(480, 4560, 371, 4764, 52.72)",0.0
Amount_shipped,"(480, 4560, 312, 4747, 62.13)",0.0
Amount_shipped,"(480, 4560, 417, 4874, 76.13)",0.0
Amount_shipped,"(480, 4560, 350, 4738, 111.96)",0.0
Amount_shipped,"(480, 4560, 327, 4722, 125.89)",0.0
Amount_shipped,"(480, 4560, 555, 4937, 127.49)",0.0
Amount_shipped,"(480, 4560, 239, 4765, 151.68)",0.0
Amount_shipped,"(480, 4560, 558, 4583, 208.94)",0.0
Amount_shipped,"(480, 4560, 592, 4773, 272.69)",0.0
Amount_shipped,"(480, 4560, 303, 4682, 594.76)",0.0
Amount_shipped,"(480, 4560, 519, 4618, 758.82)",0.0
Amount_shipped,"(480, 4560, 190, 4740, 907.18)",0.0
Amount_shipped,"(480, 4560, 604, 4955, 907.45)",0.0
Amount_shipped,"(480, 4560, 334, 4799, 1285.48)",0.0
Amount_shipped,"(480, 4560, 402, 4762, 1356.12)",0.0
Amount_shipped,"(480, 4580, 604, 4556, 10.77)",0.0
Amount_shipped,"(480, 4580, 545, 4715, 11.01)",0.0
Amount_shipped,"(480, 4580, 598, 4885, 11.15)",0.0
Amount_shipped,"(480, 4580, 622, 4729, 11.5)",0.0
Amount_shipped,"(480, 4580, 136, 4692, 11.61)",0.0
Amount_shipped,"(480, 4580, 494, 4926, 11.95)",0.0
Amount_shipped,"(480, 4580, 627, 4796, 12.52)",0.0
Amount_shipped,"(480, 4580, 604, 4624, 12.57)",0.0
Amount_shipped,"(480, 4580, 497, 4720, 12.7)",0.0
Amount_shipped,"(480, 4580, 503, 4807, 16.06)",0.0
Amount_shipped,"(480, 4580, 612, 4678, 16.32)",0.0
Amount_shipped,"(480, 4580, 345, 4695, 23.25)",0.0
Amount_shipped,"(480, 4580, 696, 4535, 23.59)",0.0
Amount_shipped,"(480, 4580, 250, 4682, 28.56)",0.0
Amount_shipped,"(480, 4580, 572, 4680, 30.45)",0.0
Amount_shipped,"(480, 4580, 371, 4764, 52.72)",0.0
Amount_shipped,"(480, 4580, 312, 4747, 62.13)",0.0
Amount_shipped,"(480, 4580, 417, 4874, 76.13)",0.0
Amount_shipped,"(480, 4580, 350, 4738, 111.96)",0.0
Amount_shipped,"(480, 4580, 327, 4722, 125.89)",0.0
Amount_shipped,"(480, 4580, 555, 4937, 127.49)",0.0
Amount_shipped,"(480, 4580, 239, 4765, 151.68)",0.0
Amount_shipped,"(480, 4580, 558, 4583, 208.94)",0.0
Amount_shipped,"(480, 4580, 592, 4773, 272.69)",0.0
Amount_shipped,"(480, 4580, 303, 4682, 594.76)",0.0
Amount_shipped,"(480, 4580, 519, 4618, 758.82)",0.0
Amount_shipped,"(480, 4580, 190, 4740, 907.18)",0.0
Amount_shipped,"(480, 4580, 604, 4955, 907.45)",0.0
Amount_shipped,"(480, 4580, 334, 4799, 1285.48)",0.0
Amount_shipped,"(480, 4580, 402, 4762, 1356.12)",0.0
Amount_shipped,"(480, 4600, 604, 4556, 10.77)",0.0
Amount_shipped,"(480, 4600, 545, 4715, 11.01)",0.0
Amount_shipped,"(480, 4600, 598, 4885, 11.15)",0.0
Amount_shipped,"(480, 4600, 622, 4729, 11.5)",0.0
Amount_shipped,"(480, 4600, 136, 4692, 11.61)",0.0
Amount_shipped,"(480, 4600, 494, 4926, 11.95)",0.0
Amount_shipped,"(480, 4600, 627, 4796, 12.52)",0.0
Amount_shipped,"(480, 4600, 604, 4624, 12.57)",0.0
Amount_shipped,"(480, 4600, 497, 4720, 12.7)",0.0
Amount_shipped,"(480, 4600, 503, 4807, 16.06)",0.0
Amount_shipped,"(480, 4600, 612, 4678, 16.32)",0.0
Amount_shipped,"(480, 4600, 345, 4695, 23.25)",0.0
Amount_shipped,"(480, 4600, 696, 4535, 23.59)",0.0
Amount_shipped,"(480, 4600, 250, 4682, 28.56)",0.0
Amount_shipped,"(480, 4600, 572, 4680, 30.45)",0.0
Amount_shipped,"(480, 4600, 371, 4764, 52.72)",0.0
Amount_shipped,"(480, 4600, 312, 4747, 62.13)",0.0
Amount_shipped,"(480, 4600, 417, 4874, 76.13)",0.0
Amount_shipped,"(480, 4600, 350, 4738, 111.96)",0.0
Amount_shipped,"(480, 4600, 327, 4722, 125.89)",0.0
Amount_shipped,"(480, 4600, 555, 4937, 127.49)",0.0
Amount_shipped,"(480, 4600, 239, 4765, 151.68)",0.0
Amount_shipped,"(480, 4600, 558, 4583, 208.94)",0.0
Amount_shipped,"(480, 4600, 592, 4773, 272.69)",0.0
Amount_shipped,"(480, 4600, 303, 4682, 594.76)",0.0
Amount_shipped,"(480, 4600, 519, 4618, 758.82)",0.0
Amount_shipped,"(480, 4600, 190, 4740, 907.18)",0.0
Amount_shipped,"(480, 4600, 604, 4955, 907.45)",0.0
Amount_shipped,"(480, 4600, 334, 4799, 1285.48)",0.0
Amount_shipped,"(480, 4600, 402, 4762, 1356.12)",0.0
Amount_shipped,"(480, 4620, 604, 4556, 10.77)",0.0
Amount_shipped,"(480, 4620, 545, 4715, 11.01)",0.0
Amount_shipped,"(480, 4620, 598, 4885, 11.15)",0.0
Amount_shipped,"(480, 4620, 622, 4729, 11.5)",0.0
Amount_shipped,"(480, 4620, 136, 4692, 11.61)",0.0
Amount_shipped,"(480, 4620, 494, 4926, 11.95)",0.0
Amount_shipped,"(480, 4620, 627, 4796, 12.52)",0.0
Amount_shipped,"(480, 4620, 604, 4624, 12.57)",0.0
Amount_shipped,"(480, 4620, 497, 4720, 12.7)",0.0
Amount_shipped,"(480, 4620, 503, 4807, 16.06)",0.0
Amount_shipped,"(480, 4620, 612, 4678, 16.32)",0.0
Amount_shipped,"(480, 4620, 345, 4695, 23.25)",0.0
Amount_shipped,"(480, 4620, 696, 4535, 23.59)",0.0
Amount_shipped,"(480, 4620, 250, 4682, 28.56)",0.0
Amount_shipped,"(480, 4620, 572, 4680, 30.45)",0.0
Amount_shipped,"(480, 4620, 371, 4764, 52.72)",0.0
Amount_shipped,"(480, 4620, 312, 4747, 62.13)",0.0
Amount_shipped,"(480, 4620, 417, 4874, 76.13)",0.0
Amount_shipped,"(480, 4620, 350, 4738, 111.96)",0.0
Amount_shipped,"(480, 4620, 327, 4722, 125.89)",0.0
Amount_shipped,"(480, 4620, 555, 4937, 127.49)",0.0
Amount_shipped,"(480, 4620, 239, 4765, 151.68)",0.0
Amount_shipped,"(480, 4620, 558, 4583, 208.94)",0.0
Amount_shipped,"(480, 4620, 592, 4773, 272.69)",0.0
Amount_shipped,"(480, 4620, 303, 4682, 594.76)",0.0
Amount_shipped,"(480, 4620, 519, 4618, 758.82)",0.0
Amount_shipped,"(480, 4620, 190, 4740, 907.18)",0.0
Amount_shipped,"(480, 4620, 604, 4955, 907.45)",0.0
Amount_shipped,"(480, 4620, 334, 4799, 1285.48)",0.0
Amount_shipped,"(480, 4620, 402, 4762, 1356.12)",0.0
Amount_shipped,"(480, 4640, 604, 4556, 10.77)",0.0
Amount_shipped,"(480, 4640, 545, 4715, 11.01)",0.0
Amount_shipped,"(480, 4640, 598, 4885, 11.15)",0.0
Amount_shipped,"(480, 4640, 622, 4729, 11.5)",0.0
Amount_shipped,"(480, 4640, 136, 4692, 11.61)",0.0
Amount_shipped,"(480, 4640, 494, 4926, 11.95)",0.0
Amount_shipped,"(480, 4640, 627, 4796, 12.52)",0.0
Amount_shipped,"(480, 4640, 604, 4624, 12.57)",0.0
Amount_shipped,"(480, 4640, 497, 4720, 12.7)",0.0
Amount_shipped,"(480, 4640, 503, 4807, 16.06)",0.0
Amount_shipped,"(480, 4640, 612, 4678, 16.32)",0.0
Amount_shipped,"(480, 4640, 345, 4695, 23.25)",0.0
Amount_shipped,"(480, 4640, 696, 4535, 23.59)",0.0
Amount_shipped,"(480, 4640, 250, 4682, 28.56)",0.0
Amount_shipped,"(480, 4640, 572, 4680, 30.45)",0.0
Amount_shipped,"(480, 4640, 371, 4764, 52.72)",0.0
Amount_shipped,"(480, 4640, 312, 4747, 62.13)",0.0
Amount_shipped,"(480, 4640, 417, 4874, 76.13)",0.0
Amount_shipped,"(480, 4640, 350, 4738, 111.96)",0.0
Amount_shipped,"(480, 4640, 327, 4722, 125.89)",0.0
Amount_shipped,"(480, 4640, 555, 4937, 127.49)",0.0
Amount_shipped,"(480, 4640, 239, 4765, 151.68)",0.0
Amount_shipped,"(480, 4640, 558, 4583, 208.94)",0.0
Amount_shipped,"(480, 4640, 592, 4773, 272.69)",0.0
Amount_shipped,"(480, 4640, 303, 4682, 594.76)",0.0
Amount_shipped,"(480, 4640, 519, 4618, 758.82)",0.0
Amount_shipped,"(480, 4640, 190, 4740, 907.18)",0.0
Amount_shipped,"(480, 4640, 604, 4955, 907.45)",0.0
Amount_shipped,"(480, 4640, 334, 4799, 1285.48)",0.0
Amount_shipped,"(480, 4640, 402, 4762, 1356.12)",0.0
Amount_shipped,"(480, 4660, 604, 4556, 10.77)",0.0
Amount_shipped,"(480, 4660, 545, 4715, 11.01)",0.0
Amount_shipped,"(480, 4660, 598, 4885, 11.15)",0.0
Amount_shipped,"(480, 4660, 622, 4729, 11.5)",0.0
Amount_shipped,"(480, 4660, 136, 4692, 11.61)",0.0
Amount_shipped,"(480, 4660, 494, 4926, 11.95)",0.0
Amount_shipped,"(480, 4660, 627, 4796, 12.52)",0.0
Amount_shipped,"(480, 4660, 604, 4624, 12.57)",0.0
Amount_shipped,"(480, 4660, 497, 4720, 12.7)",0.0
Amount_shipped,"(480, 4660, 503, 4807, 16.06)",0.0
Amount_shipped,"(480, 4660, 612, 4678, 16.32)",0.0
Amount_shipped,"(480, 4660, 345, 4695, 23.25)",0.0
Amount_shipped,"(480, 4660, 696, 4535, 23.59)",0.0
Amount_shipped,"(480, 4660, 250, 4682, 28.56)",0.0
Amount_shipped,"(480, 4660, 572, 4680, 30.45)",0.0
Amount_shipped,"(480, 4660, 371, 4764, 52.72)",0.0
Amount_shipped,"(480, 4660, 312, 4747, 62.13)",0.0
Amount_shipped,"(480, 4660, 417, 4874, 76.13)",0.0
Amount_shipped,"(480, 4660, 350, 4738, 111.96)",0.0
Amount_shipped,"(480, 4660, 327, 4722, 125.89)",0.0
Amount_shipped,"(480, 4660, 555, 4937, 127.49)",0.0
Amount_shipped,"(480, 4660, 239, 4765, 151.68)",0.0
Amount_shipped,"(480, 4660, 558, 4583, 208.94)",0.0
Amount_shipped,"(480, 4660, 592, 4773, 272.69)",0.0
Amount_shipped,"(480, 4660, 303, 4682, 594.76)",0.0
Amount_shipped,"(480, 4660, 519, 4618, 758.82)",0.0
Amount_shipped,"(480, 4660, 190, 4740, 907.18)",0.0
Amount_shipped,"(480, 4660, 604, 4955, 907.45)",0.0
Amount_shipped,"(480, 4660, 334, 4799, 1285.48)",0.0
Amount_shipped,"(480, 4660, 402, 4762, 1356.12)",0.0
Amount_shipped,"(480, 4680, 604, 4556, 10.77)",0.0
Amount_shipped,"(480, 4680, 545, 4715, 11.01)",0.0
Amount_shipped,"(480, 4680, 598, 4885, 11.15)",0.0
Amount_shipped,"(480, 4680, 622, 4729, 11.5)",0.0
Amount_shipped,"(480, 4680, 136, 4692, 11.61)",0.0
Amount_shipped,"(480, 4680, 494, 4926, 11.95)",0.0
Amount_shipped,"(480, 4680, 627, 4796, 12.52)",0.0
Amount_shipped,"(480, 4680, 604, 4624, 12.57)",0.0
Amount_shipped,"(480, 4680, 497, 4720, 12.7)",0.0
Amount_shipped,"(480, 4680, 503, 4807, 16.06)",0.0
Amount_shipped,"(480, 4680, 612, 4678, 16.32)",0.0
Amount_shipped,"(480, 4680, 345, 4695, 23.25)",0.0
Amount_shipped,"(480, 4680, 696, 4535, 23.59)",0.0
Amount_shipped,"(480, 4680, 250, 4682, 28.56)",0.0
Amount_shipped,"(480, 4680, 572, 4680, 30.45)",0.0
Amount_shipped,"(480, 4680, 371, 4764, 52.72)",0.0
Amount_shipped,"(480, 4680, 312, 4747, 62.13)",0.0
Amount_shipped,"(480, 4680, 417, 4874, 76.13)",0.0
Amount_shipped,"(480, 4680, 350, 4738, 111.96)",0.0
Amount_shipped,"(480, 4680, 327, 4722, 125.89)",0.0
Amount_shipped,"(480, 4680, 555, 4937, 127.49)",0.0
Amount_shipped,"(480, 4680, 239, 4765, 151.68)",0.0
Amount_shipped,"(480, 4680, 558, 4583, 208.94)",0.0
Amount_shipped,"(480, 4680, 592, 4773, 272.69)",0.0
Amount_shipped,"(480, 4680, 303, 4682, 594.76)",0.0
Amount_shipped,"(480, 4680, 519, 4618, 758.82)",0.0
Amount_shipped,"(480, 4680, 190, 4740, 907.18)",0.0
Amount_shipped,"(480, 4680, 604, 4955, 907.45)",0.0
Amount_shipped,"(480, 4680, 334, 4799, 1285.48)",0.0
Amount_shipped,"(480, 4680, 402, 4762, 1356.12)",0.0
Amount_shipped,"(480, 4700, 604, 4556, 10.77)",0.0
Amount_shipped,"(480, 4700, 545, 4715, 11.01)",0.0
Amount_shipped,"(480, 4700, 598, 4885, 11.15)",0.0
Amount_shipped,"(480, 4700, 622, 4729, 11.5)",0.0
Amount_shipped,"(480, 4700, 136, 4692, 11.61)",0.0
Amount_shipped,"(480, 4700, 494, 4926, 11.95)",0.0
Amount_shipped,"(480, 4700, 627, 4796, 12.52)",0.0
Amount_shipped,"(480, 4700, 604, 4624, 12.57)",0.0
Amount_shipped,"(480, 4700, 497, 4720, 12.7)",0.0
Amount_shipped,"(480, 4700, 503, 4807, 16.06)",0.0
Amount_shipped,"(480, 4700, 612, 4678, 16.32)",0.0
Amount_shipped,"(480, 4700, 345, 4695, 23.25)",0.0
Amount_shipped,"(480, 4700, 696, 4535, 23.59)",0.0
Amount_shipped,"(480, 4700, 250, 4682, 28.56)",0.0
Amount_shipped,"(480, 4700, 572, 4680, 30.45)",0.0
Amount_shipped,"(480, 4700, 371, 4764, 52.72)",0.0
Amount_shipped,"(480, 4700, 312, 4747, 62.13)",0.0
Amount_shipped,"(480, 4700, 417, 4874, 76.13)",0.0
Amount_shipped,"(480, 4700, 350, 4738, 111.96)",0.0
Amount_shipped,"(480, 4700, 327, 4722, 125.89)",0.0
Amount_shipped,"(480, 4700, 555, 4937, 127.49)",0.0
Amount_shipped,"(480, 4700, 239, 4765, 151.68)",0.0
Amount_shipped,"(480, 4700, 558, 4583, 208.94)",0.0
Amount_shipped,"(480, 4700, 592, 4773, 272.69)",0.0
Amount_shipped,"(480, 4700, 303, 4682, 594.76)",0.0
Amount_shipped,"(480, 4700, 519, 4618, 758.82)",0.0
Amount_shipped,"(480, 4700, 190, 4740, 907.18)",0.0
Amount_shipped,"(480, 4700, 604, 4955, 907.45)",0.0
Amount_shipped,"(480, 4700, 334, 4799, 1285.48)",0.0
Amount_shipped,"(480, 4700, 402, 4762, 1356.12)",0.0
Amount_shipped,"(480, 4720, 604, 4556, 10.77)",0.0
Amount_shipped,"(480, 4720, 545, 4715, 11.01)",0.0
Amount_shipped,"(480, 4720, 598, 4885, 11.15)",0.0
Amount_shipped,"(480, 4720, 622, 4729, 11.5)",0.0
Amount_shipped,"(480, 4720, 136, 4692, 11.61)",0.0
Amount_shipped,"(480, 4720, 494, 4926, 11.95)",0.0
Amount_shipped,"(480, 4720, 627, 4796, 12.52)",0.0
Amount_shipped,"(480, 4720, 604, 4624, 12.57)",0.0
Amount_shipped,"(480, 4720, 497, 4720, 12.7)",0.0
Amount_shipped,"(480, 4720, 503, 4807, 16.06)",0.0
Amount_shipped,"(480, 4720, 612, 4678, 16.32)",0.0
Amount_shipped,"(480, 4720, 345, 4695, 23.25)",0.0
Amount_shipped,"(480, 4720, 696, 4535, 23.59)",0.0
Amount_shipped,"(480, 4720, 250, 4682, 28.56)",0.0
Amount_shipped,"(480, 4720, 572, 4680, 30.45)",0.0
Amount_shipped,"(480, 4720, 371, 4764, 52.72)",0.0
Amount_shipped,"(480, 4720, 312, 4747, 62.13)",0.0
Amount_shipped,"(480, 4720, 417, 4874, 76.13)",0.0
Amount_shipped,"(480, 4720, 350, 4738, 111.96)",0.0
Amount_shipped,"(480, 4720, 327, 4722, 125.89)",0.0
Amount_shipped,"(480, 4720, 555, 4937, 127.49)",0.0
Amount_shipped,"(480, 4720, 239, 4765, 151.68)",0.0
Amount_shipped,"(480, 4720, 558, 4583, 208.94)",0.0
Amount_shipped,"(480, 4720, 592, 4773, 272.69)",0.0
Amount_shipped,"(480, 4720, 303, 4682, 594.76)",0.0
Amount_shipped,"(480, 4720, 519, 4618, 758.82)",0.0
Amount_shipped,"(480, 4720, 190, 4740, 907.18)",0.0
Amount_shipped,"(480, 4720, 604, 4955, 907.45)",0.0
Amount_shipped,"(480, 4720, 334, 4799, 1285.48)",0.0
Amount_shipped,"(480, 4720, 402, 4762, 1356.12)",0.0
Amount_shipped,"(480, 4740, 604, 4556, 10.77)",0.0
Amount_shipped,"(480, 4740, 545, 4715, 11.01)",0.0
Amount_shipped,"(480, 4740, 598, 4885, 11.15)",0.0
Amount_shipped,"(480, 4740, 622, 4729, 11.5)",0.0
Amount_shipped,"(480, 4740, 136, 4692, 11.61)",0.0
Amount_shipped,"(480, 4740, 494, 4926, 11.95)",0.0
Amount_shipped,"(480, 4740, 627, 4796, 12.52)",0.0
Amount_shipped,"(480, 4740, 604, 4624, 12.57)",0.0
Amount_shipped,"(480, 4740, 497, 4720, 12.7)",0.0
Amount_shipped,"(480, 4740, 503, 4807, 16.06)",0.0
Amount_shipped,"(480, 4740, 612, 4678, 16.32)",0.0
Amount_shipped,"(480, 4740, 345, 4695, 23.25)",0.0
Amount_shipped,"(480, 4740, 696, 4535, 23.59)",0.0
Amount_shipped,"(480, 4740, 250, 4682, 28.56)",0.0
Amount_shipped,"(480, 4740, 572, 4680, 30.45)",0.0
Amount_shipped,"(480, 4740, 371, 4764, 52.72)",0.0
Amount_shipped,"(480, 4740, 312, 4747, 62.13)",0.0
Amount_shipped,"(480, 4740, 417, 4874, 76.13)",0.0
Amount_shipped,"(480, 4740, 350, 4738, 111.96)",0.0
Amount_shipped,"(480, 4740, 327, 4722, 125.89)",0.0
Amount_shipped,"(480, 4740, 555, 4937, 127.49)",0.0
Amount_shipped,"(480, 4740, 239, 4765, 151.68)",0.0
Amount_shipped,"(480, 4740, 558, 4583, 208.94)",0.0
Amount_shipped,"(480, 4740, 592, 4773, 272.69)",0.0
Amount_shipped,"(480, 4740, 303, 4682, 594.76)",0.0
Amount_shipped,"(480, 4740, 519, 4618, 758.82)",0.0
Amount_shipped,"(480, 4740, 190, 4740, 907.18)",0.0
Amount_shipped,"(480, 4740, 604, 4955, 907.45)",0.0
Amount_shipped,"(480, 4740, 334, 4799, 1285.48)",0.0
Amount_shipped,"(480, 4740, 402, 4762, 1356.12)",0.0
Amount_shipped,"(480, 4760, 604, 4556, 10.77)",0.0
Amount_shipped,"(480, 4760, 545, 4715, 11.01)",0.0
Amount_shipped,"(480, 4760, 598, 4885, 11.15)",0.0
Amount_shipped,"(480, 4760, 622, 4729, 11.5)",0.0
Amount_shipped,"(480, 4760, 136, 4692, 11.61)",0.0
Amount_shipped,"(480, 4760, 494, 4926, 11.95)",0.0
Amount_shipped,"(480, 4760, 627, 4796, 12.52)",0.0
Amount_shipped,"(480, 4760, 604, 4624, 12.57)",0.0
Amount_shipped,"(480, 4760, 497, 4720, 12.7)",0.0
Amount_shipped,"(480, 4760, 503, 4807, 16.06)",0.0
Amount_shipped,"(480, 4760, 612, 4678, 16.32)",0.0
Amount_shipped,"(480, 4760, 345, 4695, 23.25)",0.0
Amount_shipped,"(480, 4760, 696, 4535, 23.59)",0.0
Amount_shipped,"(480, 4760, 250, 4682, 28.56)",0.0
Amount_shipped,"(480, 4760, 572, 4680, 30.45)",0.0
Amount_shipped,"(480, 4760, 371, 4764, 52.72)",0.0
Amount_shipped,"(480, 4760, 312, 4747, 62.13)",0.0
Amount_shipped,"(480, 4760, 417, 4874, 76.13)",0.0
Amount_shipped,"(480, 4760, 350, 4738, 111.96)",0.0
Amount_shipped,"(480, 4760, 327, 4722, 125.89)",0.0
Amount_shipped,"(480, 4760, 555, 4937, 127.49)",0.0
Amount_shipped,"(480, 4760, 239, 4765, 151.68)",0.0
Amount_shipped,"(480, 4760, 558, 4583, 208.94)",0.0
Amount_shipped,"(480, 4760, 592, 4773, 272.69)",0.0
Amount_shipped,"(480, 4760, 303, 4682, 594.76)",0.0
Amount_shipped,"(480, 4760, 519, 4618, 758.82)",0.0
Amount_shipped,"(480, 4760, 190, 4740, 907.18)",0.0
Amount_shipped,"(480, 4760, 604, 4955, 907.45)",0.0
Amount_shipped,"(480, 4760, 334, 4799, 1285.48)",0.0
Amount_shipped,"(480, 4760, 402, 4762, 1356.12)",0.0
Amount_shipped,"(480, 4780, 604, 4556, 10.77)",0.0
Amount_shipped,"(480, 4780, 545, 4715, 11.01)",0.0
Amount_shipped,"(480, 4780, 598, 4885, 11.15)",0.0
Amount_shipped,"(480, 4780, 622, 4729, 11.5)",0.0
Amount_shipped,"(480, 4780, 136, 4692, 11.61)",0.0
Amount_shipped,"(480, 4780, 494, 4926, 11.95)",0.0
Amount_shipped,"(480, 4780, 627, 4796, 12.52)",0.0
Amount_shipped,"(480, 4780, 604, 4624, 12.57)",0.0
Amount_shipped,"(480, 4780, 497, 4720, 12.7)",0.0
Amount_shipped,"(480, 4780, 503, 4807, 16.06)",0.0
Amount_shipped,"(480, 4780, 612, 4678, 16.32)",0.0
Amount_shipped,"(480, 4780, 345, 4695, 23.25)",0.0
Amount_shipped,"(480, 4780, 696, 4535, 23.59)",0.0
Amount_shipped,"(480, 4780, 250, 4682, 28.56)",0.0
Amount_shipped,"(480, 4780, 572, 4680, 30.45)",0.0
Amount_shipped,"(480, 4780, 371, 4764, 52.72)",0.0
Amount_shipped,"(480, 4780, 312, 4747, 62.13)",0.0
Amount_shipped,"(480, 4780, 417, 4874, 76.13)",0.0
Amount_shipped,"(480, 4780, 350, 4738, 111.96)",0.0
Amount_shipped,"(480, 4780, 327, 4722, 125.89)",0.0
Amount_shipped,"(480, 4780, 555, 4937, 127.49)",0.0
Amount_shipped,"(480, 4780, 239, 4765, 151.68)",0.0
Amount_shipped,"(480, 4780, 558, 4583, 208.94)",0.0
Amount_shipped,"(480, 4780, 592, 4773, 272.69)",0.0
Amount_shipped,"(480, 4780, 303, 4682, 594.76)",0.0
Amount_shipped,"(480, 4780, 519, 4618, 758.82)",0.0
Amount_shipped,"(480, 4780, 190, 4740, 907.18)",0.0
Amount_shipped,"(480, 4780, 604, 4955, 907.45)",0.0
Amount_shipped,"(480, 4780, 334, 4799, 1285.48)",0.0
Amount_shipped,"(480, 4780, 402, 4762, 1356.12)",0.0
Amount_shipped,"(480, 4800, 604, 4556, 10.77)",0.0
Amount_shipped,"(480, 4800, 545, 4715, 11.01)",0.0
Amount_shipped,"(480, 4800, 598, 4885, 11.15)",0.0
Amount_shipped,"(480, 4800, 622, 4729, 11.5)",0.0
Amount_shipped,"(480, 4800, 136, 4692, 11.61)",0.0
Amount_shipped,"(480, 4800, 494, 4926, 11.95)",0.0
Amount_shipped,"(480, 4800, 627, 4796, 12.52)",0.0
Amount_shipped,"(480, 4800, 604, 4624, 12.57)",0.0
Amount_shipped,"(480, 4800, 497, 4720, 12.7)",0.0
Amount_shipped,"(480, 4800, 503, 4807, 16.06)",0.0
Amount_shipped,"(480, 4800, 612, 4678, 16.32)",0.0
Amount_shipped,"(480, 4800, 345, 4695, 23.25)",0.0
Amount_shipped,"(480, 4800, 696, 4535, 23.59)",0.0
Amount_shipped,"(480, 4800, 250, 4682, 28.56)",0.0
Amount_shipped,"(480, 4800, 572, 4680, 30.45)",0.0
Amount_shipped,"(480, 4800, 371, 4764, 52.72)",0.0
Amount_shipped,"(480, 4800, 312, 4747, 62.13)",0.0
Amount_shipped,"(480, 4800, 417, 4874, 76.13)",0.0
Amount_shipped,"(480, 4800, 350, 4738, 111.96)",0.0
Amount_shipped,"(480, 4800, 327, 4722, 125.89)",0.0
Amount_shipped,"(480, 4800, 555, 4937, 127.49)",0.0
Amount_shipped,"(480, 4800, 239, 4765, 151.68)",0.0
Amount_shipped,"(480, 4800, 558, 4583, 208.94)",0.0
Amount_shipped,"(480, 4800, 592, 4773, 272.69)",0.0
Amount_shipped,"(480, 4800, 303, 4682, 594.76)",0.0
Amount_shipped,"(480, 4800, 519, 4618, 758.82)",0.0
Amount_shipped,"(480, 4800, 190, 4740, 907.18)",0.0
Amount_shipped,"(480, 4800, 604, 4955, 907.45)",0.0
Amount_shipped,"(480, 4800, 334, 4799, 1285.48)",0.0
Amount_shipped,"(480, 4800, 402, 4762, 1356.12)",0.0
Amount_shipped,"(480, 4820, 604, 4556, 10.77)",0.0
Amount_shipped,"(480, 4820, 545, 4715, 11.01)",0.0
Amount_shipped,"(480, 4820, 598, 4885, 11.15)",0.0
Amount_shipped,"(480, 4820, 622, 4729, 11.5)",0.0
Amount_shipped,"(480, 4820, 136, 4692, 11.61)",0.0
Amount_shipped,"(480, 4820, 494, 4926, 11.95)",0.0
Amount_shipped,"(480, 4820, 627, 4796, 12.52)",0.0
Amount_shipped,"(480, 4820, 604, 4624, 12.57)",0.0
Amount_shipped,"(480, 4820, 497, 4720, 12.7)",0.0
Amount_shipped,"(480, 4820, 503, 4807, 16.06)",0.0
Amount_shipped,"(480, 4820, 612, 4678, 16.32)",0.0
Amount_shipped,"(480, 4820, 345, 4695, 23.25)",0.0
Amount_shipped,"(480, 4820, 696, 4535, 23.59)",0.0
Amount_shipped,"(480, 4820, 250, 4682, 28.56)",0.0
Amount_shipped,"(480, 4820, 572, 4680, 30.45)",0.0
Amount_shipped,"(480, 4820, 371, 4764, 52.72)",0.0
Amount_shipped,"(480, 4820, 312, 4747, 62.13)",0.0
Amount_shipped,"(480, 4820, 417, 4874, 76.13)",0.0
Amount_shipped,"(480, 4820, 350, 4738, 111.96)",0.0
Amount_shipped,"(480, 4820, 327, 4722, 125.89)",0.0
Amount_shipped,"(480, 4820, 555, 4937, 127.49)",0.0
Amount_shipped,"(480, 4820, 239, 4765, 151.68)",0.0
Amount_shipped,"(480, 4820, 558, 4583, 208.94)",0.0
Amount_shipped,"(480, 4820, 592, 4773, 272.69)",0.0
Amount_shipped,"(480, 4820, 303, 4682, 594.76)",0.0
Amount_shipped,"(480, 4820, 519, 4618, 758.82)",0.0
Amount_shipped,"(480, 4820, 190, 4740, 907.18)",0.0
Amount_shipped,"(480, 4820, 604, 4955, 907.45)",0.0
Amount_shipped,"(480, 4820, 334, 4799, 1285.48)",0.0
Amount_shipped,"(480, 4820, 402, 4762, 1356.12)",0.0
Amount_shipped,"(480, 4840, 604, 4556, 10.77)",0.0
Amount_shipped,"(480, 4840, 545, 4715, 11.01)",0.0
Amount_shipped,"(480, 4840, 598, 4885, 11.15)",0.0
Amount_shipped,"(480, 4840, 622, 4729, 11.5)",0.0
Amount_shipped,"(480, 4840, 136, 4692, 11.61)",0.0
Amount_shipped,"(480, 4840, 494, 4926, 11.95)",0.0
Amount_shipped,"(480, 4840, 627, 4796, 12.52)",0.0
Amount_shipped,"(480, 4840, 604, 4624, 12.57)",0.0
Amount_shipped,"(480, 4840, 497, 4720, 12.7)",0.0
Amount_shipped,"(480, 4840, 503, 4807, 16.06)",0.0
Amount_shipped,"(480, 4840, 612, 4678, 16.32)",0.0
Amount_shipped,"(480, 4840, 345, 4695, 23.25)",0.0
Amount_shipped,"(480, 4840, 696, 4535, 23.59)",0.0
Amount_shipped,"(480, 4840, 250, 4682, 28.56)",0.0
Amount_shipped,"(480, 4840, 572, 4680, 30.45)",0.0
Amount_shipped,"(480, 4840, 371, 4764, 52.72)",0.0
Amount_shipped,"(480, 4840, 312, 4747, 62.13)",0.0
Amount_shipped,"(480, 4840, 417, 4874, 76.13)",0.0
Amount_shipped,"(480, 4840, 350, 4738, 111.96)",0.0
Amount_shipped,"(480, 4840, 327, 4722, 125.89)",0.0
Amount_shipped,"(480, 4840, 555, 4937, 127.49)",0.0
Amount_shipped,"(480, 4840, 239, 4765, 151.68)",0.0
Amount_shipped,"(480, 4840, 558, 4583, 208.94)",0.0
Amount_shipped,"(480, 4840, 592, 4773, 272.69)",0.0
Amount_shipped,"(480, 4840, 303, 4682, 594.76)",0.0
Amount_shipped,"(480, 4840, 519, 4618, 758.82)",0.0
Amount_shipped,"(480, 4840, 190, 4740, 907.18)",0.0
Amount_shipped,"(480, 4840, 604, 4955, 907.45)",0.0
Amount_shipped,"(480, 4840, 334, 4799, 1285.48)",0.0
Amount_shipped,"(480, 4840, 402, 4762, 1356.12)",0.0
Amount_shipped,"(480, 4860, 604, 4556, 10.77)",0.0
Amount_shipped,"(480, 4860, 545, 4715, 11.01)",0.0
Amount_shipped,"(480, 4860, 598, 4885, 11.15)",0.0
Amount_shipped,"(480, 4860, 622, 4729, 11.5)",0.0
Amount_shipped,"(480, 4860, 136, 4692, 11.61)",0.0
Amount_shipped,"(480, 4860, 494, 4926, 11.95)",0.0
Amount_shipped,"(480, 4860, 627, 4796, 12.52)",0.0
Amount_shipped,"(480, 4860, 604, 4624, 12.57)",0.0
Amount_shipped,"(480, 4860, 497, 4720, 12.7)",0.0
Amount_shipped,"(480, 4860, 503, 4807, 16.06)",0.0
Amount_shipped,"(480, 4860, 612, 4678, 16.32)",0.0
Amount_shipped,"(480, 4860, 345, 4695, 23.25)",0.0
Amount_shipped,"(480, 4860, 696, 4535, 23.59)",0.0
Amount_shipped,"(480, 4860, 250, 4682, 28.56)",0.0
Amount_shipped,"(480, 4860, 572, 4680, 30.45)",0.0
Amount_shipped,"(480, 4860, 371, 4764, 52.72)",0.0
Amount_shipped,"(480, 4860, 312, 4747, 62.13)",0.0
Amount_shipped,"(480, 4860, 417, 4874, 76.13)",0.0
Amount_shipped,"(480, 4860, 350, 4738, 111.96)",0.0
Amount_shipped,"(480, 4860, 327, 4722, 125.89)",0.0
Amount_shipped,"(480, 4860, 555, 4937, 127.49)",0.0
Amount_shipped,"(480, 4860, 239, 4765, 151.68)",0.0
Amount_shipped,"(480, 4860, 558, 4583, 208.94)",0.0
Amount_shipped,"(480, 4860, 592, 4773, 272.69)",0.0
Amount_shipped,"(480, 4860, 303, 4682, 594.76)",0.0
Amount_shipped,"(480, 4860, 519, 4618, 758.82)",0.0
Amount_shipped,"(480, 4860, 190, 4740, 907.18)",0.0
Amount_shipped,"(480, 4860, 604, 4955, 907.45)",0.0
Amount_shipped,"(480, 4860, 334, 4799, 1285.48)",0.0
Amount_shipped,"(480, 4860, 402, 4762, 1356.12)",0.0
Amount_shipped,"(480, 4880, 604, 4556, 10.77)",0.0
Amount_shipped,"(480, 4880, 545, 4715, 11.01)",0.0
Amount_shipped,"(480, 4880, 598, 4885, 11.15)",0.0
Amount_shipped,"(480, 4880, 622, 4729, 11.5)",0.0
Amount_shipped,"(480, 4880, 136, 4692, 11.61)",0.0
Amount_shipped,"(480, 4880, 494, 4926, 11.95)",0.0
Amount_shipped,"(480, 4880, 627, 4796, 12.52)",0.0
Amount_shipped,"(480, 4880, 604, 4624, 12.57)",0.0
Amount_shipped,"(480, 4880, 497, 4720, 12.7)",0.0
Amount_shipped,"(480, 4880, 503, 4807, 16.06)",0.0
Amount_shipped,"(480, 4880, 612, 4678, 16.32)",0.0
Amount_shipped,"(480, 4880, 345, 4695, 23.25)",0.0
Amount_shipped,"(480, 4880, 696, 4535, 23.59)",0.0
Amount_shipped,"(480, 4880, 250, 4682, 28.56)",0.0
Amount_shipped,"(480, 4880, 572, 4680, 30.45)",0.0
Amount_shipped,"(480, 4880, 371, 4764, 52.72)",0.0
Amount_shipped,"(480, 4880, 312, 4747, 62.13)",0.0
Amount_shipped,"(480, 4880, 417, 4874, 76.13)",0.0
Amount_shipped,"(480, 4880, 350, 4738, 111.96)",0.0
Amount_shipped,"(480, 4880, 327, 4722, 125.89)",0.0
Amount_shipped,"(480, 4880, 555, 4937, 127.49)",0.0
Amount_shipped,"(480, 4880, 239, 4765, 151.68)",0.0
Amount_shipped,"(480, 4880, 558, 4583, 208.94)",0.0
Amount_shipped,"(480, 4880, 592, 4773, 272.69)",0.0
Amount_shipped,"(480, 4880, 303, 4682, 594.76)",0.0
Amount_shipped,"(480, 4880, 519, 4618, 758.82)",0.0
Amount_shipped,"(480, 4880, 190, 4740, 907.18)",0.0
Amount_shipped,"(480, 4880, 604, 4955, 907.45)",0.0
Amount_shipped,"(480, 4880, 334, 4799, 1285.48)",0.0
Amount_shipped,"(480, 4880, 402, 4762, 1356.12)",0.0
Amount_shipped,"(480, 4900, 604, 4556, 10.77)",0.0
Amount_shipped,"(480, 4900, 545, 4715, 11.01)",0.0
Amount_shipped,"(480, 4900, 598, 4885, 11.15)",0.0
Amount_shipped,"(480, 4900, 622, 4729, 11.5)",0.0
Amount_shipped,"(480, 4900, 136, 4692, 11.61)",0.0
Amount_shipped,"(480, 4900, 494, 4926, 11.95)",0.0
Amount_shipped,"(480, 4900, 627, 4796, 12.52)",0.0
Amount_shipped,"(480, 4900, 604, 4624, 12.57)",0.0
Amount_shipped,"(480, 4900, 497, 4720, 12.7)",0.0
Amount_shipped,"(480, 4900, 503, 4807, 16.06)",0.0
Amount_shipped,"(480, 4900, 612, 4678, 16.32)",0.0
Amount_shipped,"(480, 4900, 345, 4695, 23.25)",0.0
Amount_shipped,"(480, 4900, 696, 4535, 23.59)",0.0
Amount_shipped,"(480, 4900, 250, 4682, 28.56)",0.0
Amount_shipped,"(480, 4900, 572, 4680, 30.45)",0.0
Amount_shipped,"(480, 4900, 371, 4764, 52.72)",0.0
Amount_shipped,"(480, 4900, 312, 4747, 62.13)",0.0
Amount_shipped,"(480, 4900, 417, 4874, 76.13)",0.0
Amount_shipped,"(480, 4900, 350, 4738, 111.96)",0.0
Amount_shipped,"(480, 4900, 327, 4722, 125.89)",0.0
Amount_shipped,"(480, 4900, 555, 4937, 127.49)",0.0
Amount_shipped,"(480, 4900, 239, 4765, 151.68)",0.0
Amount_shipped,"(480, 4900, 558, 4583, 208.94)",0.0
Amount_shipped,"(480, 4900, 592, 4773, 272.69)",0.0
Amount_shipped,"(480, 4900, 303, 4682, 594.76)",0.0
Amount_shipped,"(480, 4900, 519, 4618, 758.82)",0.0
Amount_shipped,"(480, 4900, 190, 4740, 907.18)",0.0
Amount_shipped,"(480, 4900, 604, 4955, 907.45)",0.0
Amount_shipped,"(480, 4900, 334, 4799, 1285.48)",0.0
Amount_shipped,"(480, 4900, 402, 4762, 1356.12)",0.0
Amount_shipped,"(480, 4920, 604, 4556, 10.77)",0.0
Amount_shipped,"(480, 4920, 545, 4715, 11.01)",0.0
Amount_shipped,"(480, 4920, 598, 4885, 11.15)",0.0
Amount_shipped,"(480, 4920, 622, 4729, 11.5)",0.0
Amount_shipped,"(480, 4920, 136, 4692, 11.61)",0.0
Amount_shipped,"(480, 4920, 494, 4926, 11.95)",0.0
Amount_shipped,"(480, 4920, 627, 4796, 12.52)",0.0
Amount_shipped,"(480, 4920, 604, 4624, 12.57)",0.0
Amount_shipped,"(480, 4920, 497, 4720, 12.7)",0.0
Amount_shipped,"(480, 4920, 503, 4807, 16.06)",0.0
Amount_shipped,"(480, 4920, 612, 4678, 16.32)",0.0
Amount_shipped,"(480, 4920, 345, 4695, 23.25)",0.0
Amount_shipped,"(480, 4920, 696, 4535, 23.59)",0.0
Amount_shipped,"(480, 4920, 250, 4682, 28.56)",0.0
Amount_shipped,"(480, 4920, 572, 4680, 30.45)",0.0
Amount_shipped,"(480, 4920, 371, 4764, 52.72)",0.0
Amount_shipped,"(480, 4920, 312, 4747, 62.13)",0.0
Amount_shipped,"(480, 4920, 417, 4874, 76.13)",0.0
Amount_shipped,"(480, 4920, 350, 4738, 111.96)",0.0
Amount_shipped,"(480, 4920, 327, 4722, 125.89)",0.0
Amount_shipped,"(480, 4920, 555, 4937, 127.49)",0.0
Amount_shipped,"(480, 4920, 239, 4765, 151.68)",0.0
Amount_shipped,"(480, 4920, 558, 4583, 208.94)",0.0
Amount_shipped,"(480, 4920, 592, 4773, 272.69)",0.0
Amount_shipped,"(480, 4920, 303, 4682, 594.76)",0.0
Amount_shipped,"(480, 4920, 519, 4618, 758.82)",0.0
Amount_shipped,"(480, 4920, 190, 4740, 907.18)",0.0
Amount_shipped,"(480, 4920, 604, 4955, 907.45)",0.0
Amount_shipped,"(480, 4920, 334, 4799, 1285.48)",0.0
Amount_shipped,"(480, 4920, 402, 4762, 1356.12)",0.0
Amount_shipped,"(480, 4940, 604, 4556, 10.77)",0.0
Amount_shipped,"(480, 4940, 545, 4715, 11.01)",0.0
Amount_shipped,"(480, 4940, 598, 4885, 11.15)",0.0
Amount_shipped,"(480, 4940, 622, 4729, 11.5)",0.0
Amount_shipped,"(480, 4940, 136, 4692, 11.61)",0.0
Amount_shipped,"(480, 4940, 494, 4926, 11.95)",0.0
Amount_shipped,"(480, 4940, 627, 4796, 12.52)",0.0
Amount_shipped,"(480, 4940, 604, 4624, 12.57)",0.0
Amount_shipped,"(480, 4940, 497, 4720, 12.7)",0.0
Amount_shipped,"(480, 4940, 503, 4807, 16.06)",0.0
Amount_shipped,"(480, 4940, 612, 4678, 16.32)",0.0
Amount_shipped,"(480, 4940, 345, 4695, 23.25)",0.0
Amount_shipped,"(480, 4940, 696, 4535, 23.59)",0.0
Amount_shipped,"(480, 4940, 250, 4682, 28.56)",0.0
Amount_shipped,"(480, 4940, 572, 4680, 30.45)",0.0
Amount_shipped,"(480, 4940, 371, 4764, 52.72)",0.0
Amount_shipped,"(480, 4940, 312, 4747, 62.13)",0.0
Amount_shipped,"(480, 4940, 417, 4874, 76.13)",0.0
Amount_shipped,"(480, 4940, 350, 4738, 111.96)",0.0
Amount_shipped,"(480, 4940, 327, 4722, 125.89)",0.0
Amount_shipped,"(480, 4940, 555, 4937, 127.49)",0.0
Amount_shipped,"(480, 4940, 239, 4765, 151.68)",0.0
Amount_shipped,"(480, 4940, 558, 4583, 208.94)",0.0
Amount_shipped,"(480, 4940, 592, 4773, 272.69)",0.0
Amount_shipped,"(480, 4940, 303, 4682, 594.76)",0.0
Amount_shipped,"(480, 4940, 519, 4618, 758.82)",0.0
Amount_shipped,"(480, 4940, 190, 4740, 907.18)",0.0
Amount_shipped,"(480, 4940, 604, 4955, 907.45)",0.0
Amount_shipped,"(480, 4940, 334, 4799, 1285.48)",0.0
Amount_shipped,"(480, 4940, 402, 4762, 1356.12)",0.0
Amount_shipped,"(480, 4960, 604, 4556, 10.77)",0.0
Amount_shipped,"(480, 4960, 545, 4715, 11.01)",0.0
Amount_shipped,"(480, 4960, 598, 4885, 11.15)",0.0
Amount_shipped,"(480, 4960, 622, 4729, 11.5)",0.0
Amount_shipped,"(480, 4960, 136, 4692, 11.61)",0.0
Amount_shipped,"(480, 4960, 494, 4926, 11.95)",0.0
Amount_shipped,"(480, 4960, 627, 4796, 12.52)",0.0
Amount_shipped,"(480, 4960, 604, 4624, 12.57)",0.0
Amount_shipped,"(480, 4960, 497, 4720, 12.7)",0.0
Amount_shipped,"(480, 4960, 503, 4807, 16.06)",0.0
Amount_shipped,"(480, 4960, 612, 4678, 16.32)",0.0
Amount_shipped,"(480, 4960, 345, 4695, 23.25)",0.0
Amount_shipped,"(480, 4960, 696, 4535, 23.59)",0.0
Amount_shipped,"(480, 4960, 250, 4682, 28.56)",0.0
Amount_shipped,"(480, 4960, 572, 4680, 30.45)",0.0
Amount_shipped,"(480, 4960, 371, 4764, 52.72)",0.0
Amount_shipped,"(480, 4960, 312, 4747, 62.13)",0.0
Amount_shipped,"(480, 4960, 417, 4874, 76.13)",0.0
Amount_shipped,"(480, 4960, 350, 4738, 111.96)",0.0
Amount_shipped,"(480, 4960, 327, 4722, 125.89)",0.0
Amount_shipped,"(480, 4960, 555, 4937, 127.49)",0.0
Amount_shipped,"(480, 4960, 239, 4765, 151.68)",0.0
Amount_shipped,"(480, 4960, 558, 4583, 208.94)",0.0
Amount_shipped,"(480, 4960, 592, 4773, 272.69)",0.0
Amount_shipped,"(480, 4960, 303, 4682, 594.76)",0.0
Amount_shipped,"(480, 4960, 519, 4618, 758.82)",0.0
Amount_shipped,"(480, 4960, 190, 4740, 907.18)",0.0
Amount_shipped,"(480, 4960, 604, 4955, 907.45)",0.0
Amount_shipped,"(480, 4960, 334, 4799, 1285.48)",0.0
Amount_shipped,"(480, 4960, 402, 4762, 1356.12)",0.0
Amount_shipped,"(480, 4980, 604, 4556, 10.77)",0.0
Amount_shipped,"(480, 4980, 545, 4715, 11.01)",0.0
Amount_shipped,"(480, 4980, 598, 4885, 11.15)",0.0
Amount_shipped,"(480, 4980, 622, 4729, 11.5)",0.0
Amount_shipped,"(480, 4980, 136, 4692, 11.61)",0.0
Amount_shipped,"(480, 4980, 494, 4926, 11.95)",0.0
Amount_shipped,"(480, 4980, 627, 4796, 12.52)",0.0
Amount_shipped,"(480, 4980, 604, 4624, 12.57)",0.0
Amount_shipped,"(480, 4980, 497, 4720, 12.7)",0.0
Amount_shipped,"(480, 4980, 503, 4807, 16.06)",0.0
Amount_shipped,"(480, 4980, 612, 4678, 16.32)",0.0
Amount_shipped,"(480, 4980, 345, 4695, 23.25)",0.0
Amount_shipped,"(480, 4980, 696, 4535, 23.59)",0.0
Amount_shipped,"(480, 4980, 250, 4682, 28.56)",0.0
Amount_shipped,"(480, 4980, 572, 4680, 30.45)",0.0
Amount_shipped,"(480, 4980, 371, 4764, 52.72)",0.0
Amount_shipped,"(480, 4980, 312, 4747, 62.13)",0.0
Amount_shipped,"(480, 4980, 417, 4874, 76.13)",0.0
Amount_shipped,"(480, 4980, 350, 4738, 111.96)",0.0
Amount_shipped,"(480, 4980, 327, 4722, 125.89)",0.0
Amount_shipped,"(480, 4980, 555, 4937, 127.49)",0.0
Amount_shipped,"(480, 4980, 239, 4765, 151.68)",0.0
Amount_shipped,"(480, 4980, 558, 4583, 208.94)",0.0
Amount_shipped,"(480, 4980, 592, 4773, 272.69)",0.0
Amount_shipped,"(480, 4980, 303, 4682, 594.76)",0.0
Amount_shipped,"(480, 4980, 519, 4618, 758.82)",0.0
Amount_shipped,"(480, 4980, 190, 4740, 907.18)",0.0
Amount_shipped,"(480, 4980, 604, 4955, 907.45)",0.0
Amount_shipped,"(480, 4980, 334, 4799, 1285.48)",0.0
Amount_shipped,"(480, 4980, 402, 4762, 1356.12)",0.0
Amount_shipped,"(500, 4440, 604, 4556, 10.77)",0.0
Amount_shipped,"(500, 4440, 545, 4715, 11.01)",0.0
Amount_shipped,"(500, 4440, 598, 4885, 11.15)",0.0
Amount_shipped,"(500, 4440, 622, 4729, 11.5)",0.0
Amount_shipped,"(500, 4440, 136, 4692, 11.61)",0.0
Amount_shipped,"(500, 4440, 494, 4926, 11.95)",0.0
Amount_shipped,"(500, 4440, 627, 4796, 12.52)",0.0
Amount_shipped,"(500, 4440, 604, 4624, 12.57)",0.0
Amount_shipped,"(500, 4440, 497, 4720, 12.7)",0.0
Amount_shipped,"(500, 4440, 503, 4807, 16.06)",0.0
Amount_shipped,"(500, 4440, 612, 4678, 16.32)",0.0
Amount_shipped,"(500, 4440, 345, 4695, 23.25)",0.0
Amount_shipped,"(500, 4440, 696, 4535, 23.59)",0.0
Amount_shipped,"(500, 4440, 250, 4682, 28.56)",0.0
Amount_shipped,"(500, 4440, 572, 4680, 30.45)",0.0
Amount_shipped,"(500, 4440, 371, 4764, 52.72)",0.0
Amount_shipped,"(500, 4440, 312, 4747, 62.13)",0.0
Amount_shipped,"(500, 4440, 417, 4874, 76.13)",0.0
Amount_shipped,"(500, 4440, 350, 4738, 111.96)",0.0
Amount_shipped,"(500, 4440, 327, 4722, 125.89)",0.0
Amount_shipped,"(500, 4440, 555, 4937, 127.49)",0.0
Amount_shipped,"(500, 4440, 239, 4765, 151.68)",0.0
Amount_shipped,"(500, 4440, 558, 4583, 208.94)",0.0
Amount_shipped,"(500, 4440, 592, 4773, 272.69)",0.0
Amount_shipped,"(500, 4440, 303, 4682, 594.76)",0.0
Amount_shipped,"(500, 4440, 519, 4618, 758.82)",0.0
Amount_shipped,"(500, 4440, 190, 4740, 907.18)",0.0
Amount_shipped,"(500, 4440, 604, 4955, 907.45)",0.0
Amount_shipped,"(500, 4440, 334, 4799, 1285.48)",0.0
Amount_shipped,"(500, 4440, 402, 4762, 1356.12)",0.0
Amount_shipped,"(500, 4460, 604, 4556, 10.77)",0.0
Amount_shipped,"(500, 4460, 545, 4715, 11.01)",0.0
Amount_shipped,"(500, 4460, 598, 4885, 11.15)",0.0
Amount_shipped,"(500, 4460, 622, 4729, 11.5)",0.0
Amount_shipped,"(500, 4460, 136, 4692, 11.61)",0.0
Amount_shipped,"(500, 4460, 494, 4926, 11.95)",0.0
Amount_shipped,"(500, 4460, 627, 4796, 12.52)",0.0
Amount_shipped,"(500, 4460, 604, 4624, 12.57)",0.0
Amount_shipped,"(500, 4460, 497, 4720, 12.7)",0.0
Amount_shipped,"(500, 4460, 503, 4807, 16.06)",0.0
Amount_shipped,"(500, 4460, 612, 4678, 16.32)",0.0
Amount_shipped,"(500, 4460, 345, 4695, 23.25)",0.0
Amount_shipped,"(500, 4460, 696, 4535, 23.59)",0.0
Amount_shipped,"(500, 4460, 250, 4682, 28.56)",0.0
Amount_shipped,"(500, 4460, 572, 4680, 30.45)",0.0
Amount_shipped,"(500, 4460, 371, 4764, 52.72)",0.0
Amount_shipped,"(500, 4460, 312, 4747, 62.13)",0.0
Amount_shipped,"(500, 4460, 417, 4874, 76.13)",0.0
Amount_shipped,"(500, 4460, 350, 4738, 111.96)",0.0
Amount_shipped,"(500, 4460, 327, 4722, 125.89)",0.0
Amount_shipped,"(500, 4460, 555, 4937, 127.49)",0.0
Amount_shipped,"(500, 4460, 239, 4765, 151.68)",0.0
Amount_shipped,"(500, 4460, 558, 4583, 208.94)",0.0
Amount_shipped,"(500, 4460, 592, 4773, 272.69)",0.0
Amount_shipped,"(500, 4460, 303, 4682, 594.76)",0.0
Amount_shipped,"(500, 4460, 519, 4618, 758.82)",0.0
Amount_shipped,"(500, 4460, 190, 4740, 907.18)",0.0
Amount_shipped,"(500, 4460, 604, 4955, 907.45)",0.0
Amount_shipped,"(500, 4460, 334, 4799, 1285.48)",0.0
Amount_shipped,"(500, 4460, 402, 4762, 1356.12)",0.0
Amount_shipped,"(500, 4480, 604, 4556, 10.77)",0.0
Amount_shipped,"(500, 4480, 545, 4715, 11.01)",0.0
Amount_shipped,"(500, 4480, 598, 4885, 11.15)",0.0
Amount_shipped,"(500, 4480, 622, 4729, 11.5)",0.0
Amount_shipped,"(500, 4480, 136, 4692, 11.61)",0.0
Amount_shipped,"(500, 4480, 494, 4926, 11.95)",0.0
Amount_shipped,"(500, 4480, 627, 4796, 12.52)",0.0
Amount_shipped,"(500, 4480, 604, 4624, 12.57)",0.0
Amount_shipped,"(500, 4480, 497, 4720, 12.7)",0.0
Amount_shipped,"(500, 4480, 503, 4807, 16.06)",0.0
Amount_shipped,"(500, 4480, 612, 4678, 16.32)",0.0
Amount_shipped,"(500, 4480, 345, 4695, 23.25)",0.0
Amount_shipped,"(500, 4480, 696, 4535, 23.59)",0.0
Amount_shipped,"(500, 4480, 250, 4682, 28.56)",0.0
Amount_shipped,"(500, 4480, 572, 4680, 30.45)",0.0
Amount_shipped,"(500, 4480, 371, 4764, 52.72)",0.0
Amount_shipped,"(500, 4480, 312, 4747, 62.13)",0.0
Amount_shipped,"(500, 4480, 417, 4874, 76.13)",0.0
Amount_shipped,"(500, 4480, 350, 4738, 111.96)",0.0
Amount_shipped,"(500, 4480, 327, 4722, 125.89)",0.0
Amount_shipped,"(500, 4480, 555, 4937, 127.49)",0.0
Amount_shipped,"(500, 4480, 239, 4765, 151.68)",0.0
Amount_shipped,"(500, 4480, 558, 4583, 208.94)",0.0
Amount_shipped,"(500, 4480, 592, 4773, 272.69)",0.0
Amount_shipped,"(500, 4480, 303, 4682, 594.76)",0.0
Amount_shipped,"(500, 4480, 519, 4618, 758.82)",0.0
Amount_shipped,"(500, 4480, 190, 4740, 907.18)",0.0
Amount_shipped,"(500, 4480, 604, 4955, 907.45)",0.0
Amount_shipped,"(500, 4480, 334, 4799, 1285.48)",0.0
Amount_shipped,"(500, 4480, 402, 4762, 1356.12)",0.0
Amount_shipped,"(500, 4500, 604, 4556, 10.77)",0.0
Amount_shipped,"(500, 4500, 545, 4715, 11.01)",0.0
Amount_shipped,"(500, 4500, 598, 4885, 11.15)",0.0
Amount_shipped,"(500, 4500, 622, 4729, 11.5)",0.0
Amount_shipped,"(500, 4500, 136, 4692, 11.61)",0.0
Amount_shipped,"(500, 4500, 494, 4926, 11.95)",0.0
Amount_shipped,"(500, 4500, 627, 4796, 12.52)",0.0
Amount_shipped,"(500, 4500, 604, 4624, 12.57)",0.0
Amount_shipped,"(500, 4500, 497, 4720, 12.7)",0.0
Amount_shipped,"(500, 4500, 503, 4807, 16.06)",0.0
Amount_shipped,"(500, 4500, 612, 4678, 16.32)",0.0
Amount_shipped,"(500, 4500, 345, 4695, 23.25)",0.0
Amount_shipped,"(500, 4500, 696, 4535, 23.59)",0.0
Amount_shipped,"(500, 4500, 250, 4682, 28.56)",0.0
Amount_shipped,"(500, 4500, 572, 4680, 30.45)",0.0
Amount_shipped,"(500, 4500, 371, 4764, 52.72)",0.0
Amount_shipped,"(500, 4500, 312, 4747, 62.13)",0.0
Amount_shipped,"(500, 4500, 417, 4874, 76.13)",0.0
Amount_shipped,"(500, 4500, 350, 4738, 111.96)",0.0
Amount_shipped,"(500, 4500, 327, 4722, 125.89)",0.0
Amount_shipped,"(500, 4500, 555, 4937, 127.49)",0.0
Amount_shipped,"(500, 4500, 239, 4765, 151.68)",0.0
Amount_shipped,"(500, 4500, 558, 4583, 208.94)",0.0
Amount_shipped,"(500, 4500, 592, 4773, 272.69)",0.0
Amount_shipped,"(500, 4500, 303, 4682, 594.76)",0.0
Amount_shipped,"(500, 4500, 519, 4618, 758.82)",0.0
Amount_shipped,"(500, 4500, 190, 4740, 907.18)",0.0
Amount_shipped,"(500, 4500, 604, 4955, 907.45)",0.0
Amount_shipped,"(500, 4500, 334, 4799, 1285.48)",0.0
Amount_shipped,"(500, 4500, 402, 4762, 1356.12)",0.0
Amount_shipped,"(500, 4520, 604, 4556, 10.77)",0.0
Amount_shipped,"(500, 4520, 545, 4715, 11.01)",0.0
Amount_shipped,"(500, 4520, 598, 4885, 11.15)",0.0
Amount_shipped,"(500, 4520, 622, 4729, 11.5)",0.0
Amount_shipped,"(500, 4520, 136, 4692, 11.61)",0.0
Amount_shipped,"(500, 4520, 494, 4926, 11.95)",0.0
Amount_shipped,"(500, 4520, 627, 4796, 12.52)",0.0
Amount_shipped,"(500, 4520, 604, 4624, 12.57)",0.0
Amount_shipped,"(500, 4520, 497, 4720, 12.7)",0.0
Amount_shipped,"(500, 4520, 503, 4807, 16.06)",0.0
Amount_shipped,"(500, 4520, 612, 4678, 16.32)",0.0
Amount_shipped,"(500, 4520, 345, 4695, 23.25)",0.0
Amount_shipped,"(500, 4520, 696, 4535, 23.59)",0.0
Amount_shipped,"(500, 4520, 250, 4682, 28.56)",0.0
Amount_shipped,"(500, 4520, 572, 4680, 30.45)",0.0
Amount_shipped,"(500, 4520, 371, 4764, 52.72)",0.0
Amount_shipped,"(500, 4520, 312, 4747, 62.13)",0.0
Amount_shipped,"(500, 4520, 417, 4874, 76.13)",0.0
Amount_shipped,"(500, 4520, 350, 4738, 111.96)",0.0
Amount_shipped,"(500, 4520, 327, 4722, 125.89)",0.0
Amount_shipped,"(500, 4520, 555, 4937, 127.49)",0.0
Amount_shipped,"(500, 4520, 239, 4765, 151.68)",0.0
Amount_shipped,"(500, 4520, 558, 4583, 208.94)",0.0
Amount_shipped,"(500, 4520, 592, 4773, 272.69)",0.0
Amount_shipped,"(500, 4520, 303, 4682, 594.76)",0.0
Amount_shipped,"(500, 4520, 519, 4618, 758.82)",0.0
Amount_shipped,"(500, 4520, 190, 4740, 907.18)",0.0
Amount_shipped,"(500, 4520, 604, 4955, 907.45)",0.0
Amount_shipped,"(500, 4520, 334, 4799, 1285.48)",0.0
Amount_shipped,"(500, 4520, 402, 4762, 1356.12)",0.0
Amount_shipped,"(500, 4540, 604, 4556, 10.77)",0.0
Amount_shipped,"(500, 4540, 545, 4715, 11.01)",0.0
Amount_shipped,"(500, 4540, 598, 4885, 11.15)",0.0
Amount_shipped,"(500, 4540, 622, 4729, 11.5)",0.0
Amount_shipped,"(500, 4540, 136, 4692, 11.61)",0.0
Amount_shipped,"(500, 4540, 494, 4926, 11.95)",0.0
Amount_shipped,"(500, 4540, 627, 4796, 12.52)",0.0
Amount_shipped,"(500, 4540, 604, 4624, 12.57)",0.0
Amount_shipped,"(500, 4540, 497, 4720, 12.7)",0.0
Amount_shipped,"(500, 4540, 503, 4807, 16.06)",0.0
Amount_shipped,"(500, 4540, 612, 4678, 16.32)",0.0
Amount_shipped,"(500, 4540, 345, 4695, 23.25)",0.0
Amount_shipped,"(500, 4540, 696, 4535, 23.59)",0.0
Amount_shipped,"(500, 4540, 250, 4682, 28.56)",0.0
Amount_shipped,"(500, 4540, 572, 4680, 30.45)",0.0
Amount_shipped,"(500, 4540, 371, 4764, 52.72)",0.0
Amount_shipped,"(500, 4540, 312, 4747, 62.13)",0.0
Amount_shipped,"(500, 4540, 417, 4874, 76.13)",0.0
Amount_shipped,"(500, 4540, 350, 4738, 111.96)",0.0
Amount_shipped,"(500, 4540, 327, 4722, 125.89)",0.0
Amount_shipped,"(500, 4540, 555, 4937, 127.49)",0.0
Amount_shipped,"(500, 4540, 239, 4765, 151.68)",0.0
Amount_shipped,"(500, 4540, 558, 4583, 208.94)",0.0
Amount_shipped,"(500, 4540, 592, 4773, 272.69)",0.0
Amount_shipped,"(500, 4540, 303, 4682, 594.76)",0.0
Amount_shipped,"(500, 4540, 519, 4618, 758.82)",0.0
Amount_shipped,"(500, 4540, 190, 4740, 907.18)",0.0
Amount_shipped,"(500, 4540, 604, 4955, 907.45)",0.0
Amount_shipped,"(500, 4540, 334, 4799, 1285.48)",0.0
Amount_shipped,"(500, 4540, 402, 4762, 1356.12)",0.0
Amount_shipped,"(500, 4560, 604, 4556, 10.77)",0.0
Amount_shipped,"(500, 4560, 545, 4715, 11.01)",0.0
Amount_shipped,"(500, 4560, 598, 4885, 11.15)",0.0
Amount_shipped,"(500, 4560, 622, 4729, 11.5)",0.0
Amount_shipped,"(500, 4560, 136, 4692, 11.61)",0.0
Amount_shipped,"(500, 4560, 494, 4926, 11.95)",0.0
Amount_shipped,"(500, 4560, 627, 4796, 12.52)",0.0
Amount_shipped,"(500, 4560, 604, 4624, 12.57)",0.0
Amount_shipped,"(500, 4560, 497, 4720, 12.7)",0.0
Amount_shipped,"(500, 4560, 503, 4807, 16.06)",0.0
Amount_shipped,"(500, 4560, 612, 4678, 16.32)",0.0
Amount_shipped,"(500, 4560, 345, 4695, 23.25)",0.0
Amount_shipped,"(500, 4560, 696, 4535, 23.59)",0.0
Amount_shipped,"(500, 4560, 250, 4682, 28.56)",0.0
Amount_shipped,"(500, 4560, 572, 4680, 30.45)",0.0
Amount_shipped,"(500, 4560, 371, 4764, 52.72)",0.0
Amount_shipped,"(500, 4560, 312, 4747, 62.13)",0.0
Amount_shipped,"(500, 4560, 417, 4874, 76.13)",0.0
Amount_shipped,"(500, 4560, 350, 4738, 111.96)",0.0
Amount_shipped,"(500, 4560, 327, 4722, 125.89)",0.0
Amount_shipped,"(500, 4560, 555, 4937, 127.49)",0.0
Amount_shipped,"(500, 4560, 239, 4765, 151.68)",0.0
Amount_shipped,"(500, 4560, 558, 4583, 208.94)",0.0
Amount_shipped,"(500, 4560, 592, 4773, 272.69)",0.0
Amount_shipped,"(500, 4560, 303, 4682, 594.76)",0.0
Amount_shipped,"(500, 4560, 519, 4618, 758.82)",0.0
Amount_shipped,"(500, 4560, 190, 4740, 907.18)",0.0
Amount_shipped,"(500, 4560, 604, 4955, 907.45)",0.0
Amount_shipped,"(500, 4560, 334, 4799, 1285.48)",0.0
Amount_shipped,"(500, 4560, 402, 4762, 1356.12)",0.0
Amount_shipped,"(500, 4580, 604, 4556, 10.77)",0.0
Amount_shipped,"(500, 4580, 545, 4715, 11.01)",0.0
Amount_shipped,"(500, 4580, 598, 4885, 11.15)",0.0
Amount_shipped,"(500, 4580, 622, 4729, 11.5)",0.0
Amount_shipped,"(500, 4580, 136, 4692, 11.61)",0.0
Amount_shipped,"(500, 4580, 494, 4926, 11.95)",0.0
Amount_shipped,"(500, 4580, 627, 4796, 12.52)",0.0
Amount_shipped,"(500, 4580, 604, 4624, 12.57)",0.0
Amount_shipped,"(500, 4580, 497, 4720, 12.7)",0.0
Amount_shipped,"(500, 4580, 503, 4807, 16.06)",0.0
Amount_shipped,"(500, 4580, 612, 4678, 16.32)",0.0
Amount_shipped,"(500, 4580, 345, 4695, 23.25)",0.0
Amount_shipped,"(500, 4580, 696, 4535, 23.59)",0.0
Amount_shipped,"(500, 4580, 250, 4682, 28.56)",0.0
Amount_shipped,"(500, 4580, 572, 4680, 30.45)",0.0
Amount_shipped,"(500, 4580, 371, 4764, 52.72)",0.0
Amount_shipped,"(500, 4580, 312, 4747, 62.13)",0.0
Amount_shipped,"(500, 4580, 417, 4874, 76.13)",0.0
Amount_shipped,"(500, 4580, 350, 4738, 111.96)",0.0
Amount_shipped,"(500, 4580, 327, 4722, 125.89)",0.0
Amount_shipped,"(500, 4580, 555, 4937, 127.49)",0.0
Amount_shipped,"(500, 4580, 239, 4765, 151.68)",0.0
Amount_shipped,"(500, 4580, 558, 4583, 208.94)",0.0
Amount_shipped,"(500, 4580, 592, 4773, 272.69)",0.0
Amount_shipped,"(500, 4580, 303, 4682, 594.76)",0.0
Amount_shipped,"(500, 4580, 519, 4618, 758.82)",0.0
Amount_shipped,"(500, 4580, 190, 4740, 907.18)",0.0
Amount_shipped,"(500, 4580, 604, 4955, 907.45)",0.0
Amount_shipped,"(500, 4580, 334, 4799, 1285.48)",0.0
Amount_shipped,"(500, 4580, 402, 4762, 1356.12)",0.0
Amount_shipped,"(500, 4600, 604, 4556, 10.77)",0.0
Amount_shipped,"(500, 4600, 545, 4715, 11.01)",0.0
Amount_shipped,"(500, 4600, 598, 4885, 11.15)",0.0
Amount_shipped,"(500, 4600, 622, 4729, 11.5)",0.0
Amount_shipped,"(500, 4600, 136, 4692, 11.61)",0.0
Amount_shipped,"(500, 4600, 494, 4926, 11.95)",0.0
Amount_shipped,"(500, 4600, 627, 4796, 12.52)",0.0
Amount_shipped,"(500, 4600, 604, 4624, 12.57)",0.0
Amount_shipped,"(500, 4600, 497, 4720, 12.7)",0.0
Amount_shipped,"(500, 4600, 503, 4807, 16.06)",0.0
Amount_shipped,"(500, 4600, 612, 4678, 16.32)",0.0
Amount_shipped,"(500, 4600, 345, 4695, 23.25)",0.0
Amount_shipped,"(500, 4600, 696, 4535, 23.59)",0.0
Amount_shipped,"(500, 4600, 250, 4682, 28.56)",0.0
Amount_shipped,"(500, 4600, 572, 4680, 30.45)",0.0
Amount_shipped,"(500, 4600, 371, 4764, 52.72)",0.0
Amount_shipped,"(500, 4600, 312, 4747, 62.13)",0.0
Amount_shipped,"(500, 4600, 417, 4874, 76.13)",0.0
Amount_shipped,"(500, 4600, 350, 4738, 111.96)",0.0
Amount_shipped,"(500, 4600, 327, 4722, 125.89)",0.0
Amount_shipped,"(500, 4600, 555, 4937, 127.49)",0.0
Amount_shipped,"(500, 4600, 239, 4765, 151.68)",0.0
Amount_shipped,"(500, 4600, 558, 4583, 208.94)",0.0
Amount_shipped,"(500, 4600, 592, 4773, 272.69)",0.0
Amount_shipped,"(500, 4600, 303, 4682, 594.76)",0.0
Amount_shipped,"(500, 4600, 519, 4618, 758.82)",0.0
Amount_shipped,"(500, 4600, 190, 4740, 907.18)",0.0
Amount_shipped,"(500, 4600, 604, 4955, 907.45)",0.0
Amount_shipped,"(500, 4600, 334, 4799, 1285.48)",0.0
Amount_shipped,"(500, 4600, 402, 4762, 1356.12)",0.0
Amount_shipped,"(500, 4620, 604, 4556, 10.77)",0.0
Amount_shipped,"(500, 4620, 545, 4715, 11.01)",0.0
Amount_shipped,"(500, 4620, 598, 4885, 11.15)",0.0
Amount_shipped,"(500, 4620, 622, 4729, 11.5)",0.0
Amount_shipped,"(500, 4620, 136, 4692, 11.61)",0.0
Amount_shipped,"(500, 4620, 494, 4926, 11.95)",0.0
Amount_shipped,"(500, 4620, 627, 4796, 12.52)",0.0
Amount_shipped,"(500, 4620, 604, 4624, 12.57)",0.0
Amount_shipped,"(500, 4620, 497, 4720, 12.7)",0.0
Amount_shipped,"(500, 4620, 503, 4807, 16.06)",0.0
Amount_shipped,"(500, 4620, 612, 4678, 16.32)",0.0
Amount_shipped,"(500, 4620, 345, 4695, 23.25)",0.0
Amount_shipped,"(500, 4620, 696, 4535, 23.59)",0.0
Amount_shipped,"(500, 4620, 250, 4682, 28.56)",0.0
Amount_shipped,"(500, 4620, 572, 4680, 30.45)",0.0
Amount_shipped,"(500, 4620, 371, 4764, 52.72)",0.0
Amount_shipped,"(500, 4620, 312, 4747, 62.13)",0.0
Amount_shipped,"(500, 4620, 417, 4874, 76.13)",0.0
Amount_shipped,"(500, 4620, 350, 4738, 111.96)",0.0
Amount_shipped,"(500, 4620, 327, 4722, 125.89)",0.0
Amount_shipped,"(500, 4620, 555, 4937, 127.49)",0.0
Amount_shipped,"(500, 4620, 239, 4765, 151.68)",0.0
Amount_shipped,"(500, 4620, 558, 4583, 208.94)",0.0
Amount_shipped,"(500, 4620, 592, 4773, 272.69)",0.0
Amount_shipped,"(500, 4620, 303, 4682, 594.76)",0.0
Amount_shipped,"(500, 4620, 519, 4618, 758.82)",0.0
Amount_shipped,"(500, 4620, 190, 4740, 907.18)",0.0
Amount_shipped,"(500, 4620, 604, 4955, 907.45)",0.0
Amount_shipped,"(500, 4620, 334, 4799, 1285.48)",0.0
Amount_shipped,"(500, 4620, 402, 4762, 1356.12)",0.0
Amount_shipped,"(500, 4640, 604, 4556, 10.77)",0.0
Amount_shipped,"(500, 4640, 545, 4715, 11.01)",0.0
Amount_shipped,"(500, 4640, 598, 4885, 11.15)",0.0
Amount_shipped,"(500, 4640, 622, 4729, 11.5)",0.0
Amount_shipped,"(500, 4640, 136, 4692, 11.61)",0.0
Amount_shipped,"(500, 4640, 494, 4926, 11.95)",0.0
Amount_shipped,"(500, 4640, 627, 4796, 12.52)",0.0
Amount_shipped,"(500, 4640, 604, 4624, 12.57)",0.0
Amount_shipped,"(500, 4640, 497, 4720, 12.7)",0.0
Amount_shipped,"(500, 4640, 503, 4807, 16.06)",0.0
Amount_shipped,"(500, 4640, 612, 4678, 16.32)",0.0
Amount_shipped,"(500, 4640, 345, 4695, 23.25)",0.0
Amount_shipped,"(500, 4640, 696, 4535, 23.59)",0.0
Amount_shipped,"(500, 4640, 250, 4682, 28.56)",0.0
Amount_shipped,"(500, 4640, 572, 4680, 30.45)",0.0
Amount_shipped,"(500, 4640, 371, 4764, 52.72)",0.0
Amount_shipped,"(500, 4640, 312, 4747, 62.13)",0.0
Amount_shipped,"(500, 4640, 417, 4874, 76.13)",0.0
Amount_shipped,"(500, 4640, 350, 4738, 111.96)",0.0
Amount_shipped,"(500, 4640, 327, 4722, 125.89)",0.0
Amount_shipped,"(500, 4640, 555, 4937, 127.49)",0.0
Amount_shipped,"(500, 4640, 239, 4765, 151.68)",0.0
Amount_shipped,"(500, 4640, 558, 4583, 208.94)",0.0
Amount_shipped,"(500, 4640, 592, 4773, 272.69)",0.0
Amount_shipped,"(500, 4640, 303, 4682, 594.76)",0.0
Amount_shipped,"(500, 4640, 519, 4618, 758.82)",0.0
Amount_shipped,"(500, 4640, 190, 4740, 907.18)",0.0
Amount_shipped,"(500, 4640, 604, 4955, 907.45)",0.0
Amount_shipped,"(500, 4640, 334, 4799, 1285.48)",0.0
Amount_shipped,"(500, 4640, 402, 4762, 1356.12)",0.0
Amount_shipped,"(500, 4660, 604, 4556, 10.77)",0.0
Amount_shipped,"(500, 4660, 545, 4715, 11.01)",0.0
Amount_shipped,"(500, 4660, 598, 4885, 11.15)",0.0
Amount_shipped,"(500, 4660, 622, 4729, 11.5)",0.0
Amount_shipped,"(500, 4660, 136, 4692, 11.61)",0.0
Amount_shipped,"(500, 4660, 494, 4926, 11.95)",0.0
Amount_shipped,"(500, 4660, 627, 4796, 12.52)",0.0
Amount_shipped,"(500, 4660, 604, 4624, 12.57)",0.0
Amount_shipped,"(500, 4660, 497, 4720, 12.7)",0.0
Amount_shipped,"(500, 4660, 503, 4807, 16.06)",0.0
Amount_shipped,"(500, 4660, 612, 4678, 16.32)",0.0
Amount_shipped,"(500, 4660, 345, 4695, 23.25)",0.0
Amount_shipped,"(500, 4660, 696, 4535, 23.59)",0.0
Amount_shipped,"(500, 4660, 250, 4682, 28.56)",0.0
Amount_shipped,"(500, 4660, 572, 4680, 30.45)",0.0
Amount_shipped,"(500, 4660, 371, 4764, 52.72)",0.0
Amount_shipped,"(500, 4660, 312, 4747, 62.13)",0.0
Amount_shipped,"(500, 4660, 417, 4874, 76.13)",0.0
Amount_shipped,"(500, 4660, 350, 4738, 111.96)",0.0
Amount_shipped,"(500, 4660, 327, 4722, 125.89)",0.0
Amount_shipped,"(500, 4660, 555, 4937, 127.49)",0.0
Amount_shipped,"(500, 4660, 239, 4765, 151.68)",0.0
Amount_shipped,"(500, 4660, 558, 4583, 208.94)",0.0
Amount_shipped,"(500, 4660, 592, 4773, 272.69)",0.0
Amount_shipped,"(500, 4660, 303, 4682, 594.76)",0.0
Amount_shipped,"(500, 4660, 519, 4618, 758.82)",0.0
Amount_shipped,"(500, 4660, 190, 4740, 907.18)",0.0
Amount_shipped,"(500, 4660, 604, 4955, 907.45)",0.0
Amount_shipped,"(500, 4660, 334, 4799, 1285.48)",0.0
Amount_shipped,"(500, 4660, 402, 4762, 1356.12)",0.0
Amount_shipped,"(500, 4680, 604, 4556, 10.77)",0.0
Amount_shipped,"(500, 4680, 545, 4715, 11.01)",0.0
Amount_shipped,"(500, 4680, 598, 4885, 11.15)",0.0
Amount_shipped,"(500, 4680, 622, 4729, 11.5)",0.0
Amount_shipped,"(500, 4680, 136, 4692, 11.61)",0.0
Amount_shipped,"(500, 4680, 494, 4926, 11.95)",0.0
Amount_shipped,"(500, 4680, 627, 4796, 12.52)",0.0
Amount_shipped,"(500, 4680, 604, 4624, 12.57)",0.0
Amount_shipped,"(500, 4680, 497, 4720, 12.7)",0.0
Amount_shipped,"(500, 4680, 503, 4807, 16.06)",0.0
Amount_shipped,"(500, 4680, 612, 4678, 16.32)",0.0
Amount_shipped,"(500, 4680, 345, 4695, 23.25)",0.0
Amount_shipped,"(500, 4680, 696, 4535, 23.59)",0.0
Amount_shipped,"(500, 4680, 250, 4682, 28.56)",0.0
Amount_shipped,"(500, 4680, 572, 4680, 30.45)",0.0
Amount_shipped,"(500, 4680, 371, 4764, 52.72)",0.0
Amount_shipped,"(500, 4680, 312, 4747, 62.13)",0.0
Amount_shipped,"(500, 4680, 417, 4874, 76.13)",0.0
Amount_shipped,"(500, 4680, 350, 4738, 111.96)",0.0
Amount_shipped,"(500, 4680, 327, 4722, 125.89)",0.0
Amount_shipped,"(500, 4680, 555, 4937, 127.49)",0.0
Amount_shipped,"(500, 4680, 239, 4765, 151.68)",0.0
Amount_shipped,"(500, 4680, 558, 4583, 208.94)",0.0
Amount_shipped,"(500, 4680, 592, 4773, 272.69)",0.0
Amount_shipped,"(500, 4680, 303, 4682, 594.76)",0.0
Amount_shipped,"(500, 4680, 519, 4618, 758.82)",0.0
Amount_shipped,"(500, 4680, 190, 4740, 907.18)",0.0
Amount_shipped,"(500, 4680, 604, 4955, 907.45)",0.0
Amount_shipped,"(500, 4680, 334, 4799, 1285.48)",0.0
Amount_shipped,"(500, 4680, 402, 4762, 1356.12)",0.0
Amount_shipped,"(500, 4700, 604, 4556, 10.77)",0.0
Amount_shipped,"(500, 4700, 545, 4715, 11.01)",0.0
Amount_shipped,"(500, 4700, 598, 4885, 11.15)",0.0
Amount_shipped,"(500, 4700, 622, 4729, 11.5)",0.0
Amount_shipped,"(500, 4700, 136, 4692, 11.61)",0.0
Amount_shipped,"(500, 4700, 494, 4926, 11.95)",0.0
Amount_shipped,"(500, 4700, 627, 4796, 12.52)",0.0
Amount_shipped,"(500, 4700, 604, 4624, 12.57)",0.0
Amount_shipped,"(500, 4700, 497, 4720, 12.7)",0.0
Amount_shipped,"(500, 4700, 503, 4807, 16.06)",0.0
Amount_shipped,"(500, 4700, 612, 4678, 16.32)",0.0
Amount_shipped,"(500, 4700, 345, 4695, 23.25)",0.0
Amount_shipped,"(500, 4700, 696, 4535, 23.59)",0.0
Amount_shipped,"(500, 4700, 250, 4682, 28.56)",0.0
Amount_shipped,"(500, 4700, 572, 4680, 30.45)",0.0
Amount_shipped,"(500, 4700, 371, 4764, 52.72)",0.0
Amount_shipped,"(500, 4700, 312, 4747, 62.13)",0.0
Amount_shipped,"(500, 4700, 417, 4874, 76.13)",0.0
Amount_shipped,"(500, 4700, 350, 4738, 111.96)",0.0
Amount_shipped,"(500, 4700, 327, 4722, 125.89)",0.0
Amount_shipped,"(500, 4700, 555, 4937, 127.49)",0.0
Amount_shipped,"(500, 4700, 239, 4765, 151.68)",0.0
Amount_shipped,"(500, 4700, 558, 4583, 208.94)",0.0
Amount_shipped,"(500, 4700, 592, 4773, 272.69)",0.0
Amount_shipped,"(500, 4700, 303, 4682, 594.76)",0.0
Amount_shipped,"(500, 4700, 519, 4618, 758.82)",0.0
Amount_shipped,"(500, 4700, 190, 4740, 907.18)",0.0
Amount_shipped,"(500, 4700, 604, 4955, 907.45)",0.0
Amount_shipped,"(500, 4700, 334, 4799, 1285.48)",0.0
Amount_shipped,"(500, 4700, 402, 4762, 1356.12)",0.0
Amount_shipped,"(500, 4720, 604, 4556, 10.77)",0.0
Amount_shipped,"(500, 4720, 545, 4715, 11.01)",0.0
Amount_shipped,"(500, 4720, 598, 4885, 11.15)",0.0
Amount_shipped,"(500, 4720, 622, 4729, 11.5)",0.0
Amount_shipped,"(500, 4720, 136, 4692, 11.61)",0.0
Amount_shipped,"(500, 4720, 494, 4926, 11.95)",0.0
Amount_shipped,"(500, 4720, 627, 4796, 12.52)",0.0
Amount_shipped,"(500, 4720, 604, 4624, 12.57)",0.0
Amount_shipped,"(500, 4720, 497, 4720, 12.7)",0.0
Amount_shipped,"(500, 4720, 503, 4807, 16.06)",0.0
Amount_shipped,"(500, 4720, 612, 4678, 16.32)",0.0
Amount_shipped,"(500, 4720, 345, 4695, 23.25)",0.0
Amount_shipped,"(500, 4720, 696, 4535, 23.59)",0.0
Amount_shipped,"(500, 4720, 250, 4682, 28.56)",0.0
Amount_shipped,"(500, 4720, 572, 4680, 30.45)",0.0
Amount_shipped,"(500, 4720, 371, 4764, 52.72)",0.0
Amount_shipped,"(500, 4720, 312, 4747, 62.13)",0.0
Amount_shipped,"(500, 4720, 417, 4874, 76.13)",0.0
Amount_shipped,"(500, 4720, 350, 4738, 111.96)",0.0
Amount_shipped,"(500, 4720, 327, 4722, 125.89)",0.0
Amount_shipped,"(500, 4720, 555, 4937, 127.49)",0.0
Amount_shipped,"(500, 4720, 239, 4765, 151.68)",0.0
Amount_shipped,"(500, 4720, 558, 4583, 208.94)",0.0
Amount_shipped,"(500, 4720, 592, 4773, 272.69)",0.0
Amount_shipped,"(500, 4720, 303, 4682, 594.76)",0.0
Amount_shipped,"(500, 4720, 519, 4618, 758.82)",0.0
Amount_shipped,"(500, 4720, 190, 4740, 907.18)",0.0
Amount_shipped,"(500, 4720, 604, 4955, 907.45)",0.0
Amount_shipped,"(500, 4720, 334, 4799, 1285.48)",0.0
Amount_shipped,"(500, 4720, 402, 4762, 1356.12)",0.0
Amount_shipped,"(500, 4740, 604, 4556, 10.77)",0.0
Amount_shipped,"(500, 4740, 545, 4715, 11.01)",0.0
Amount_shipped,"(500, 4740, 598, 4885, 11.15)",0.0
Amount_shipped,"(500, 4740, 622, 4729, 11.5)",0.0
Amount_shipped,"(500, 4740, 136, 4692, 11.61)",0.0
Amount_shipped,"(500, 4740, 494, 4926, 11.95)",0.0
Amount_shipped,"(500, 4740, 627, 4796, 12.52)",0.0
Amount_shipped,"(500, 4740, 604, 4624, 12.57)",0.0
Amount_shipped,"(500, 4740, 497, 4720, 12.7)",0.0
Amount_shipped,"(500, 4740, 503, 4807, 16.06)",0.0
Amount_shipped,"(500, 4740, 612, 4678, 16.32)",0.0
Amount_shipped,"(500, 4740, 345, 4695, 23.25)",0.0
Amount_shipped,"(500, 4740, 696, 4535, 23.59)",0.0
Amount_shipped,"(500, 4740, 250, 4682, 28.56)",0.0
Amount_shipped,"(500, 4740, 572, 4680, 30.45)",0.0
Amount_shipped,"(500, 4740, 371, 4764, 52.72)",0.0
Amount_shipped,"(500, 4740, 312, 4747, 62.13)",0.0
Amount_shipped,"(500, 4740, 417, 4874, 76.13)",0.0
Amount_shipped,"(500, 4740, 350, 4738, 111.96)",0.0
Amount_shipped,"(500, 4740, 327, 4722, 125.89)",0.0
Amount_shipped,"(500, 4740, 555, 4937, 127.49)",0.0
Amount_shipped,"(500, 4740, 239, 4765, 151.68)",0.0
Amount_shipped,"(500, 4740, 558, 4583, 208.94)",0.0
Amount_shipped,"(500, 4740, 592, 4773, 272.69)",0.0
Amount_shipped,"(500, 4740, 303, 4682, 594.76)",0.0
Amount_shipped,"(500, 4740, 519, 4618, 758.82)",0.0
Amount_shipped,"(500, 4740, 190, 4740, 907.18)",0.0
Amount_shipped,"(500, 4740, 604, 4955, 907.45)",0.0
Amount_shipped,"(500, 4740, 334, 4799, 1285.48)",0.0
Amount_shipped,"(500, 4740, 402, 4762, 1356.12)",0.0
Amount_shipped,"(500, 4760, 604, 4556, 10.77)",0.0
Amount_shipped,"(500, 4760, 545, 4715, 11.01)",0.0
Amount_shipped,"(500, 4760, 598, 4885, 11.15)",0.0
Amount_shipped,"(500, 4760, 622, 4729, 11.5)",0.0
Amount_shipped,"(500, 4760, 136, 4692, 11.61)",0.0
Amount_shipped,"(500, 4760, 494, 4926, 11.95)",0.0
Amount_shipped,"(500, 4760, 627, 4796, 12.52)",0.0
Amount_shipped,"(500, 4760, 604, 4624, 12.57)",0.0
Amount_shipped,"(500, 4760, 497, 4720, 12.7)",0.0
Amount_shipped,"(500, 4760, 503, 4807, 16.06)",0.0
Amount_shipped,"(500, 4760, 612, 4678, 16.32)",0.0
Amount_shipped,"(500, 4760, 345, 4695, 23.25)",0.0
Amount_shipped,"(500, 4760, 696, 4535, 23.59)",0.0
Amount_shipped,"(500, 4760, 250, 4682, 28.56)",0.0
Amount_shipped,"(500, 4760, 572, 4680, 30.45)",0.0
Amount_shipped,"(500, 4760, 371, 4764, 52.72)",0.0
Amount_shipped,"(500, 4760, 312, 4747, 62.13)",0.0
Amount_shipped,"(500, 4760, 417, 4874, 76.13)",0.0
Amount_shipped,"(500, 4760, 350, 4738, 111.96)",0.0
Amount_shipped,"(500, 4760, 327, 4722, 125.89)",0.0
Amount_shipped,"(500, 4760, 555, 4937, 127.49)",0.0
Amount_shipped,"(500, 4760, 239, 4765, 151.68)",0.0
Amount_shipped,"(500, 4760, 558, 4583, 208.94)",0.0
Amount_shipped,"(500, 4760, 592, 4773, 272.69)",0.0
Amount_shipped,"(500, 4760, 303, 4682, 594.76)",0.0
Amount_shipped,"(500, 4760, 519, 4618, 758.82)",0.0
Amount_shipped,"(500, 4760, 190, 4740, 907.18)",0.0
Amount_shipped,"(500, 4760, 604, 4955, 907.45)",0.0
Amount_shipped,"(500, 4760, 334, 4799, 1285.48)",0.0
Amount_shipped,"(500, 4760, 402, 4762, 1356.12)",0.0
Amount_shipped,"(500, 4780, 604, 4556, 10.77)",0.0
Amount_shipped,"(500, 4780, 545, 4715, 11.01)",0.0
Amount_shipped,"(500, 4780, 598, 4885, 11.15)",0.0
Amount_shipped,"(500, 4780, 622, 4729, 11.5)",0.0
Amount_shipped,"(500, 4780, 136, 4692, 11.61)",0.0
Amount_shipped,"(500, 4780, 494, 4926, 11.95)",0.0
Amount_shipped,"(500, 4780, 627, 4796, 12.52)",0.0
Amount_shipped,"(500, 4780, 604, 4624, 12.57)",0.0
Amount_shipped,"(500, 4780, 497, 4720, 12.7)",0.0
Amount_shipped,"(500, 4780, 503, 4807, 16.06)",0.0
Amount_shipped,"(500, 4780, 612, 4678, 16.32)",0.0
Amount_shipped,"(500, 4780, 345, 4695, 23.25)",0.0
Amount_shipped,"(500, 4780, 696, 4535, 23.59)",0.0
Amount_shipped,"(500, 4780, 250, 4682, 28.56)",0.0
Amount_shipped,"(500, 4780, 572, 4680, 30.45)",0.0
Amount_shipped,"(500, 4780, 371, 4764, 52.72)",0.0
Amount_shipped,"(500, 4780, 312, 4747, 62.13)",0.0
Amount_shipped,"(500, 4780, 417, 4874, 76.13)",0.0
Amount_shipped,"(500, 4780, 350, 4738, 111.96)",0.0
Amount_shipped,"(500, 4780, 327, 4722, 125.89)",0.0
Amount_shipped,"(500, 4780, 555, 4937, 127.49)",0.0
Amount_shipped,"(500, 4780, 239, 4765, 151.68)",0.0
Amount_shipped,"(500, 4780, 558, 4583, 208.94)",0.0
Amount_shipped,"(500, 4780, 592, 4773, 272.69)",0.0
Amount_shipped,"(500, 4780, 303, 4682, 594.76)",0.0
Amount_shipped,"(500, 4780, 519, 4618, 758.82)",0.0
Amount_shipped,"(500, 4780, 190, 4740, 907.18)",0.0
Amount_shipped,"(500, 4780, 604, 4955, 907.45)",0.0
Amount_shipped,"(500, 4780, 334, 4799, 1285.48)",0.0
Amount_shipped,"(500, 4780, 402, 4762, 1356.12)",0.0
Amount_shipped,"(500, 4800, 604, 4556, 10.77)",0.0
Amount_shipped,"(500, 4800, 545, 4715, 11.01)",0.0
Amount_shipped,"(500, 4800, 598, 4885, 11.15)",0.0
Amount_shipped,"(500, 4800, 622, 4729, 11.5)",0.0
Amount_shipped,"(500, 4800, 136, 4692, 11.61)",0.0
Amount_shipped,"(500, 4800, 494, 4926, 11.95)",0.0
Amount_shipped,"(500, 4800, 627, 4796, 12.52)",0.0
Amount_shipped,"(500, 4800, 604, 4624, 12.57)",0.0
Amount_shipped,"(500, 4800, 497, 4720, 12.7)",0.0
Amount_shipped,"(500, 4800, 503, 4807, 16.06)",0.0
Amount_shipped,"(500, 4800, 612, 4678, 16.32)",0.0
Amount_shipped,"(500, 4800, 345, 4695, 23.25)",0.0
Amount_shipped,"(500, 4800, 696, 4535, 23.59)",0.0
Amount_shipped,"(500, 4800, 250, 4682, 28.56)",0.0
Amount_shipped,"(500, 4800, 572, 4680, 30.45)",0.0
Amount_shipped,"(500, 4800, 371, 4764, 52.72)",0.0
Amount_shipped,"(500, 4800, 312, 4747, 62.13)",0.0
Amount_shipped,"(500, 4800, 417, 4874, 76.13)",0.0
Amount_shipped,"(500, 4800, 350, 4738, 111.96)",0.0
Amount_shipped,"(500, 4800, 327, 4722, 125.89)",0.0
Amount_shipped,"(500, 4800, 555, 4937, 127.49)",0.0
Amount_shipped,"(500, 4800, 239, 4765, 151.68)",0.0
Amount_shipped,"(500, 4800, 558, 4583, 208.94)",0.0
Amount_shipped,"(500, 4800, 592, 4773, 272.69)",0.0
Amount_shipped,"(500, 4800, 303, 4682, 594.76)",0.0
Amount_shipped,"(500, 4800, 519, 4618, 758.82)",0.0
Amount_shipped,"(500, 4800, 190, 4740, 907.18)",0.0
Amount_shipped,"(500, 4800, 604, 4955, 907.45)",0.0
Amount_shipped,"(500, 4800, 334, 4799, 1285.48)",0.0
Amount_shipped,"(500, 4800, 402, 4762, 1356.12)",0.0
Amount_shipped,"(500, 4820, 604, 4556, 10.77)",0.0
Amount_shipped,"(500, 4820, 545, 4715, 11.01)",0.0
Amount_shipped,"(500, 4820, 598, 4885, 11.15)",0.0
Amount_shipped,"(500, 4820, 622, 4729, 11.5)",0.0
Amount_shipped,"(500, 4820, 136, 4692, 11.61)",0.0
Amount_shipped,"(500, 4820, 494, 4926, 11.95)",0.0
Amount_shipped,"(500, 4820, 627, 4796, 12.52)",0.0
Amount_shipped,"(500, 4820, 604, 4624, 12.57)",0.0
Amount_shipped,"(500, 4820, 497, 4720, 12.7)",0.0
Amount_shipped,"(500, 4820, 503, 4807, 16.06)",0.0
Amount_shipped,"(500, 4820, 612, 4678, 16.32)",0.0
Amount_shipped,"(500, 4820, 345, 4695, 23.25)",0.0
Amount_shipped,"(500, 4820, 696, 4535, 23.59)",0.0
Amount_shipped,"(500, 4820, 250, 4682, 28.56)",0.0
Amount_shipped,"(500, 4820, 572, 4680, 30.45)",0.0
Amount_shipped,"(500, 4820, 371, 4764, 52.72)",0.0
Amount_shipped,"(500, 4820, 312, 4747, 62.13)",0.0
Amount_shipped,"(500, 4820, 417, 4874, 76.13)",0.0
Amount_shipped,"(500, 4820, 350, 4738, 111.96)",0.0
Amount_shipped,"(500, 4820, 327, 4722, 125.89)",0.0
Amount_shipped,"(500, 4820, 555, 4937, 127.49)",0.0
Amount_shipped,"(500, 4820, 239, 4765, 151.68)",0.0
Amount_shipped,"(500, 4820, 558, 4583, 208.94)",0.0
Amount_shipped,"(500, 4820, 592, 4773, 272.69)",0.0
Amount_shipped,"(500, 4820, 303, 4682, 594.76)",0.0
Amount_shipped,"(500, 4820, 519, 4618, 758.82)",0.0
Amount_shipped,"(500, 4820, 190, 4740, 907.18)",0.0
Amount_shipped,"(500, 4820, 604, 4955, 907.45)",0.0
Amount_shipped,"(500, 4820, 334, 4799, 1285.48)",0.0
Amount_shipped,"(500, 4820, 402, 4762, 1356.12)",0.0
Amount_shipped,"(500, 4840, 604, 4556, 10.77)",0.0
Amount_shipped,"(500, 4840, 545, 4715, 11.01)",0.0
Amount_shipped,"(500, 4840, 598, 4885, 11.15)",0.0
Amount_shipped,"(500, 4840, 622, 4729, 11.5)",0.0
Amount_shipped,"(500, 4840, 136, 4692, 11.61)",0.0
Amount_shipped,"(500, 4840, 494, 4926, 11.95)",0.0
Amount_shipped,"(500, 4840, 627, 4796, 12.52)",0.0
Amount_shipped,"(500, 4840, 604, 4624, 12.57)",0.0
Amount_shipped,"(500, 4840, 497, 4720, 12.7)",0.0
Amount_shipped,"(500, 4840, 503, 4807, 16.06)",0.0
Amount_shipped,"(500, 4840, 612, 4678, 16.32)",0.0
Amount_shipped,"(500, 4840, 345, 4695, 23.25)",0.0
Amount_shipped,"(500, 4840, 696, 4535, 23.59)",0.0
Amount_shipped,"(500, 4840, 250, 4682, 28.56)",0.0
Amount_shipped,"(500, 4840, 572, 4680, 30.45)",0.0
Amount_shipped,"(500, 4840, 371, 4764, 52.72)",0.0
Amount_shipped,"(500, 4840, 312, 4747, 62.13)",0.0
Amount_shipped,"(500, 4840, 417, 4874, 76.13)",0.0
Amount_shipped,"(500, 4840, 350, 4738, 111.96)",0.0
Amount_shipped,"(500, 4840, 327, 4722, 125.89)",0.0
Amount_shipped,"(500, 4840, 555, 4937, 127.49)",0.0
Amount_shipped,"(500, 4840, 239, 4765, 151.68)",0.0
Amount_shipped,"(500, 4840, 558, 4583, 208.94)",0.0
Amount_shipped,"(500, 4840, 592, 4773, 272.69)",0.0
Amount_shipped,"(500, 4840, 303, 4682, 594.76)",0.0
Amount_shipped,"(500, 4840, 519, 4618, 758.82)",0.0
Amount_shipped,"(500, 4840, 190, 4740, 907.18)",0.0
Amount_shipped,"(500, 4840, 604, 4955, 907.45)",0.0
Amount_shipped,"(500, 4840, 334, 4799, 1285.48)",0.0
Amount_shipped,"(500, 4840, 402, 4762, 1356.12)",0.0
Amount_shipped,"(500, 4860, 604, 4556, 10.77)",0.0
Amount_shipped,"(500, 4860, 545, 4715, 11.01)",0.0
Amount_shipped,"(500, 4860, 598, 4885, 11.15)",0.0
Amount_shipped,"(500, 4860, 622, 4729, 11.5)",0.0
Amount_shipped,"(500, 4860, 136, 4692, 11.61)",0.0
Amount_shipped,"(500, 4860, 494, 4926, 11.95)",0.0
Amount_shipped,"(500, 4860, 627, 4796, 12.52)",0.0
Amount_shipped,"(500, 4860, 604, 4624, 12.57)",0.0
Amount_shipped,"(500, 4860, 497, 4720, 12.7)",0.0
Amount_shipped,"(500, 4860, 503, 4807, 16.06)",0.0
Amount_shipped,"(500, 4860, 612, 4678, 16.32)",0.0
Amount_shipped,"(500, 4860, 345, 4695, 23.25)",0.0
Amount_shipped,"(500, 4860, 696, 4535, 23.59)",0.0
Amount_shipped,"(500, 4860, 250, 4682, 28.56)",0.0
Amount_shipped,"(500, 4860, 572, 4680, 30.45)",0.0
Amount_shipped,"(500, 4860, 371, 4764, 52.72)",0.0
Amount_shipped,"(500, 4860, 312, 4747, 62.13)",0.0
Amount_shipped,"(500, 4860, 417, 4874, 76.13)",0.0
Amount_shipped,"(500, 4860, 350, 4738, 111.96)",0.0
Amount_shipped,"(500, 4860, 327, 4722, 125.89)",0.0
Amount_shipped,"(500, 4860, 555, 4937, 127.49)",0.0
Amount_shipped,"(500, 4860, 239, 4765, 151.68)",0.0
Amount_shipped,"(500, 4860, 558, 4583, 208.94)",0.0
Amount_shipped,"(500, 4860, 592, 4773, 272.69)",0.0
Amount_shipped,"(500, 4860, 303, 4682, 594.76)",0.0
Amount_shipped,"(500, 4860, 519, 4618, 758.82)",0.0
Amount_shipped,"(500, 4860, 190, 4740, 907.18)",0.0
Amount_shipped,"(500, 4860, 604, 4955, 907.45)",0.0
Amount_shipped,"(500, 4860, 334, 4799, 1285.48)",0.0
Amount_shipped,"(500, 4860, 402, 4762, 1356.12)",0.0
Amount_shipped,"(500, 4880, 604, 4556, 10.77)",0.0
Amount_shipped,"(500, 4880, 545, 4715, 11.01)",0.0
Amount_shipped,"(500, 4880, 598, 4885, 11.15)",0.0
Amount_shipped,"(500, 4880, 622, 4729, 11.5)",0.0
Amount_shipped,"(500, 4880, 136, 4692, 11.61)",0.0
Amount_shipped,"(500, 4880, 494, 4926, 11.95)",0.0
Amount_shipped,"(500, 4880, 627, 4796, 12.52)",0.0
Amount_shipped,"(500, 4880, 604, 4624, 12.57)",0.0
Amount_shipped,"(500, 4880, 497, 4720, 12.7)",0.0
Amount_shipped,"(500, 4880, 503, 4807, 16.06)",0.0
Amount_shipped,"(500, 4880, 612, 4678, 16.32)",0.0
Amount_shipped,"(500, 4880, 345, 4695, 23.25)",0.0
Amount_shipped,"(500, 4880, 696, 4535, 23.59)",0.0
Amount_shipped,"(500, 4880, 250, 4682, 28.56)",0.0
Amount_shipped,"(500, 4880, 572, 4680, 30.45)",0.0
Amount_shipped,"(500, 4880, 371, 4764, 52.72)",0.0
Amount_shipped,"(500, 4880, 312, 4747, 62.13)",0.0
Amount_shipped,"(500, 4880, 417, 4874, 76.13)",0.0
Amount_shipped,"(500, 4880, 350, 4738, 111.96)",0.0
Amount_shipped,"(500, 4880, 327, 4722, 125.89)",0.0
Amount_shipped,"(500, 4880, 555, 4937, 127.49)",0.0
Amount_shipped,"(500, 4880, 239, 4765, 151.68)",0.0
Amount_shipped,"(500, 4880, 558, 4583, 208.94)",0.0
Amount_shipped,"(500, 4880, 592, 4773, 272.69)",0.0
Amount_shipped,"(500, 4880, 303, 4682, 594.76)",0.0
Amount_shipped,"(500, 4880, 519, 4618, 758.82)",0.0
Amount_shipped,"(500, 4880, 190, 4740, 907.18)",0.0
Amount_shipped,"(500, 4880, 604, 4955, 907.45)",0.0
Amount_shipped,"(500, 4880, 334, 4799, 1285.48)",0.0
Amount_shipped,"(500, 4880, 402, 4762, 1356.12)",0.0
Amount_shipped,"(500, 4900, 604, 4556, 10.77)",0.0
Amount_shipped,"(500, 4900, 545, 4715, 11.01)",0.0
Amount_shipped,"(500, 4900, 598, 4885, 11.15)",0.0
Amount_shipped,"(500, 4900, 622, 4729, 11.5)",0.0
Amount_shipped,"(500, 4900, 136, 4692, 11.61)",0.0
Amount_shipped,"(500, 4900, 494, 4926, 11.95)",0.0
Amount_shipped,"(500, 4900, 627, 4796, 12.52)",0.0
Amount_shipped,"(500, 4900, 604, 4624, 12.57)",0.0
Amount_shipped,"(500, 4900, 497, 4720, 12.7)",0.0
Amount_shipped,"(500, 4900, 503, 4807, 16.06)",0.0
Amount_shipped,"(500, 4900, 612, 4678, 16.32)",0.0
Amount_shipped,"(500, 4900, 345, 4695, 23.25)",0.0
Amount_shipped,"(500, 4900, 696, 4535, 23.59)",0.0
Amount_shipped,"(500, 4900, 250, 4682, 28.56)",0.0
Amount_shipped,"(500, 4900, 572, 4680, 30.45)",0.0
Amount_shipped,"(500, 4900, 371, 4764, 52.72)",0.0
Amount_shipped,"(500, 4900, 312, 4747, 62.13)",0.0
Amount_shipped,"(500, 4900, 417, 4874, 76.13)",0.0
Amount_shipped,"(500, 4900, 350, 4738, 111.96)",0.0
Amount_shipped,"(500, 4900, 327, 4722, 125.89)",0.0
Amount_shipped,"(500, 4900, 555, 4937, 127.49)",0.0
Amount_shipped,"(500, 4900, 239, 4765, 151.68)",0.0
Amount_shipped,"(500, 4900, 558, 4583, 208.94)",0.0
Amount_shipped,"(500, 4900, 592, 4773, 272.69)",0.0
Amount_shipped,"(500, 4900, 303, 4682, 594.76)",0.0
Amount_shipped,"(500, 4900, 519, 4618, 758.82)",0.0
Amount_shipped,"(500, 4900, 190, 4740, 907.18)",0.0
Amount_shipped,"(500, 4900, 604, 4955, 907.45)",0.0
Amount_shipped,"(500, 4900, 334, 4799, 1285.48)",0.0
Amount_shipped,"(500, 4900, 402, 4762, 1356.12)",0.0
Amount_shipped,"(500, 4920, 604, 4556, 10.77)",0.0
Amount_shipped,"(500, 4920, 545, 4715, 11.01)",0.0
Amount_shipped,"(500, 4920, 598, 4885, 11.15)",0.0
Amount_shipped,"(500, 4920, 622, 4729, 11.5)",0.0
Amount_shipped,"(500, 4920, 136, 4692, 11.61)",0.0
Amount_shipped,"(500, 4920, 494, 4926, 11.95)",0.0
Amount_shipped,"(500, 4920, 627, 4796, 12.52)",0.0
Amount_shipped,"(500, 4920, 604, 4624, 12.57)",0.0
Amount_shipped,"(500, 4920, 497, 4720, 12.7)",0.0
Amount_shipped,"(500, 4920, 503, 4807, 16.06)",0.0
Amount_shipped,"(500, 4920, 612, 4678, 16.32)",0.0
Amount_shipped,"(500, 4920, 345, 4695, 23.25)",0.0
Amount_shipped,"(500, 4920, 696, 4535, 23.59)",0.0
Amount_shipped,"(500, 4920, 250, 4682, 28.56)",0.0
Amount_shipped,"(500, 4920, 572, 4680, 30.45)",0.0
Amount_shipped,"(500, 4920, 371, 4764, 52.72)",0.0
Amount_shipped,"(500, 4920, 312, 4747, 62.13)",0.0
Amount_shipped,"(500, 4920, 417, 4874, 76.13)",0.0
Amount_shipped,"(500, 4920, 350, 4738, 111.96)",0.0
Amount_shipped,"(500, 4920, 327, 4722, 125.89)",0.0
Amount_shipped,"(500, 4920, 555, 4937, 127.49)",0.0
Amount_shipped,"(500, 4920, 239, 4765, 151.68)",0.0
Amount_shipped,"(500, 4920, 558, 4583, 208.94)",0.0
Amount_shipped,"(500, 4920, 592, 4773, 272.69)",0.0
Amount_shipped,"(500, 4920, 303, 4682, 594.76)",0.0
Amount_shipped,"(500, 4920, 519, 4618, 758.82)",0.0
Amount_shipped,"(500, 4920, 190, 4740, 907.18)",0.0
Amount_shipped,"(500, 4920, 604, 4955, 907.45)",0.0
Amount_shipped,"(500, 4920, 334, 4799, 1285.48)",0.0
Amount_shipped,"(500, 4920, 402, 4762, 1356.12)",0.0
Amount_shipped,"(500, 4940, 604, 4556, 10.77)",0.0
Amount_shipped,"(500, 4940, 545, 4715, 11.01)",0.0
Amount_shipped,"(500, 4940, 598, 4885, 11.15)",0.0
Amount_shipped,"(500, 4940, 622, 4729, 11.5)",0.0
Amount_shipped,"(500, 4940, 136, 4692, 11.61)",0.0
Amount_shipped,"(500, 4940, 494, 4926, 11.95)",0.0
Amount_shipped,"(500, 4940, 627, 4796, 12.52)",0.0
Amount_shipped,"(500, 4940, 604, 4624, 12.57)",0.0
Amount_shipped,"(500, 4940, 497, 4720, 12.7)",0.0
Amount_shipped,"(500, 4940, 503, 4807, 16.06)",0.0
Amount_shipped,"(500, 4940, 612, 4678, 16.32)",0.0
Amount_shipped,"(500, 4940, 345, 4695, 23.25)",0.0
Amount_shipped,"(500, 4940, 696, 4535, 23.59)",0.0
Amount_shipped,"(500, 4940, 250, 4682, 28.56)",0.0
Amount_shipped,"(500, 4940, 572, 4680, 30.45)",0.0
Amount_shipped,"(500, 4940, 371, 4764, 52.72)",0.0
Amount_shipped,"(500, 4940, 312, 4747, 62.13)",0.0
Amount_shipped,"(500, 4940, 417, 4874, 76.13)",0.0
Amount_shipped,"(500, 4940, 350, 4738, 111.96)",0.0
Amount_shipped,"(500, 4940, 327, 4722, 125.89)",0.0
Amount_shipped,"(500, 4940, 555, 4937, 127.49)",0.0
Amount_shipped,"(500, 4940, 239, 4765, 151.68)",0.0
Amount_shipped,"(500, 4940, 558, 4583, 208.94)",0.0
Amount_shipped,"(500, 4940, 592, 4773, 272.69)",0.0
Amount_shipped,"(500, 4940, 303, 4682, 594.76)",0.0
Amount_shipped,"(500, 4940, 519, 4618, 758.82)",0.0
Amount_shipped,"(500, 4940, 190, 4740, 907.18)",0.0
Amount_shipped,"(500, 4940, 604, 4955, 907.45)",0.0
Amount_shipped,"(500, 4940, 334, 4799, 1285.48)",0.0
Amount_shipped,"(500, 4940, 402, 4762, 1356.12)",0.0
Amount_shipped,"(500, 4960, 604, 4556, 10.77)",0.0
Amount_shipped,"(500, 4960, 545, 4715, 11.01)",0.0
Amount_shipped,"(500, 4960, 598, 4885, 11.15)",0.0
Amount_shipped,"(500, 4960, 622, 4729, 11.5)",0.0
Amount_shipped,"(500, 4960, 136, 4692, 11.61)",0.0
Amount_shipped,"(500, 4960, 494, 4926, 11.95)",0.0
Amount_shipped,"(500, 4960, 627, 4796, 12.52)",0.0
Amount_shipped,"(500, 4960, 604, 4624, 12.57)",0.0
Amount_shipped,"(500, 4960, 497, 4720, 12.7)",0.0
Amount_shipped,"(500, 4960, 503, 4807, 16.06)",0.0
Amount_shipped,"(500, 4960, 612, 4678, 16.32)",0.0
Amount_shipped,"(500, 4960, 345, 4695, 23.25)",0.0
Amount_shipped,"(500, 4960, 696, 4535, 23.59)",0.0
Amount_shipped,"(500, 4960, 250, 4682, 28.56)",0.0
Amount_shipped,"(500, 4960, 572, 4680, 30.45)",0.0
Amount_shipped,"(500, 4960, 371, 4764, 52.72)",0.0
Amount_shipped,"(500, 4960, 312, 4747, 62.13)",0.0
Amount_shipped,"(500, 4960, 417, 4874, 76.13)",0.0
Amount_shipped,"(500, 4960, 350, 4738, 111.96)",0.0
Amount_shipped,"(500, 4960, 327, 4722, 125.89)",0.0
Amount_shipped,"(500, 4960, 555, 4937, 127.49)",0.0
Amount_shipped,"(500, 4960, 239, 4765, 151.68)",0.0
Amount_shipped,"(500, 4960, 558, 4583, 208.94)",0.0
Amount_shipped,"(500, 4960, 592, 4773, 272.69)",0.0
Amount_shipped,"(500, 4960, 303, 4682, 594.76)",0.0
Amount_shipped,"(500, 4960, 519, 4618, 758.82)",0.0
Amount_shipped,"(500, 4960, 190, 4740, 907.18)",0.0
Amount_shipped,"(500, 4960, 604, 4955, 907.45)",0.0
Amount_shipped,"(500, 4960, 334, 4799, 1285.48)",0.0
Amount_shipped,"(500, 4960, 402, 4762, 1356.12)",0.0
Amount_shipped,"(500, 4980, 604, 4556, 10.77)",0.0
Amount_shipped,"(500, 4980, 545, 4715, 11.01)",0.0
Amount_shipped,"(500, 4980, 598, 4885, 11.15)",0.0
Amount_shipped,"(500, 4980, 622, 4729, 11.5)",0.0
Amount_shipped,"(500, 4980, 136, 4692, 11.61)",0.0
Amount_shipped,"(500, 4980, 494, 4926, 11.95)",0.0
Amount_shipped,"(500, 4980, 627, 4796, 12.52)",0.0
Amount_shipped,"(500, 4980, 604, 4624, 12.57)",0.0
Amount_shipped,"(500, 4980, 497, 4720, 12.7)",0.0
Amount_shipped,"(500, 4980, 503, 4807, 16.06)",0.0
Amount_shipped,"(500, 4980, 612, 4678, 16.32)",0.0
Amount_shipped,"(500, 4980, 345, 4695, 23.25)",0.0
Amount_shipped,"(500, 4980, 696, 4535, 23.59)",0.0
Amount_shipped,"(500, 4980, 250, 4682, 28.56)",0.0
Amount_shipped,"(500, 4980, 572, 4680, 30.45)",0.0
Amount_shipped,"(500, 4980, 371, 4764, 52.72)",0.0
Amount_shipped,"(500, 4980, 312, 4747, 62.13)",0.0
Amount_shipped,"(500, 4980, 417, 4874, 76.13)",0.0
Amount_shipped,"(500, 4980, 350, 4738, 111.96)",0.0
Amount_shipped,"(500, 4980, 327, 4722, 125.89)",0.0
Amount_shipped,"(500, 4980, 555, 4937, 127.49)",0.0
Amount_shipped,"(500, 4980, 239, 4765, 151.68)",0.0
Amount_shipped,"(500, 4980, 558, 4583, 208.94)",0.0
Amount_shipped,"(500, 4980, 592, 4773, 272.69)",0.0
Amount_shipped,"(500, 4980, 303, 4682, 594.76)",0.0
Amount_shipped,"(500, 4980, 519, 4618, 758.82)",0.0
Amount_shipped,"(500, 4980, 190, 4740, 907.18)",0.0
Amount_shipped,"(500, 4980, 604, 4955, 907.45)",0.0
Amount_shipped,"(500, 4980, 334, 4799, 1285.48)",0.0
Amount_shipped,"(500, 4980, 402, 4762, 1356.12)",0.0
Amount_shipped,"(520, 4440, 604, 4556, 10.77)",0.0
Amount_shipped,"(520, 4440, 545, 4715, 11.01)",0.0
Amount_shipped,"(520, 4440, 598, 4885, 11.15)",0.0
Amount_shipped,"(520, 4440, 622, 4729, 11.5)",0.0
Amount_shipped,"(520, 4440, 136, 4692, 11.61)",0.0
Amount_shipped,"(520, 4440, 494, 4926, 11.95)",0.0
Amount_shipped,"(520, 4440, 627, 4796, 12.52)",0.0
Amount_shipped,"(520, 4440, 604, 4624, 12.57)",0.0
Amount_shipped,"(520, 4440, 497, 4720, 12.7)",0.0
Amount_shipped,"(520, 4440, 503, 4807, 16.06)",0.0
Amount_shipped,"(520, 4440, 612, 4678, 16.32)",0.0
Amount_shipped,"(520, 4440, 345, 4695, 23.25)",0.0
Amount_shipped,"(520, 4440, 696, 4535, 23.59)",0.0
Amount_shipped,"(520, 4440, 250, 4682, 28.56)",0.0
Amount_shipped,"(520, 4440, 572, 4680, 30.45)",0.0
Amount_shipped,"(520, 4440, 371, 4764, 52.72)",0.0
Amount_shipped,"(520, 4440, 312, 4747, 62.13)",0.0
Amount_shipped,"(520, 4440, 417, 4874, 76.13)",0.0
Amount_shipped,"(520, 4440, 350, 4738, 111.96)",0.0
Amount_shipped,"(520, 4440, 327, 4722, 125.89)",0.0
Amount_shipped,"(520, 4440, 555, 4937, 127.49)",0.0
Amount_shipped,"(520, 4440, 239, 4765, 151.68)",0.0
Amount_shipped,"(520, 4440, 558, 4583, 208.94)",0.0
Amount_shipped,"(520, 4440, 592, 4773, 272.69)",0.0
Amount_shipped,"(520, 4440, 303, 4682, 594.76)",0.0
Amount_shipped,"(520, 4440, 519, 4618, 758.82)",0.0
Amount_shipped,"(520, 4440, 190, 4740, 907.18)",0.0
Amount_shipped,"(520, 4440, 604, 4955, 907.45)",0.0
Amount_shipped,"(520, 4440, 334, 4799, 1285.48)",0.0
Amount_shipped,"(520, 4440, 402, 4762, 1356.12)",0.0
Amount_shipped,"(520, 4460, 604, 4556, 10.77)",0.0
Amount_shipped,"(520, 4460, 545, 4715, 11.01)",0.0
Amount_shipped,"(520, 4460, 598, 4885, 11.15)",0.0
Amount_shipped,"(520, 4460, 622, 4729, 11.5)",0.0
Amount_shipped,"(520, 4460, 136, 4692, 11.61)",0.0
Amount_shipped,"(520, 4460, 494, 4926, 11.95)",0.0
Amount_shipped,"(520, 4460, 627, 4796, 12.52)",0.0
Amount_shipped,"(520, 4460, 604, 4624, 12.57)",0.0
Amount_shipped,"(520, 4460, 497, 4720, 12.7)",0.0
Amount_shipped,"(520, 4460, 503, 4807, 16.06)",0.0
Amount_shipped,"(520, 4460, 612, 4678, 16.32)",0.0
Amount_shipped,"(520, 4460, 345, 4695, 23.25)",0.0
Amount_shipped,"(520, 4460, 696, 4535, 23.59)",0.0
Amount_shipped,"(520, 4460, 250, 4682, 28.56)",0.0
Amount_shipped,"(520, 4460, 572, 4680, 30.45)",0.0
Amount_shipped,"(520, 4460, 371, 4764, 52.72)",0.0
Amount_shipped,"(520, 4460, 312, 4747, 62.13)",0.0
Amount_shipped,"(520, 4460, 417, 4874, 76.13)",0.0
Amount_shipped,"(520, 4460, 350, 4738, 111.96)",0.0
Amount_shipped,"(520, 4460, 327, 4722, 125.89)",0.0
Amount_shipped,"(520, 4460, 555, 4937, 127.49)",0.0
Amount_shipped,"(520, 4460, 239, 4765, 151.68)",0.0
Amount_shipped,"(520, 4460, 558, 4583, 208.94)",0.0
Amount_shipped,"(520, 4460, 592, 4773, 272.69)",0.0
Amount_shipped,"(520, 4460, 303, 4682, 594.76)",0.0
Amount_shipped,"(520, 4460, 519, 4618, 758.82)",0.0
Amount_shipped,"(520, 4460, 190, 4740, 907.18)",0.0
Amount_shipped,"(520, 4460, 604, 4955, 907.45)",0.0
Amount_shipped,"(520, 4460, 334, 4799, 1285.48)",0.0
Amount_shipped,"(520, 4460, 402, 4762, 1356.12)",0.0
Amount_shipped,"(520, 4480, 604, 4556, 10.77)",0.0
Amount_shipped,"(520, 4480, 545, 4715, 11.01)",0.0
Amount_shipped,"(520, 4480, 598, 4885, 11.15)",0.0
Amount_shipped,"(520, 4480, 622, 4729, 11.5)",0.0
Amount_shipped,"(520, 4480, 136, 4692, 11.61)",0.0
Amount_shipped,"(520, 4480, 494, 4926, 11.95)",0.0
Amount_shipped,"(520, 4480, 627, 4796, 12.52)",0.0
Amount_shipped,"(520, 4480, 604, 4624, 12.57)",0.0
Amount_shipped,"(520, 4480, 497, 4720, 12.7)",0.0
Amount_shipped,"(520, 4480, 503, 4807, 16.06)",0.0
Amount_shipped,"(520, 4480, 612, 4678, 16.32)",0.0
Amount_shipped,"(520, 4480, 345, 4695, 23.25)",0.0
Amount_shipped,"(520, 4480, 696, 4535, 23.59)",0.0
Amount_shipped,"(520, 4480, 250, 4682, 28.56)",0.0
Amount_shipped,"(520, 4480, 572, 4680, 30.45)",0.0
Amount_shipped,"(520, 4480, 371, 4764, 52.72)",0.0
Amount_shipped,"(520, 4480, 312, 4747, 62.13)",0.0
Amount_shipped,"(520, 4480, 417, 4874, 76.13)",0.0
Amount_shipped,"(520, 4480, 350, 4738, 111.96)",0.0
Amount_shipped,"(520, 4480, 327, 4722, 125.89)",0.0
Amount_shipped,"(520, 4480, 555, 4937, 127.49)",0.0
Amount_shipped,"(520, 4480, 239, 4765, 151.68)",0.0
Amount_shipped,"(520, 4480, 558, 4583, 208.94)",0.0
Amount_shipped,"(520, 4480, 592, 4773, 272.69)",0.0
Amount_shipped,"(520, 4480, 303, 4682, 594.76)",0.0
Amount_shipped,"(520, 4480, 519, 4618, 758.82)",0.0
Amount_shipped,"(520, 4480, 190, 4740, 907.18)",0.0
Amount_shipped,"(520, 4480, 604, 4955, 907.45)",0.0
Amount_shipped,"(520, 4480, 334, 4799, 1285.48)",0.0
Amount_shipped,"(520, 4480, 402, 4762, 1356.12)",0.0
Amount_shipped,"(520, 4500, 604, 4556, 10.77)",0.0
Amount_shipped,"(520, 4500, 545, 4715, 11.01)",0.0
Amount_shipped,"(520, 4500, 598, 4885, 11.15)",0.0
Amount_shipped,"(520, 4500, 622, 4729, 11.5)",0.0
Amount_shipped,"(520, 4500, 136, 4692, 11.61)",0.0
Amount_shipped,"(520, 4500, 494, 4926, 11.95)",0.0
Amount_shipped,"(520, 4500, 627, 4796, 12.52)",0.0
Amount_shipped,"(520, 4500, 604, 4624, 12.57)",0.0
Amount_shipped,"(520, 4500, 497, 4720, 12.7)",0.0
Amount_shipped,"(520, 4500, 503, 4807, 16.06)",0.0
Amount_shipped,"(520, 4500, 612, 4678, 16.32)",0.0
Amount_shipped,"(520, 4500, 345, 4695, 23.25)",0.0
Amount_shipped,"(520, 4500, 696, 4535, 23.59)",0.0
Amount_shipped,"(520, 4500, 250, 4682, 28.56)",0.0
Amount_shipped,"(520, 4500, 572, 4680, 30.45)",0.0
Amount_shipped,"(520, 4500, 371, 4764, 52.72)",0.0
Amount_shipped,"(520, 4500, 312, 4747, 62.13)",0.0
Amount_shipped,"(520, 4500, 417, 4874, 76.13)",0.0
Amount_shipped,"(520, 4500, 350, 4738, 111.96)",0.0
Amount_shipped,"(520, 4500, 327, 4722, 125.89)",0.0
Amount_shipped,"(520, 4500, 555, 4937, 127.49)",0.0
Amount_shipped,"(520, 4500, 239, 4765, 151.68)",0.0
Amount_shipped,"(520, 4500, 558, 4583, 208.94)",0.0
Amount_shipped,"(520, 4500, 592, 4773, 272.69)",0.0
Amount_shipped,"(520, 4500, 303, 4682, 594.76)",0.0
Amount_shipped,"(520, 4500, 519, 4618, 758.82)",0.0
Amount_shipped,"(520, 4500, 190, 4740, 907.18)",0.0
Amount_shipped,"(520, 4500, 604, 4955, 907.45)",0.0
Amount_shipped,"(520, 4500, 334, 4799, 1285.48)",0.0
Amount_shipped,"(520, 4500, 402, 4762, 1356.12)",0.0
Amount_shipped,"(520, 4520, 604, 4556, 10.77)",0.0
Amount_shipped,"(520, 4520, 545, 4715, 11.01)",0.0
Amount_shipped,"(520, 4520, 598, 4885, 11.15)",0.0
Amount_shipped,"(520, 4520, 622, 4729, 11.5)",0.0
Amount_shipped,"(520, 4520, 136, 4692, 11.61)",0.0
Amount_shipped,"(520, 4520, 494, 4926, 11.95)",0.0
Amount_shipped,"(520, 4520, 627, 4796, 12.52)",0.0
Amount_shipped,"(520, 4520, 604, 4624, 12.57)",0.0
Amount_shipped,"(520, 4520, 497, 4720, 12.7)",0.0
Amount_shipped,"(520, 4520, 503, 4807, 16.06)",0.0
Amount_shipped,"(520, 4520, 612, 4678, 16.32)",0.0
Amount_shipped,"(520, 4520, 345, 4695, 23.25)",0.0
Amount_shipped,"(520, 4520, 696, 4535, 23.59)",0.0
Amount_shipped,"(520, 4520, 250, 4682, 28.56)",0.0
Amount_shipped,"(520, 4520, 572, 4680, 30.45)",0.0
Amount_shipped,"(520, 4520, 371, 4764, 52.72)",0.0
Amount_shipped,"(520, 4520, 312, 4747, 62.13)",0.0
Amount_shipped,"(520, 4520, 417, 4874, 76.13)",0.0
Amount_shipped,"(520, 4520, 350, 4738, 111.96)",0.0
Amount_shipped,"(520, 4520, 327, 4722, 125.89)",0.0
Amount_shipped,"(520, 4520, 555, 4937, 127.49)",0.0
Amount_shipped,"(520, 4520, 239, 4765, 151.68)",0.0
Amount_shipped,"(520, 4520, 558, 4583, 208.94)",0.0
Amount_shipped,"(520, 4520, 592, 4773, 272.69)",0.0
Amount_shipped,"(520, 4520, 303, 4682, 594.76)",0.0
Amount_shipped,"(520, 4520, 519, 4618, 758.82)",0.0
Amount_shipped,"(520, 4520, 190, 4740, 907.18)",0.0
Amount_shipped,"(520, 4520, 604, 4955, 907.45)",0.0
Amount_shipped,"(520, 4520, 334, 4799, 1285.48)",0.0
Amount_shipped,"(520, 4520, 402, 4762, 1356.12)",0.0
Amount_shipped,"(520, 4540, 604, 4556, 10.77)",0.0
Amount_shipped,"(520, 4540, 545, 4715, 11.01)",0.0
Amount_shipped,"(520, 4540, 598, 4885, 11.15)",0.0
Amount_shipped,"(520, 4540, 622, 4729, 11.5)",0.0
Amount_shipped,"(520, 4540, 136, 4692, 11.61)",0.0
Amount_shipped,"(520, 4540, 494, 4926, 11.95)",0.0
Amount_shipped,"(520, 4540, 627, 4796, 12.52)",0.0
Amount_shipped,"(520, 4540, 604, 4624, 12.57)",0.0
Amount_shipped,"(520, 4540, 497, 4720, 12.7)",0.0
Amount_shipped,"(520, 4540, 503, 4807, 16.06)",0.0
Amount_shipped,"(520, 4540, 612, 4678, 16.32)",0.0
Amount_shipped,"(520, 4540, 345, 4695, 23.25)",0.0
Amount_shipped,"(520, 4540, 696, 4535, 23.59)",0.0
Amount_shipped,"(520, 4540, 250, 4682, 28.56)",0.0
Amount_shipped,"(520, 4540, 572, 4680, 30.45)",0.0
Amount_shipped,"(520, 4540, 371, 4764, 52.72)",0.0
Amount_shipped,"(520, 4540, 312, 4747, 62.13)",0.0
Amount_shipped,"(520, 4540, 417, 4874, 76.13)",0.0
Amount_shipped,"(520, 4540, 350, 4738, 111.96)",0.0
Amount_shipped,"(520, 4540, 327, 4722, 125.89)",0.0
Amount_shipped,"(520, 4540, 555, 4937, 127.49)",0.0
Amount_shipped,"(520, 4540, 239, 4765, 151.68)",0.0
Amount_shipped,"(520, 4540, 558, 4583, 208.94)",0.0
Amount_shipped,"(520, 4540, 592, 4773, 272.69)",0.0
Amount_shipped,"(520, 4540, 303, 4682, 594.76)",0.0
Amount_shipped,"(520, 4540, 519, 4618, 758.82)",0.0
Amount_shipped,"(520, 4540, 190, 4740, 907.18)",0.0
Amount_shipped,"(520, 4540, 604, 4955, 907.45)",0.0
Amount_shipped,"(520, 4540, 334, 4799, 1285.48)",0.0
Amount_shipped,"(520, 4540, 402, 4762, 1356.12)",0.0
Amount_shipped,"(520, 4560, 604, 4556, 10.77)",0.0
Amount_shipped,"(520, 4560, 545, 4715, 11.01)",0.0
Amount_shipped,"(520, 4560, 598, 4885, 11.15)",0.0
Amount_shipped,"(520, 4560, 622, 4729, 11.5)",0.0
Amount_shipped,"(520, 4560, 136, 4692, 11.61)",0.0
Amount_shipped,"(520, 4560, 494, 4926, 11.95)",0.0
Amount_shipped,"(520, 4560, 627, 4796, 12.52)",0.0
Amount_shipped,"(520, 4560, 604, 4624, 12.57)",0.0
Amount_shipped,"(520, 4560, 497, 4720, 12.7)",0.0
Amount_shipped,"(520, 4560, 503, 4807, 16.06)",0.0
Amount_shipped,"(520, 4560, 612, 4678, 16.32)",0.0
Amount_shipped,"(520, 4560, 345, 4695, 23.25)",0.0
Amount_shipped,"(520, 4560, 696, 4535, 23.59)",0.0
Amount_shipped,"(520, 4560, 250, 4682, 28.56)",0.0
Amount_shipped,"(520, 4560, 572, 4680, 30.45)",0.0
Amount_shipped,"(520, 4560, 371, 4764, 52.72)",0.0
Amount_shipped,"(520, 4560, 312, 4747, 62.13)",0.0
Amount_shipped,"(520, 4560, 417, 4874, 76.13)",0.0
Amount_shipped,"(520, 4560, 350, 4738, 111.96)",0.0
Amount_shipped,"(520, 4560, 327, 4722, 125.89)",0.0
Amount_shipped,"(520, 4560, 555, 4937, 127.49)",0.0
Amount_shipped,"(520, 4560, 239, 4765, 151.68)",0.0
Amount_shipped,"(520, 4560, 558, 4583, 208.94)",0.0
Amount_shipped,"(520, 4560, 592, 4773, 272.69)",0.0
Amount_shipped,"(520, 4560, 303, 4682, 594.76)",0.0
Amount_shipped,"(520, 4560, 519, 4618, 758.82)",0.0
Amount_shipped,"(520, 4560, 190, 4740, 907.18)",0.0
Amount_shipped,"(520, 4560, 604, 4955, 907.45)",0.0
Amount_shipped,"(520, 4560, 334, 4799, 1285.48)",0.0
Amount_shipped,"(520, 4560, 402, 4762, 1356.12)",0.0
Amount_shipped,"(520, 4580, 604, 4556, 10.77)",0.0
Amount_shipped,"(520, 4580, 545, 4715, 11.01)",0.0
Amount_shipped,"(520, 4580, 598, 4885, 11.15)",0.0
Amount_shipped,"(520, 4580, 622, 4729, 11.5)",0.0
Amount_shipped,"(520, 4580, 136, 4692, 11.61)",0.0
Amount_shipped,"(520, 4580, 494, 4926, 11.95)",0.0
Amount_shipped,"(520, 4580, 627, 4796, 12.52)",0.0
Amount_shipped,"(520, 4580, 604, 4624, 12.57)",0.0
Amount_shipped,"(520, 4580, 497, 4720, 12.7)",0.0
Amount_shipped,"(520, 4580, 503, 4807, 16.06)",0.0
Amount_shipped,"(520, 4580, 612, 4678, 16.32)",0.0
Amount_shipped,"(520, 4580, 345, 4695, 23.25)",0.0
Amount_shipped,"(520, 4580, 696, 4535, 23.59)",0.0
Amount_shipped,"(520, 4580, 250, 4682, 28.56)",0.0
Amount_shipped,"(520, 4580, 572, 4680, 30.45)",0.0
Amount_shipped,"(520, 4580, 371, 4764, 52.72)",0.0
Amount_shipped,"(520, 4580, 312, 4747, 62.13)",0.0
Amount_shipped,"(520, 4580, 417, 4874, 76.13)",0.0
Amount_shipped,"(520, 4580, 350, 4738, 111.96)",0.0
Amount_shipped,"(520, 4580, 327, 4722, 125.89)",0.0
Amount_shipped,"(520, 4580, 555, 4937, 127.49)",0.0
Amount_shipped,"(520, 4580, 239, 4765, 151.68)",0.0
Amount_shipped,"(520, 4580, 558, 4583, 208.94)",0.0
Amount_shipped,"(520, 4580, 592, 4773, 272.69)",0.0
Amount_shipped,"(520, 4580, 303, 4682, 594.76)",0.0
Amount_shipped,"(520, 4580, 519, 4618, 758.82)",0.0
Amount_shipped,"(520, 4580, 190, 4740, 907.18)",0.0
Amount_shipped,"(520, 4580, 604, 4955, 907.45)",0.0
Amount_shipped,"(520, 4580, 334, 4799, 1285.48)",0.0
Amount_shipped,"(520, 4580, 402, 4762, 1356.12)",0.0
Amount_shipped,"(520, 4600, 604, 4556, 10.77)",0.0
Amount_shipped,"(520, 4600, 545, 4715, 11.01)",0.0
Amount_shipped,"(520, 4600, 598, 4885, 11.15)",0.0
Amount_shipped,"(520, 4600, 622, 4729, 11.5)",0.0
Amount_shipped,"(520, 4600, 136, 4692, 11.61)",0.0
Amount_shipped,"(520, 4600, 494, 4926, 11.95)",0.0
Amount_shipped,"(520, 4600, 627, 4796, 12.52)",0.0
Amount_shipped,"(520, 4600, 604, 4624, 12.57)",0.0
Amount_shipped,"(520, 4600, 497, 4720, 12.7)",0.0
Amount_shipped,"(520, 4600, 503, 4807, 16.06)",0.0
Amount_shipped,"(520, 4600, 612, 4678, 16.32)",0.0
Amount_shipped,"(520, 4600, 345, 4695, 23.25)",0.0
Amount_shipped,"(520, 4600, 696, 4535, 23.59)",0.0
Amount_shipped,"(520, 4600, 250, 4682, 28.56)",0.0
Amount_shipped,"(520, 4600, 572, 4680, 30.45)",0.0
Amount_shipped,"(520, 4600, 371, 4764, 52.72)",0.0
Amount_shipped,"(520, 4600, 312, 4747, 62.13)",0.0
Amount_shipped,"(520, 4600, 417, 4874, 76.13)",0.0
Amount_shipped,"(520, 4600, 350, 4738, 111.96)",0.0
Amount_shipped,"(520, 4600, 327, 4722, 125.89)",0.0
Amount_shipped,"(520, 4600, 555, 4937, 127.49)",0.0
Amount_shipped,"(520, 4600, 239, 4765, 151.68)",0.0
Amount_shipped,"(520, 4600, 558, 4583, 208.94)",0.0
Amount_shipped,"(520, 4600, 592, 4773, 272.69)",0.0
Amount_shipped,"(520, 4600, 303, 4682, 594.76)",0.0
Amount_shipped,"(520, 4600, 519, 4618, 758.82)",0.0
Amount_shipped,"(520, 4600, 190, 4740, 907.18)",0.0
Amount_shipped,"(520, 4600, 604, 4955, 907.45)",0.0
Amount_shipped,"(520, 4600, 334, 4799, 1285.48)",0.0
Amount_shipped,"(520, 4600, 402, 4762, 1356.12)",0.0
Amount_shipped,"(520, 4620, 604, 4556, 10.77)",0.0
Amount_shipped,"(520, 4620, 545, 4715, 11.01)",0.0
Amount_shipped,"(520, 4620, 598, 4885, 11.15)",0.0
Amount_shipped,"(520, 4620, 622, 4729, 11.5)",0.0
Amount_shipped,"(520, 4620, 136, 4692, 11.61)",0.0
Amount_shipped,"(520, 4620, 494, 4926, 11.95)",0.0
Amount_shipped,"(520, 4620, 627, 4796, 12.52)",0.0
Amount_shipped,"(520, 4620, 604, 4624, 12.57)",0.0
Amount_shipped,"(520, 4620, 497, 4720, 12.7)",0.0
Amount_shipped,"(520, 4620, 503, 4807, 16.06)",0.0
Amount_shipped,"(520, 4620, 612, 4678, 16.32)",0.0
Amount_shipped,"(520, 4620, 345, 4695, 23.25)",0.0
Amount_shipped,"(520, 4620, 696, 4535, 23.59)",0.0
Amount_shipped,"(520, 4620, 250, 4682, 28.56)",0.0
Amount_shipped,"(520, 4620, 572, 4680, 30.45)",0.0
Amount_shipped,"(520, 4620, 371, 4764, 52.72)",0.0
Amount_shipped,"(520, 4620, 312, 4747, 62.13)",0.0
Amount_shipped,"(520, 4620, 417, 4874, 76.13)",0.0
Amount_shipped,"(520, 4620, 350, 4738, 111.96)",0.0
Amount_shipped,"(520, 4620, 327, 4722, 125.89)",0.0
Amount_shipped,"(520, 4620, 555, 4937, 127.49)",0.0
Amount_shipped,"(520, 4620, 239, 4765, 151.68)",0.0
Amount_shipped,"(520, 4620, 558, 4583, 208.94)",0.0
Amount_shipped,"(520, 4620, 592, 4773, 272.69)",0.0
Amount_shipped,"(520, 4620, 303, 4682, 594.76)",0.0
Amount_shipped,"(520, 4620, 519, 4618, 758.82)",0.0
Amount_shipped,"(520, 4620, 190, 4740, 907.18)",0.0
Amount_shipped,"(520, 4620, 604, 4955, 907.45)",0.0
Amount_shipped,"(520, 4620, 334, 4799, 1285.48)",0.0
Amount_shipped,"(520, 4620, 402, 4762, 1356.12)",0.0
Amount_shipped,"(520, 4640, 604, 4556, 10.77)",0.0
Amount_shipped,"(520, 4640, 545, 4715, 11.01)",0.0
Amount_shipped,"(520, 4640, 598, 4885, 11.15)",0.0
Amount_shipped,"(520, 4640, 622, 4729, 11.5)",0.0
Amount_shipped,"(520, 4640, 136, 4692, 11.61)",0.0
Amount_shipped,"(520, 4640, 494, 4926, 11.95)",0.0
Amount_shipped,"(520, 4640, 627, 4796, 12.52)",0.0
Amount_shipped,"(520, 4640, 604, 4624, 12.57)",0.0
Amount_shipped,"(520, 4640, 497, 4720, 12.7)",0.0
Amount_shipped,"(520, 4640, 503, 4807, 16.06)",0.0
Amount_shipped,"(520, 4640, 612, 4678, 16.32)",0.0
Amount_shipped,"(520, 4640, 345, 4695, 23.25)",0.0
Amount_shipped,"(520, 4640, 696, 4535, 23.59)",0.0
Amount_shipped,"(520, 4640, 250, 4682, 28.56)",0.0
Amount_shipped,"(520, 4640, 572, 4680, 30.45)",0.0
Amount_shipped,"(520, 4640, 371, 4764, 52.72)",0.0
Amount_shipped,"(520, 4640, 312, 4747, 62.13)",0.0
Amount_shipped,"(520, 4640, 417, 4874, 76.13)",0.0
Amount_shipped,"(520, 4640, 350, 4738, 111.96)",0.0
Amount_shipped,"(520, 4640, 327, 4722, 125.89)",0.0
Amount_shipped,"(520, 4640, 555, 4937, 127.49)",0.0
Amount_shipped,"(520, 4640, 239, 4765, 151.68)",0.0
Amount_shipped,"(520, 4640, 558, 4583, 208.94)",0.0
Amount_shipped,"(520, 4640, 592, 4773, 272.69)",0.0
Amount_shipped,"(520, 4640, 303, 4682, 594.76)",0.0
Amount_shipped,"(520, 4640, 519, 4618, 758.82)",0.0
Amount_shipped,"(520, 4640, 190, 4740, 907.18)",0.0
Amount_shipped,"(520, 4640, 604, 4955, 907.45)",0.0
Amount_shipped,"(520, 4640, 334, 4799, 1285.48)",0.0
Amount_shipped,"(520, 4640, 402, 4762, 1356.12)",0.0
Amount_shipped,"(520, 4660, 604, 4556, 10.77)",0.0
Amount_shipped,"(520, 4660, 545, 4715, 11.01)",0.0
Amount_shipped,"(520, 4660, 598, 4885, 11.15)",0.0
Amount_shipped,"(520, 4660, 622, 4729, 11.5)",0.0
Amount_shipped,"(520, 4660, 136, 4692, 11.61)",0.0
Amount_shipped,"(520, 4660, 494, 4926, 11.95)",0.0
Amount_shipped,"(520, 4660, 627, 4796, 12.52)",0.0
Amount_shipped,"(520, 4660, 604, 4624, 12.57)",0.0
Amount_shipped,"(520, 4660, 497, 4720, 12.7)",0.0
Amount_shipped,"(520, 4660, 503, 4807, 16.06)",0.0
Amount_shipped,"(520, 4660, 612, 4678, 16.32)",0.0
Amount_shipped,"(520, 4660, 345, 4695, 23.25)",0.0
Amount_shipped,"(520, 4660, 696, 4535, 23.59)",0.0
Amount_shipped,"(520, 4660, 250, 4682, 28.56)",0.0
Amount_shipped,"(520, 4660, 572, 4680, 30.45)",0.0
Amount_shipped,"(520, 4660, 371, 4764, 52.72)",0.0
Amount_shipped,"(520, 4660, 312, 4747, 62.13)",0.0
Amount_shipped,"(520, 4660, 417, 4874, 76.13)",0.0
Amount_shipped,"(520, 4660, 350, 4738, 111.96)",0.0
Amount_shipped,"(520, 4660, 327, 4722, 125.89)",0.0
Amount_shipped,"(520, 4660, 555, 4937, 127.49)",0.0
Amount_shipped,"(520, 4660, 239, 4765, 151.68)",0.0
Amount_shipped,"(520, 4660, 558, 4583, 208.94)",0.0
Amount_shipped,"(520, 4660, 592, 4773, 272.69)",0.0
Amount_shipped,"(520, 4660, 303, 4682, 594.76)",0.0
Amount_shipped,"(520, 4660, 519, 4618, 758.82)",0.0
Amount_shipped,"(520, 4660, 190, 4740, 907.18)",0.0
Amount_shipped,"(520, 4660, 604, 4955, 907.45)",0.0
Amount_shipped,"(520, 4660, 334, 4799, 1285.48)",0.0
Amount_shipped,"(520, 4660, 402, 4762, 1356.12)",0.0
Amount_shipped,"(520, 4680, 604, 4556, 10.77)",0.0
Amount_shipped,"(520, 4680, 545, 4715, 11.01)",0.0
Amount_shipped,"(520, 4680, 598, 4885, 11.15)",0.0
Amount_shipped,"(520, 4680, 622, 4729, 11.5)",0.0
Amount_shipped,"(520, 4680, 136, 4692, 11.61)",0.0
Amount_shipped,"(520, 4680, 494, 4926, 11.95)",0.0
Amount_shipped,"(520, 4680, 627, 4796, 12.52)",0.0
Amount_shipped,"(520, 4680, 604, 4624, 12.57)",0.0
Amount_shipped,"(520, 4680, 497, 4720, 12.7)",0.0
Amount_shipped,"(520, 4680, 503, 4807, 16.06)",0.0
Amount_shipped,"(520, 4680, 612, 4678, 16.32)",0.0
Amount_shipped,"(520, 4680, 345, 4695, 23.25)",0.0
Amount_shipped,"(520, 4680, 696, 4535, 23.59)",0.0
Amount_shipped,"(520, 4680, 250, 4682, 28.56)",0.0
Amount_shipped,"(520, 4680, 572, 4680, 30.45)",0.0
Amount_shipped,"(520, 4680, 371, 4764, 52.72)",0.0
Amount_shipped,"(520, 4680, 312, 4747, 62.13)",0.0
Amount_shipped,"(520, 4680, 417, 4874, 76.13)",0.0
Amount_shipped,"(520, 4680, 350, 4738, 111.96)",0.0
Amount_shipped,"(520, 4680, 327, 4722, 125.89)",0.0
Amount_shipped,"(520, 4680, 555, 4937, 127.49)",0.0
Amount_shipped,"(520, 4680, 239, 4765, 151.68)",0.0
Amount_shipped,"(520, 4680, 558, 4583, 208.94)",0.0
Amount_shipped,"(520, 4680, 592, 4773, 272.69)",0.0
Amount_shipped,"(520, 4680, 303, 4682, 594.76)",0.0
Amount_shipped,"(520, 4680, 519, 4618, 758.82)",0.0
Amount_shipped,"(520, 4680, 190, 4740, 907.18)",0.0
Amount_shipped,"(520, 4680, 604, 4955, 907.45)",0.0
Amount_shipped,"(520, 4680, 334, 4799, 1285.48)",0.0
Amount_shipped,"(520, 4680, 402, 4762, 1356.12)",0.0
Amount_shipped,"(520, 4700, 604, 4556, 10.77)",0.0
Amount_shipped,"(520, 4700, 545, 4715, 11.01)",0.0
Amount_shipped,"(520, 4700, 598, 4885, 11.15)",0.0
Amount_shipped,"(520, 4700, 622, 4729, 11.5)",0.0
Amount_shipped,"(520, 4700, 136, 4692, 11.61)",0.0
Amount_shipped,"(520, 4700, 494, 4926, 11.95)",0.0
Amount_shipped,"(520, 4700, 627, 4796, 12.52)",0.0
Amount_shipped,"(520, 4700, 604, 4624, 12.57)",0.0
Amount_shipped,"(520, 4700, 497, 4720, 12.7)",0.0
Amount_shipped,"(520, 4700, 503, 4807, 16.06)",0.0
Amount_shipped,"(520, 4700, 612, 4678, 16.32)",0.0
Amount_shipped,"(520, 4700, 345, 4695, 23.25)",0.0
Amount_shipped,"(520, 4700, 696, 4535, 23.59)",0.0
Amount_shipped,"(520, 4700, 250, 4682, 28.56)",0.0
Amount_shipped,"(520, 4700, 572, 4680, 30.45)",0.0
Amount_shipped,"(520, 4700, 371, 4764, 52.72)",0.0
Amount_shipped,"(520, 4700, 312, 4747, 62.13)",0.0
Amount_shipped,"(520, 4700, 417, 4874, 76.13)",0.0
Amount_shipped,"(520, 4700, 350, 4738, 111.96)",0.0
Amount_shipped,"(520, 4700, 327, 4722, 125.89)",0.0
Amount_shipped,"(520, 4700, 555, 4937, 127.49)",0.0
Amount_shipped,"(520, 4700, 239, 4765, 151.68)",0.0
Amount_shipped,"(520, 4700, 558, 4583, 208.94)",0.0
Amount_shipped,"(520, 4700, 592, 4773, 272.69)",0.0
Amount_shipped,"(520, 4700, 303, 4682, 594.76)",0.0
Amount_shipped,"(520, 4700, 519, 4618, 758.82)",0.0
Amount_shipped,"(520, 4700, 190, 4740, 907.18)",0.0
Amount_shipped,"(520, 4700, 604, 4955, 907.45)",0.0
Amount_shipped,"(520, 4700, 334, 4799, 1285.48)",0.0
Amount_shipped,"(520, 4700, 402, 4762, 1356.12)",0.0
Amount_shipped,"(520, 4720, 604, 4556, 10.77)",0.0
Amount_shipped,"(520, 4720, 545, 4715, 11.01)",0.0
Amount_shipped,"(520, 4720, 598, 4885, 11.15)",0.0
Amount_shipped,"(520, 4720, 622, 4729, 11.5)",0.0
Amount_shipped,"(520, 4720, 136, 4692, 11.61)",0.0
Amount_shipped,"(520, 4720, 494, 4926, 11.95)",0.0
Amount_shipped,"(520, 4720, 627, 4796, 12.52)",0.0
Amount_shipped,"(520, 4720, 604, 4624, 12.57)",0.0
Amount_shipped,"(520, 4720, 497, 4720, 12.7)",0.0
Amount_shipped,"(520, 4720, 503, 4807, 16.06)",0.0
Amount_shipped,"(520, 4720, 612, 4678, 16.32)",0.0
Amount_shipped,"(520, 4720, 345, 4695, 23.25)",0.0
Amount_shipped,"(520, 4720, 696, 4535, 23.59)",0.0
Amount_shipped,"(520, 4720, 250, 4682, 28.56)",0.0
Amount_shipped,"(520, 4720, 572, 4680, 30.45)",0.0
Amount_shipped,"(520, 4720, 371, 4764, 52.72)",0.0
Amount_shipped,"(520, 4720, 312, 4747, 62.13)",0.0
Amount_shipped,"(520, 4720, 417, 4874, 76.13)",0.0
Amount_shipped,"(520, 4720, 350, 4738, 111.96)",0.0
Amount_shipped,"(520, 4720, 327, 4722, 125.89)",0.0
Amount_shipped,"(520, 4720, 555, 4937, 127.49)",0.0
Amount_shipped,"(520, 4720, 239, 4765, 151.68)",0.0
Amount_shipped,"(520, 4720, 558, 4583, 208.94)",0.0
Amount_shipped,"(520, 4720, 592, 4773, 272.69)",0.0
Amount_shipped,"(520, 4720, 303, 4682, 594.76)",0.0
Amount_shipped,"(520, 4720, 519, 4618, 758.82)",0.0
Amount_shipped,"(520, 4720, 190, 4740, 907.18)",0.0
Amount_shipped,"(520, 4720, 604, 4955, 907.45)",0.0
Amount_shipped,"(520, 4720, 334, 4799, 1285.48)",0.0
Amount_shipped,"(520, 4720, 402, 4762, 1356.12)",0.0
Amount_shipped,"(520, 4740, 604, 4556, 10.77)",0.0
Amount_shipped,"(520, 4740, 545, 4715, 11.01)",0.0
Amount_shipped,"(520, 4740, 598, 4885, 11.15)",0.0
Amount_shipped,"(520, 4740, 622, 4729, 11.5)",0.0
Amount_shipped,"(520, 4740, 136, 4692, 11.61)",0.0
Amount_shipped,"(520, 4740, 494, 4926, 11.95)",0.0
Amount_shipped,"(520, 4740, 627, 4796, 12.52)",0.0
Amount_shipped,"(520, 4740, 604, 4624, 12.57)",0.0
Amount_shipped,"(520, 4740, 497, 4720, 12.7)",0.0
Amount_shipped,"(520, 4740, 503, 4807, 16.06)",0.0
Amount_shipped,"(520, 4740, 612, 4678, 16.32)",0.0
Amount_shipped,"(520, 4740, 345, 4695, 23.25)",0.0
Amount_shipped,"(520, 4740, 696, 4535, 23.59)",0.0
Amount_shipped,"(520, 4740, 250, 4682, 28.56)",0.0
Amount_shipped,"(520, 4740, 572, 4680, 30.45)",0.0
Amount_shipped,"(520, 4740, 371, 4764, 52.72)",0.0
Amount_shipped,"(520, 4740, 312, 4747, 62.13)",0.0
Amount_shipped,"(520, 4740, 417, 4874, 76.13)",0.0
Amount_shipped,"(520, 4740, 350, 4738, 111.96)",0.0
Amount_shipped,"(520, 4740, 327, 4722, 125.89)",0.0
Amount_shipped,"(520, 4740, 555, 4937, 127.49)",0.0
Amount_shipped,"(520, 4740, 239, 4765, 151.68)",0.0
Amount_shipped,"(520, 4740, 558, 4583, 208.94)",0.0
Amount_shipped,"(520, 4740, 592, 4773, 272.69)",0.0
Amount_shipped,"(520, 4740, 303, 4682, 594.76)",0.0
Amount_shipped,"(520, 4740, 519, 4618, 758.82)",0.0
Amount_shipped,"(520, 4740, 190, 4740, 907.18)",0.0
Amount_shipped,"(520, 4740, 604, 4955, 907.45)",0.0
Amount_shipped,"(520, 4740, 334, 4799, 1285.48)",0.0
Amount_shipped,"(520, 4740, 402, 4762, 1356.12)",0.0
Amount_shipped,"(520, 4760, 604, 4556, 10.77)",0.0
Amount_shipped,"(520, 4760, 545, 4715, 11.01)",0.0
Amount_shipped,"(520, 4760, 598, 4885, 11.15)",0.0
Amount_shipped,"(520, 4760, 622, 4729, 11.5)",0.0
Amount_shipped,"(520, 4760, 136, 4692, 11.61)",0.0
Amount_shipped,"(520, 4760, 494, 4926, 11.95)",0.0
Amount_shipped,"(520, 4760, 627, 4796, 12.52)",0.0
Amount_shipped,"(520, 4760, 604, 4624, 12.57)",0.0
Amount_shipped,"(520, 4760, 497, 4720, 12.7)",0.0
Amount_shipped,"(520, 4760, 503, 4807, 16.06)",0.0
Amount_shipped,"(520, 4760, 612, 4678, 16.32)",0.0
Amount_shipped,"(520, 4760, 345, 4695, 23.25)",0.0
Amount_shipped,"(520, 4760, 696, 4535, 23.59)",0.0
Amount_shipped,"(520, 4760, 250, 4682, 28.56)",0.0
Amount_shipped,"(520, 4760, 572, 4680, 30.45)",0.0
Amount_shipped,"(520, 4760, 371, 4764, 52.72)",0.0
Amount_shipped,"(520, 4760, 312, 4747, 62.13)",0.0
Amount_shipped,"(520, 4760, 417, 4874, 76.13)",0.0
Amount_shipped,"(520, 4760, 350, 4738, 111.96)",0.0
Amount_shipped,"(520, 4760, 327, 4722, 125.89)",0.0
Amount_shipped,"(520, 4760, 555, 4937, 127.49)",0.0
Amount_shipped,"(520, 4760, 239, 4765, 151.68)",0.0
Amount_shipped,"(520, 4760, 558, 4583, 208.94)",0.0
Amount_shipped,"(520, 4760, 592, 4773, 272.69)",0.0
Amount_shipped,"(520, 4760, 303, 4682, 594.76)",0.0
Amount_shipped,"(520, 4760, 519, 4618, 758.82)",0.0
Amount_shipped,"(520, 4760, 190, 4740, 907.18)",0.0
Amount_shipped,"(520, 4760, 604, 4955, 907.45)",0.0
Amount_shipped,"(520, 4760, 334, 4799, 1285.48)",0.0
Amount_shipped,"(520, 4760, 402, 4762, 1356.12)",0.0
Amount_shipped,"(520, 4780, 604, 4556, 10.77)",0.0
Amount_shipped,"(520, 4780, 545, 4715, 11.01)",0.0
Amount_shipped,"(520, 4780, 598, 4885, 11.15)",0.0
Amount_shipped,"(520, 4780, 622, 4729, 11.5)",0.0
Amount_shipped,"(520, 4780, 136, 4692, 11.61)",0.0
Amount_shipped,"(520, 4780, 494, 4926, 11.95)",0.0
Amount_shipped,"(520, 4780, 627, 4796, 12.52)",0.0
Amount_shipped,"(520, 4780, 604, 4624, 12.57)",0.0
Amount_shipped,"(520, 4780, 497, 4720, 12.7)",0.0
Amount_shipped,"(520, 4780, 503, 4807, 16.06)",0.0
Amount_shipped,"(520, 4780, 612, 4678, 16.32)",0.0
Amount_shipped,"(520, 4780, 345, 4695, 23.25)",0.0
Amount_shipped,"(520, 4780, 696, 4535, 23.59)",0.0
Amount_shipped,"(520, 4780, 250, 4682, 28.56)",0.0
Amount_shipped,"(520, 4780, 572, 4680, 30.45)",0.0
Amount_shipped,"(520, 4780, 371, 4764, 52.72)",0.0
Amount_shipped,"(520, 4780, 312, 4747, 62.13)",0.0
Amount_shipped,"(520, 4780, 417, 4874, 76.13)",0.0
Amount_shipped,"(520, 4780, 350, 4738, 111.96)",0.0
Amount_shipped,"(520, 4780, 327, 4722, 125.89)",0.0
Amount_shipped,"(520, 4780, 555, 4937, 127.49)",0.0
Amount_shipped,"(520, 4780, 239, 4765, 151.68)",0.0
Amount_shipped,"(520, 4780, 558, 4583, 208.94)",0.0
Amount_shipped,"(520, 4780, 592, 4773, 272.69)",0.0
Amount_shipped,"(520, 4780, 303, 4682, 594.76)",0.0
Amount_shipped,"(520, 4780, 519, 4618, 758.82)",0.0
Amount_shipped,"(520, 4780, 190, 4740, 907.18)",0.0
Amount_shipped,"(520, 4780, 604, 4955, 907.45)",0.0
Amount_shipped,"(520, 4780, 334, 4799, 1285.48)",0.0
Amount_shipped,"(520, 4780, 402, 4762, 1356.12)",0.0
Amount_shipped,"(520, 4800, 604, 4556, 10.77)",0.0
Amount_shipped,"(520, 4800, 545, 4715, 11.01)",0.0
Amount_shipped,"(520, 4800, 598, 4885, 11.15)",0.0
Amount_shipped,"(520, 4800, 622, 4729, 11.5)",0.0
Amount_shipped,"(520, 4800, 136, 4692, 11.61)",0.0
Amount_shipped,"(520, 4800, 494, 4926, 11.95)",0.0
Amount_shipped,"(520, 4800, 627, 4796, 12.52)",0.0
Amount_shipped,"(520, 4800, 604, 4624, 12.57)",0.0
Amount_shipped,"(520, 4800, 497, 4720, 12.7)",0.0
Amount_shipped,"(520, 4800, 503, 4807, 16.06)",0.0
Amount_shipped,"(520, 4800, 612, 4678, 16.32)",0.0
Amount_shipped,"(520, 4800, 345, 4695, 23.25)",0.0
Amount_shipped,"(520, 4800, 696, 4535, 23.59)",0.0
Amount_shipped,"(520, 4800, 250, 4682, 28.56)",0.0
Amount_shipped,"(520, 4800, 572, 4680, 30.45)",0.0
Amount_shipped,"(520, 4800, 371, 4764, 52.72)",0.0
Amount_shipped,"(520, 4800, 312, 4747, 62.13)",0.0
Amount_shipped,"(520, 4800, 417, 4874, 76.13)",0.0
Amount_shipped,"(520, 4800, 350, 4738, 111.96)",0.0
Amount_shipped,"(520, 4800, 327, 4722, 125.89)",0.0
Amount_shipped,"(520, 4800, 555, 4937, 127.49)",0.0
Amount_shipped,"(520, 4800, 239, 4765, 151.68)",0.0
Amount_shipped,"(520, 4800, 558, 4583, 208.94)",0.0
Amount_shipped,"(520, 4800, 592, 4773, 272.69)",0.0
Amount_shipped,"(520, 4800, 303, 4682, 594.76)",0.0
Amount_shipped,"(520, 4800, 519, 4618, 758.82)",0.0
Amount_shipped,"(520, 4800, 190, 4740, 907.18)",0.0
Amount_shipped,"(520, 4800, 604, 4955, 907.45)",0.0
Amount_shipped,"(520, 4800, 334, 4799, 1285.48)",0.0
Amount_shipped,"(520, 4800, 402, 4762, 1356.12)",0.0
Amount_shipped,"(520, 4820, 604, 4556, 10.77)",0.0
Amount_shipped,"(520, 4820, 545, 4715, 11.01)",0.0
Amount_shipped,"(520, 4820, 598, 4885, 11.15)",0.0
Amount_shipped,"(520, 4820, 622, 4729, 11.5)",0.0
Amount_shipped,"(520, 4820, 136, 4692, 11.61)",0.0
Amount_shipped,"(520, 4820, 494, 4926, 11.95)",0.0
Amount_shipped,"(520, 4820, 627, 4796, 12.52)",0.0
Amount_shipped,"(520, 4820, 604, 4624, 12.57)",0.0
Amount_shipped,"(520, 4820, 497, 4720, 12.7)",0.0
Amount_shipped,"(520, 4820, 503, 4807, 16.06)",0.0
Amount_shipped,"(520, 4820, 612, 4678, 16.32)",0.0
Amount_shipped,"(520, 4820, 345, 4695, 23.25)",0.0
Amount_shipped,"(520, 4820, 696, 4535, 23.59)",0.0
Amount_shipped,"(520, 4820, 250, 4682, 28.56)",0.0
Amount_shipped,"(520, 4820, 572, 4680, 30.45)",0.0
Amount_shipped,"(520, 4820, 371, 4764, 52.72)",0.0
Amount_shipped,"(520, 4820, 312, 4747, 62.13)",0.0
Amount_shipped,"(520, 4820, 417, 4874, 76.13)",0.0
Amount_shipped,"(520, 4820, 350, 4738, 111.96)",0.0
Amount_shipped,"(520, 4820, 327, 4722, 125.89)",0.0
Amount_shipped,"(520, 4820, 555, 4937, 127.49)",0.0
Amount_shipped,"(520, 4820, 239, 4765, 151.68)",0.0
Amount_shipped,"(520, 4820, 558, 4583, 208.94)",0.0
Amount_shipped,"(520, 4820, 592, 4773, 272.69)",0.0
Amount_shipped,"(520, 4820, 303, 4682, 594.76)",0.0
Amount_shipped,"(520, 4820, 519, 4618, 758.82)",0.0
Amount_shipped,"(520, 4820, 190, 4740, 907.18)",0.0
Amount_shipped,"(520, 4820, 604, 4955, 907.45)",0.0
Amount_shipped,"(520, 4820, 334, 4799, 1285.48)",0.0
Amount_shipped,"(520, 4820, 402, 4762, 1356.12)",0.0
Amount_shipped,"(520, 4840, 604, 4556, 10.77)",0.0
Amount_shipped,"(520, 4840, 545, 4715, 11.01)",0.0
Amount_shipped,"(520, 4840, 598, 4885, 11.15)",0.0
Amount_shipped,"(520, 4840, 622, 4729, 11.5)",0.0
Amount_shipped,"(520, 4840, 136, 4692, 11.61)",0.0
Amount_shipped,"(520, 4840, 494, 4926, 11.95)",0.0
Amount_shipped,"(520, 4840, 627, 4796, 12.52)",0.0
Amount_shipped,"(520, 4840, 604, 4624, 12.57)",0.0
Amount_shipped,"(520, 4840, 497, 4720, 12.7)",0.0
Amount_shipped,"(520, 4840, 503, 4807, 16.06)",0.0
Amount_shipped,"(520, 4840, 612, 4678, 16.32)",0.0
Amount_shipped,"(520, 4840, 345, 4695, 23.25)",0.0
Amount_shipped,"(520, 4840, 696, 4535, 23.59)",0.0
Amount_shipped,"(520, 4840, 250, 4682, 28.56)",0.0
Amount_shipped,"(520, 4840, 572, 4680, 30.45)",0.0
Amount_shipped,"(520, 4840, 371, 4764, 52.72)",0.0
Amount_shipped,"(520, 4840, 312, 4747, 62.13)",0.0
Amount_shipped,"(520, 4840, 417, 4874, 76.13)",0.0
Amount_shipped,"(520, 4840, 350, 4738, 111.96)",0.0
Amount_shipped,"(520, 4840, 327, 4722, 125.89)",0.0
Amount_shipped,"(520, 4840, 555, 4937, 127.49)",0.0
Amount_shipped,"(520, 4840, 239, 4765, 151.68)",0.0
Amount_shipped,"(520, 4840, 558, 4583, 208.94)",0.0
Amount_shipped,"(520, 4840, 592, 4773, 272.69)",0.0
Amount_shipped,"(520, 4840, 303, 4682, 594.76)",0.0
Amount_shipped,"(520, 4840, 519, 4618, 758.82)",0.0
Amount_shipped,"(520, 4840, 190, 4740, 907.18)",0.0
Amount_shipped,"(520, 4840, 604, 4955, 907.45)",0.0
Amount_shipped,"(520, 4840, 334, 4799, 1285.48)",0.0
Amount_shipped,"(520, 4840, 402, 4762, 1356.12)",0.0
Amount_shipped,"(520, 4860, 604, 4556, 10.77)",0.0
Amount_shipped,"(520, 4860, 545, 4715, 11.01)",0.0
Amount_shipped,"(520, 4860, 598, 4885, 11.15)",0.0
Amount_shipped,"(520, 4860, 622, 4729, 11.5)",0.0
Amount_shipped,"(520, 4860, 136, 4692, 11.61)",0.0
Amount_shipped,"(520, 4860, 494, 4926, 11.95)",0.0
Amount_shipped,"(520, 4860, 627, 4796, 12.52)",0.0
Amount_shipped,"(520, 4860, 604, 4624, 12.57)",0.0
Amount_shipped,"(520, 4860, 497, 4720, 12.7)",0.0
Amount_shipped,"(520, 4860, 503, 4807, 16.06)",0.0
Amount_shipped,"(520, 4860, 612, 4678, 16.32)",0.0
Amount_shipped,"(520, 4860, 345, 4695, 23.25)",0.0
Amount_shipped,"(520, 4860, 696, 4535, 23.59)",0.0
Amount_shipped,"(520, 4860, 250, 4682, 28.56)",0.0
Amount_shipped,"(520, 4860, 572, 4680, 30.45)",0.0
Amount_shipped,"(520, 4860, 371, 4764, 52.72)",0.0
Amount_shipped,"(520, 4860, 312, 4747, 62.13)",0.0
Amount_shipped,"(520, 4860, 417, 4874, 76.13)",0.0
Amount_shipped,"(520, 4860, 350, 4738, 111.96)",0.0
Amount_shipped,"(520, 4860, 327, 4722, 125.89)",0.0
Amount_shipped,"(520, 4860, 555, 4937, 127.49)",0.0
Amount_shipped,"(520, 4860, 239, 4765, 151.68)",0.0
Amount_shipped,"(520, 4860, 558, 4583, 208.94)",0.0
Amount_shipped,"(520, 4860, 592, 4773, 272.69)",0.0
Amount_shipped,"(520, 4860, 303, 4682, 594.76)",0.0
Amount_shipped,"(520, 4860, 519, 4618, 758.82)",0.0
Amount_shipped,"(520, 4860, 190, 4740, 907.18)",0.0
Amount_shipped,"(520, 4860, 604, 4955, 907.45)",0.0
Amount_shipped,"(520, 4860, 334, 4799, 1285.48)",0.0
Amount_shipped,"(520, 4860, 402, 4762, 1356.12)",0.0
Amount_shipped,"(520, 4880, 604, 4556, 10.77)",0.0
Amount_shipped,"(520, 4880, 545, 4715, 11.01)",0.0
Amount_shipped,"(520, 4880, 598, 4885, 11.15)",0.0
Amount_shipped,"(520, 4880, 622, 4729, 11.5)",0.0
Amount_shipped,"(520, 4880, 136, 4692, 11.61)",0.0
Amount_shipped,"(520, 4880, 494, 4926, 11.95)",0.0
Amount_shipped,"(520, 4880, 627, 4796, 12.52)",0.0
Amount_shipped,"(520, 4880, 604, 4624, 12.57)",0.0
Amount_shipped,"(520, 4880, 497, 4720, 12.7)",0.0
Amount_shipped,"(520, 4880, 503, 4807, 16.06)",0.0
Amount_shipped,"(520, 4880, 612, 4678, 16.32)",0.0
Amount_shipped,"(520, 4880, 345, 4695, 23.25)",0.0
Amount_shipped,"(520, 4880, 696, 4535, 23.59)",0.0
Amount_shipped,"(520, 4880, 250, 4682, 28.56)",0.0
Amount_shipped,"(520, 4880, 572, 4680, 30.45)",0.0
Amount_shipped,"(520, 4880, 371, 4764, 52.72)",0.0
Amount_shipped,"(520, 4880, 312, 4747, 62.13)",0.0
Amount_shipped,"(520, 4880, 417, 4874, 76.13)",0.0
Amount_shipped,"(520, 4880, 350, 4738, 111.96)",0.0
Amount_shipped,"(520, 4880, 327, 4722, 125.89)",0.0
Amount_shipped,"(520, 4880, 555, 4937, 127.49)",0.0
Amount_shipped,"(520, 4880, 239, 4765, 151.68)",0.0
Amount_shipped,"(520, 4880, 558, 4583, 208.94)",0.0
Amount_shipped,"(520, 4880, 592, 4773, 272.69)",0.0
Amount_shipped,"(520, 4880, 303, 4682, 594.76)",0.0
Amount_shipped,"(520, 4880, 519, 4618, 758.82)",0.0
Amount_shipped,"(520, 4880, 190, 4740, 907.18)",0.0
Amount_shipped,"(520, 4880, 604, 4955, 907.45)",0.0
Amount_shipped,"(520, 4880, 334, 4799, 1285.48)",0.0
Amount_shipped,"(520, 4880, 402, 4762, 1356.12)",0.0
Amount_shipped,"(520, 4900, 604, 4556, 10.77)",0.0
Amount_shipped,"(520, 4900, 545, 4715, 11.01)",0.0
Amount_shipped,"(520, 4900, 598, 4885, 11.15)",0.0
Amount_shipped,"(520, 4900, 622, 4729, 11.5)",0.0
Amount_shipped,"(520, 4900, 136, 4692, 11.61)",0.0
Amount_shipped,"(520, 4900, 494, 4926, 11.95)",0.0
Amount_shipped,"(520, 4900, 627, 4796, 12.52)",0.0
Amount_shipped,"(520, 4900, 604, 4624, 12.57)",0.0
Amount_shipped,"(520, 4900, 497, 4720, 12.7)",0.0
Amount_shipped,"(520, 4900, 503, 4807, 16.06)",0.0
Amount_shipped,"(520, 4900, 612, 4678, 16.32)",0.0
Amount_shipped,"(520, 4900, 345, 4695, 23.25)",0.0
Amount_shipped,"(520, 4900, 696, 4535, 23.59)",0.0
Amount_shipped,"(520, 4900, 250, 4682, 28.56)",0.0
Amount_shipped,"(520, 4900, 572, 4680, 30.45)",0.0
Amount_shipped,"(520, 4900, 371, 4764, 52.72)",0.0
Amount_shipped,"(520, 4900, 312, 4747, 62.13)",0.0
Amount_shipped,"(520, 4900, 417, 4874, 76.13)",0.0
Amount_shipped,"(520, 4900, 350, 4738, 111.96)",0.0
Amount_shipped,"(520, 4900, 327, 4722, 125.89)",0.0
Amount_shipped,"(520, 4900, 555, 4937, 127.49)",0.0
Amount_shipped,"(520, 4900, 239, 4765, 151.68)",0.0
Amount_shipped,"(520, 4900, 558, 4583, 208.94)",0.0
Amount_shipped,"(520, 4900, 592, 4773, 272.69)",0.0
Amount_shipped,"(520, 4900, 303, 4682, 594.76)",0.0
Amount_shipped,"(520, 4900, 519, 4618, 758.82)",0.0
Amount_shipped,"(520, 4900, 190, 4740, 907.18)",0.0
Amount_shipped,"(520, 4900, 604, 4955, 907.45)",0.0
Amount_shipped,"(520, 4900, 334, 4799, 1285.48)",0.0
Amount_shipped,"(520, 4900, 402, 4762, 1356.12)",0.0
Amount_shipped,"(520, 4920, 604, 4556, 10.77)",0.0
Amount_shipped,"(520, 4920, 545, 4715, 11.01)",0.0
Amount_shipped,"(520, 4920, 598, 4885, 11.15)",0.0
Amount_shipped,"(520, 4920, 622, 4729, 11.5)",0.0
Amount_shipped,"(520, 4920, 136, 4692, 11.61)",0.0
Amount_shipped,"(520, 4920, 494, 4926, 11.95)",0.0
Amount_shipped,"(520, 4920, 627, 4796, 12.52)",0.0
Amount_shipped,"(520, 4920, 604, 4624, 12.57)",0.0
Amount_shipped,"(520, 4920, 497, 4720, 12.7)",0.0
Amount_shipped,"(520, 4920, 503, 4807, 16.06)",0.0
Amount_shipped,"(520, 4920, 612, 4678, 16.32)",0.0
Amount_shipped,"(520, 4920, 345, 4695, 23.25)",0.0
Amount_shipped,"(520, 4920, 696, 4535, 23.59)",0.0
Amount_shipped,"(520, 4920, 250, 4682, 28.56)",0.0
Amount_shipped,"(520, 4920, 572, 4680, 30.45)",0.0
Amount_shipped,"(520, 4920, 371, 4764, 52.72)",0.0
Amount_shipped,"(520, 4920, 312, 4747, 62.13)",0.0
Amount_shipped,"(520, 4920, 417, 4874, 76.13)",0.0
Amount_shipped,"(520, 4920, 350, 4738, 111.96)",0.0
Amount_shipped,"(520, 4920, 327, 4722, 125.89)",0.0
Amount_shipped,"(520, 4920, 555, 4937, 127.49)",0.0
Amount_shipped,"(520, 4920, 239, 4765, 151.68)",0.0
Amount_shipped,"(520, 4920, 558, 4583, 208.94)",0.0
Amount_shipped,"(520, 4920, 592, 4773, 272.69)",0.0
Amount_shipped,"(520, 4920, 303, 4682, 594.76)",0.0
Amount_shipped,"(520, 4920, 519, 4618, 758.82)",0.0
Amount_shipped,"(520, 4920, 190, 4740, 907.18)",0.0
Amount_shipped,"(520, 4920, 604, 4955, 907.45)",0.0
Amount_shipped,"(520, 4920, 334, 4799, 1285.48)",0.0
Amount_shipped,"(520, 4920, 402, 4762, 1356.12)",0.0
Amount_shipped,"(520, 4940, 604, 4556, 10.77)",0.0
Amount_shipped,"(520, 4940, 545, 4715, 11.01)",0.0
Amount_shipped,"(520, 4940, 598, 4885, 11.15)",0.0
Amount_shipped,"(520, 4940, 622, 4729, 11.5)",0.0
Amount_shipped,"(520, 4940, 136, 4692, 11.61)",0.0
Amount_shipped,"(520, 4940, 494, 4926, 11.95)",0.0
Amount_shipped,"(520, 4940, 627, 4796, 12.52)",0.0
Amount_shipped,"(520, 4940, 604, 4624, 12.57)",0.0
Amount_shipped,"(520, 4940, 497, 4720, 12.7)",0.0
Amount_shipped,"(520, 4940, 503, 4807, 16.06)",0.0
Amount_shipped,"(520, 4940, 612, 4678, 16.32)",0.0
Amount_shipped,"(520, 4940, 345, 4695, 23.25)",0.0
Amount_shipped,"(520, 4940, 696, 4535, 23.59)",0.0
Amount_shipped,"(520, 4940, 250, 4682, 28.56)",0.0
Amount_shipped,"(520, 4940, 572, 4680, 30.45)",0.0
Amount_shipped,"(520, 4940, 371, 4764, 52.72)",0.0
Amount_shipped,"(520, 4940, 312, 4747, 62.13)",0.0
Amount_shipped,"(520, 4940, 417, 4874, 76.13)",0.0
Amount_shipped,"(520, 4940, 350, 4738, 111.96)",0.0
Amount_shipped,"(520, 4940, 327, 4722, 125.89)",0.0
Amount_shipped,"(520, 4940, 555, 4937, 127.49)",0.0
Amount_shipped,"(520, 4940, 239, 4765, 151.68)",0.0
Amount_shipped,"(520, 4940, 558, 4583, 208.94)",0.0
Amount_shipped,"(520, 4940, 592, 4773, 272.69)",0.0
Amount_shipped,"(520, 4940, 303, 4682, 594.76)",0.0
Amount_shipped,"(520, 4940, 519, 4618, 758.82)",0.0
Amount_shipped,"(520, 4940, 190, 4740, 907.18)",0.0
Amount_shipped,"(520, 4940, 604, 4955, 907.45)",0.0
Amount_shipped,"(520, 4940, 334, 4799, 1285.48)",0.0
Amount_shipped,"(520, 4940, 402, 4762, 1356.12)",0.0
Amount_shipped,"(520, 4960, 604, 4556, 10.77)",0.0
Amount_shipped,"(520, 4960, 545, 4715, 11.01)",0.0
Amount_shipped,"(520, 4960, 598, 4885, 11.15)",0.0
Amount_shipped,"(520, 4960, 622, 4729, 11.5)",0.0
Amount_shipped,"(520, 4960, 136, 4692, 11.61)",0.0
Amount_shipped,"(520, 4960, 494, 4926, 11.95)",0.0
Amount_shipped,"(520, 4960, 627, 4796, 12.52)",0.0
Amount_shipped,"(520, 4960, 604, 4624, 12.57)",0.0
Amount_shipped,"(520, 4960, 497, 4720, 12.7)",0.0
Amount_shipped,"(520, 4960, 503, 4807, 16.06)",0.0
Amount_shipped,"(520, 4960, 612, 4678, 16.32)",0.0
Amount_shipped,"(520, 4960, 345, 4695, 23.25)",0.0
Amount_shipped,"(520, 4960, 696, 4535, 23.59)",0.0
Amount_shipped,"(520, 4960, 250, 4682, 28.56)",0.0
Amount_shipped,"(520, 4960, 572, 4680, 30.45)",0.0
Amount_shipped,"(520, 4960, 371, 4764, 52.72)",0.0
Amount_shipped,"(520, 4960, 312, 4747, 62.13)",0.0
Amount_shipped,"(520, 4960, 417, 4874, 76.13)",0.0
Amount_shipped,"(520, 4960, 350, 4738, 111.96)",0.0
Amount_shipped,"(520, 4960, 327, 4722, 125.89)",0.0
Amount_shipped,"(520, 4960, 555, 4937, 127.49)",0.0
Amount_shipped,"(520, 4960, 239, 4765, 151.68)",0.0
Amount_shipped,"(520, 4960, 558, 4583, 208.94)",0.0
Amount_shipped,"(520, 4960, 592, 4773, 272.69)",0.0
Amount_shipped,"(520, 4960, 303, 4682, 594.76)",0.0
Amount_shipped,"(520, 4960, 519, 4618, 758.82)",0.0
Amount_shipped,"(520, 4960, 190, 4740, 907.18)",0.0
Amount_shipped,"(520, 4960, 604, 4955, 907.45)",0.0
Amount_shipped,"(520, 4960, 334, 4799, 1285.48)",0.0
Amount_shipped,"(520, 4960, 402, 4762, 1356.12)",0.0
Amount_shipped,"(520, 4980, 604, 4556, 10.77)",0.0
Amount_shipped,"(520, 4980, 545, 4715, 11.01)",0.0
Amount_shipped,"(520, 4980, 598, 4885, 11.15)",0.0
Amount_shipped,"(520, 4980, 622, 4729, 11.5)",0.0
Amount_shipped,"(520, 4980, 136, 4692, 11.61)",0.0
Amount_shipped,"(520, 4980, 494, 4926, 11.95)",0.0
Amount_shipped,"(520, 4980, 627, 4796, 12.52)",0.0
Amount_shipped,"(520, 4980, 604, 4624, 12.57)",0.0
Amount_shipped,"(520, 4980, 497, 4720, 12.7)",0.0
Amount_shipped,"(520, 4980, 503, 4807, 16.06)",0.0
Amount_shipped,"(520, 4980, 612, 4678, 16.32)",0.0
Amount_shipped,"(520, 4980, 345, 4695, 23.25)",0.0
Amount_shipped,"(520, 4980, 696, 4535, 23.59)",0.0
Amount_shipped,"(520, 4980, 250, 4682, 28.56)",0.0
Amount_shipped,"(520, 4980, 572, 4680, 30.45)",0.0
Amount_shipped,"(520, 4980, 371, 4764, 52.72)",0.0
Amount_shipped,"(520, 4980, 312, 4747, 62.13)",0.0
Amount_shipped,"(520, 4980, 417, 4874, 76.13)",0.0
Amount_shipped,"(520, 4980, 350, 4738, 111.96)",0.0
Amount_shipped,"(520, 4980, 327, 4722, 125.89)",0.0
Amount_shipped,"(520, 4980, 555, 4937, 127.49)",0.0
Amount_shipped,"(520, 4980, 239, 4765, 151.68)",0.0
Amount_shipped,"(520, 4980, 558, 4583, 208.94)",0.0
Amount_shipped,"(520, 4980, 592, 4773, 272.69)",0.0
Amount_shipped,"(520, 4980, 303, 4682, 594.76)",0.0
Amount_shipped,"(520, 4980, 519, 4618, 758.82)",0.0
Amount_shipped,"(520, 4980, 190, 4740, 907.18)",0.0
Amount_shipped,"(520, 4980, 604, 4955, 907.45)",0.0
Amount_shipped,"(520, 4980, 334, 4799, 1285.48)",0.0
Amount_shipped,"(520, 4980, 402, 4762, 1356.12)",0.0
Amount_shipped,"(540, 4440, 604, 4556, 10.77)",0.0
Amount_shipped,"(540, 4440, 545, 4715, 11.01)",0.0
Amount_shipped,"(540, 4440, 598, 4885, 11.15)",0.0
Amount_shipped,"(540, 4440, 622, 4729, 11.5)",0.0
Amount_shipped,"(540, 4440, 136, 4692, 11.61)",0.0
Amount_shipped,"(540, 4440, 494, 4926, 11.95)",0.0
Amount_shipped,"(540, 4440, 627, 4796, 12.52)",0.0
Amount_shipped,"(540, 4440, 604, 4624, 12.57)",0.0
Amount_shipped,"(540, 4440, 497, 4720, 12.7)",0.0
Amount_shipped,"(540, 4440, 503, 4807, 16.06)",0.0
Amount_shipped,"(540, 4440, 612, 4678, 16.32)",0.0
Amount_shipped,"(540, 4440, 345, 4695, 23.25)",0.0
Amount_shipped,"(540, 4440, 696, 4535, 23.59)",0.0
Amount_shipped,"(540, 4440, 250, 4682, 28.56)",0.0
Amount_shipped,"(540, 4440, 572, 4680, 30.45)",0.0
Amount_shipped,"(540, 4440, 371, 4764, 52.72)",0.0
Amount_shipped,"(540, 4440, 312, 4747, 62.13)",0.0
Amount_shipped,"(540, 4440, 417, 4874, 76.13)",0.0
Amount_shipped,"(540, 4440, 350, 4738, 111.96)",0.0
Amount_shipped,"(540, 4440, 327, 4722, 125.89)",0.0
Amount_shipped,"(540, 4440, 555, 4937, 127.49)",0.0
Amount_shipped,"(540, 4440, 239, 4765, 151.68)",0.0
Amount_shipped,"(540, 4440, 558, 4583, 208.94)",0.0
Amount_shipped,"(540, 4440, 592, 4773, 272.69)",0.0
Amount_shipped,"(540, 4440, 303, 4682, 594.76)",0.0
Amount_shipped,"(540, 4440, 519, 4618, 758.82)",0.0
Amount_shipped,"(540, 4440, 190, 4740, 907.18)",0.0
Amount_shipped,"(540, 4440, 604, 4955, 907.45)",0.0
Amount_shipped,"(540, 4440, 334, 4799, 1285.48)",0.0
Amount_shipped,"(540, 4440, 402, 4762, 1356.12)",0.0
Amount_shipped,"(540, 4460, 604, 4556, 10.77)",0.0
Amount_shipped,"(540, 4460, 545, 4715, 11.01)",0.0
Amount_shipped,"(540, 4460, 598, 4885, 11.15)",0.0
Amount_shipped,"(540, 4460, 622, 4729, 11.5)",0.0
Amount_shipped,"(540, 4460, 136, 4692, 11.61)",0.0
Amount_shipped,"(540, 4460, 494, 4926, 11.95)",0.0
Amount_shipped,"(540, 4460, 627, 4796, 12.52)",0.0
Amount_shipped,"(540, 4460, 604, 4624, 12.57)",0.0
Amount_shipped,"(540, 4460, 497, 4720, 12.7)",0.0
Amount_shipped,"(540, 4460, 503, 4807, 16.06)",0.0
Amount_shipped,"(540, 4460, 612, 4678, 16.32)",0.0
Amount_shipped,"(540, 4460, 345, 4695, 23.25)",0.0
Amount_shipped,"(540, 4460, 696, 4535, 23.59)",0.0
Amount_shipped,"(540, 4460, 250, 4682, 28.56)",0.0
Amount_shipped,"(540, 4460, 572, 4680, 30.45)",0.0
Amount_shipped,"(540, 4460, 371, 4764, 52.72)",0.0
Amount_shipped,"(540, 4460, 312, 4747, 62.13)",0.0
Amount_shipped,"(540, 4460, 417, 4874, 76.13)",0.0
Amount_shipped,"(540, 4460, 350, 4738, 111.96)",0.0
Amount_shipped,"(540, 4460, 327, 4722, 125.89)",0.0
Amount_shipped,"(540, 4460, 555, 4937, 127.49)",0.0
Amount_shipped,"(540, 4460, 239, 4765, 151.68)",0.0
Amount_shipped,"(540, 4460, 558, 4583, 208.94)",0.0
Amount_shipped,"(540, 4460, 592, 4773, 272.69)",0.0
Amount_shipped,"(540, 4460, 303, 4682, 594.76)",0.0
Amount_shipped,"(540, 4460, 519, 4618, 758.82)",0.0
Amount_shipped,"(540, 4460, 190, 4740, 907.18)",0.0
Amount_shipped,"(540, 4460, 604, 4955, 907.45)",0.0
Amount_shipped,"(540, 4460, 334, 4799, 1285.48)",0.0
Amount_shipped,"(540, 4460, 402, 4762, 1356.12)",0.0
Amount_shipped,"(540, 4480, 604, 4556, 10.77)",0.0
Amount_shipped,"(540, 4480, 545, 4715, 11.01)",0.0
Amount_shipped,"(540, 4480, 598, 4885, 11.15)",0.0
Amount_shipped,"(540, 4480, 622, 4729, 11.5)",0.0
Amount_shipped,"(540, 4480, 136, 4692, 11.61)",0.0
Amount_shipped,"(540, 4480, 494, 4926, 11.95)",0.0
Amount_shipped,"(540, 4480, 627, 4796, 12.52)",0.0
Amount_shipped,"(540, 4480, 604, 4624, 12.57)",0.0
Amount_shipped,"(540, 4480, 497, 4720, 12.7)",0.0
Amount_shipped,"(540, 4480, 503, 4807, 16.06)",0.0
Amount_shipped,"(540, 4480, 612, 4678, 16.32)",0.0
Amount_shipped,"(540, 4480, 345, 4695, 23.25)",0.0
Amount_shipped,"(540, 4480, 696, 4535, 23.59)",0.0
Amount_shipped,"(540, 4480, 250, 4682, 28.56)",0.0
Amount_shipped,"(540, 4480, 572, 4680, 30.45)",0.0
Amount_shipped,"(540, 4480, 371, 4764, 52.72)",0.0
Amount_shipped,"(540, 4480, 312, 4747, 62.13)",0.0
Amount_shipped,"(540, 4480, 417, 4874, 76.13)",0.0
Amount_shipped,"(540, 4480, 350, 4738, 111.96)",0.0
Amount_shipped,"(540, 4480, 327, 4722, 125.89)",0.0
Amount_shipped,"(540, 4480, 555, 4937, 127.49)",0.0
Amount_shipped,"(540, 4480, 239, 4765, 151.68)",0.0
Amount_shipped,"(540, 4480, 558, 4583, 208.94)",0.0
Amount_shipped,"(540, 4480, 592, 4773, 272.69)",0.0
Amount_shipped,"(540, 4480, 303, 4682, 594.76)",0.0
Amount_shipped,"(540, 4480, 519, 4618, 758.82)",0.0
Amount_shipped,"(540, 4480, 190, 4740, 907.18)",0.0
Amount_shipped,"(540, 4480, 604, 4955, 907.45)",0.0
Amount_shipped,"(540, 4480, 334, 4799, 1285.48)",0.0
Amount_shipped,"(540, 4480, 402, 4762, 1356.12)",0.0
Amount_shipped,"(540, 4500, 604, 4556, 10.77)",0.0
Amount_shipped,"(540, 4500, 545, 4715, 11.01)",0.0
Amount_shipped,"(540, 4500, 598, 4885, 11.15)",0.0
Amount_shipped,"(540, 4500, 622, 4729, 11.5)",0.0
Amount_shipped,"(540, 4500, 136, 4692, 11.61)",0.0
Amount_shipped,"(540, 4500, 494, 4926, 11.95)",0.0
Amount_shipped,"(540, 4500, 627, 4796, 12.52)",0.0
Amount_shipped,"(540, 4500, 604, 4624, 12.57)",0.0
Amount_shipped,"(540, 4500, 497, 4720, 12.7)",0.0
Amount_shipped,"(540, 4500, 503, 4807, 16.06)",0.0
Amount_shipped,"(540, 4500, 612, 4678, 16.32)",0.0
Amount_shipped,"(540, 4500, 345, 4695, 23.25)",0.0
Amount_shipped,"(540, 4500, 696, 4535, 23.59)",0.0
Amount_shipped,"(540, 4500, 250, 4682, 28.56)",0.0
Amount_shipped,"(540, 4500, 572, 4680, 30.45)",0.0
Amount_shipped,"(540, 4500, 371, 4764, 52.72)",0.0
Amount_shipped,"(540, 4500, 312, 4747, 62.13)",0.0
Amount_shipped,"(540, 4500, 417, 4874, 76.13)",0.0
Amount_shipped,"(540, 4500, 350, 4738, 111.96)",0.0
Amount_shipped,"(540, 4500, 327, 4722, 125.89)",0.0
Amount_shipped,"(540, 4500, 555, 4937, 127.49)",0.0
Amount_shipped,"(540, 4500, 239, 4765, 151.68)",0.0
Amount_shipped,"(540, 4500, 558, 4583, 208.94)",0.0
Amount_shipped,"(540, 4500, 592, 4773, 272.69)",0.0
Amount_shipped,"(540, 4500, 303, 4682, 594.76)",0.0
Amount_shipped,"(540, 4500, 519, 4618, 758.82)",0.0
Amount_shipped,"(540, 4500, 190, 4740, 907.18)",0.0
Amount_shipped,"(540, 4500, 604, 4955, 907.45)",0.0
Amount_shipped,"(540, 4500, 334, 4799, 1285.48)",0.0
Amount_shipped,"(540, 4500, 402, 4762, 1356.12)",0.0
Amount_shipped,"(540, 4520, 604, 4556, 10.77)",0.0
Amount_shipped,"(540, 4520, 545, 4715, 11.01)",0.0
Amount_shipped,"(540, 4520, 598, 4885, 11.15)",0.0
Amount_shipped,"(540, 4520, 622, 4729, 11.5)",0.0
Amount_shipped,"(540, 4520, 136, 4692, 11.61)",0.0
Amount_shipped,"(540, 4520, 494, 4926, 11.95)",0.0
Amount_shipped,"(540, 4520, 627, 4796, 12.52)",0.0
Amount_shipped,"(540, 4520, 604, 4624, 12.57)",0.0
Amount_shipped,"(540, 4520, 497, 4720, 12.7)",0.0
Amount_shipped,"(540, 4520, 503, 4807, 16.06)",0.0
Amount_shipped,"(540, 4520, 612, 4678, 16.32)",0.0
Amount_shipped,"(540, 4520, 345, 4695, 23.25)",0.0
Amount_shipped,"(540, 4520, 696, 4535, 23.59)",0.0
Amount_shipped,"(540, 4520, 250, 4682, 28.56)",0.0
Amount_shipped,"(540, 4520, 572, 4680, 30.45)",0.0
Amount_shipped,"(540, 4520, 371, 4764, 52.72)",0.0
Amount_shipped,"(540, 4520, 312, 4747, 62.13)",0.0
Amount_shipped,"(540, 4520, 417, 4874, 76.13)",0.0
Amount_shipped,"(540, 4520, 350, 4738, 111.96)",0.0
Amount_shipped,"(540, 4520, 327, 4722, 125.89)",0.0
Amount_shipped,"(540, 4520, 555, 4937, 127.49)",0.0
Amount_shipped,"(540, 4520, 239, 4765, 151.68)",0.0
Amount_shipped,"(540, 4520, 558, 4583, 208.94)",0.0
Amount_shipped,"(540, 4520, 592, 4773, 272.69)",0.0
Amount_shipped,"(540, 4520, 303, 4682, 594.76)",0.0
Amount_shipped,"(540, 4520, 519, 4618, 758.82)",0.0
Amount_shipped,"(540, 4520, 190, 4740, 907.18)",0.0
Amount_shipped,"(540, 4520, 604, 4955, 907.45)",0.0
Amount_shipped,"(540, 4520, 334, 4799, 1285.48)",0.0
Amount_shipped,"(540, 4520, 402, 4762, 1356.12)",0.0
Amount_shipped,"(540, 4540, 604, 4556, 10.77)",0.0
Amount_shipped,"(540, 4540, 545, 4715, 11.01)",0.0
Amount_shipped,"(540, 4540, 598, 4885, 11.15)",0.0
Amount_shipped,"(540, 4540, 622, 4729, 11.5)",0.0
Amount_shipped,"(540, 4540, 136, 4692, 11.61)",0.0
Amount_shipped,"(540, 4540, 494, 4926, 11.95)",0.0
Amount_shipped,"(540, 4540, 627, 4796, 12.52)",0.0
Amount_shipped,"(540, 4540, 604, 4624, 12.57)",0.0
Amount_shipped,"(540, 4540, 497, 4720, 12.7)",0.0
Amount_shipped,"(540, 4540, 503, 4807, 16.06)",0.0
Amount_shipped,"(540, 4540, 612, 4678, 16.32)",0.0
Amount_shipped,"(540, 4540, 345, 4695, 23.25)",0.0
Amount_shipped,"(540, 4540, 696, 4535, 23.59)",0.0
Amount_shipped,"(540, 4540, 250, 4682, 28.56)",0.0
Amount_shipped,"(540, 4540, 572, 4680, 30.45)",0.0
Amount_shipped,"(540, 4540, 371, 4764, 52.72)",0.0
Amount_shipped,"(540, 4540, 312, 4747, 62.13)",0.0
Amount_shipped,"(540, 4540, 417, 4874, 76.13)",0.0
Amount_shipped,"(540, 4540, 350, 4738, 111.96)",0.0
Amount_shipped,"(540, 4540, 327, 4722, 125.89)",0.0
Amount_shipped,"(540, 4540, 555, 4937, 127.49)",0.0
Amount_shipped,"(540, 4540, 239, 4765, 151.68)",0.0
Amount_shipped,"(540, 4540, 558, 4583, 208.94)",0.0
Amount_shipped,"(540, 4540, 592, 4773, 272.69)",0.0
Amount_shipped,"(540, 4540, 303, 4682, 594.76)",0.0
Amount_shipped,"(540, 4540, 519, 4618, 758.82)",0.0
Amount_shipped,"(540, 4540, 190, 4740, 907.18)",0.0
Amount_shipped,"(540, 4540, 604, 4955, 907.45)",0.0
Amount_shipped,"(540, 4540, 334, 4799, 1285.48)",0.0
Amount_shipped,"(540, 4540, 402, 4762, 1356.12)",0.0
Amount_shipped,"(540, 4560, 604, 4556, 10.77)",0.0
Amount_shipped,"(540, 4560, 545, 4715, 11.01)",0.0
Amount_shipped,"(540, 4560, 598, 4885, 11.15)",0.0
Amount_shipped,"(540, 4560, 622, 4729, 11.5)",0.0
Amount_shipped,"(540, 4560, 136, 4692, 11.61)",0.0
Amount_shipped,"(540, 4560, 494, 4926, 11.95)",0.0
Amount_shipped,"(540, 4560, 627, 4796, 12.52)",0.0
Amount_shipped,"(540, 4560, 604, 4624, 12.57)",0.0
Amount_shipped,"(540, 4560, 497, 4720, 12.7)",0.0
Amount_shipped,"(540, 4560, 503, 4807, 16.06)",0.0
Amount_shipped,"(540, 4560, 612, 4678, 16.32)",0.0
Amount_shipped,"(540, 4560, 345, 4695, 23.25)",0.0
Amount_shipped,"(540, 4560, 696, 4535, 23.59)",0.0
Amount_shipped,"(540, 4560, 250, 4682, 28.56)",0.0
Amount_shipped,"(540, 4560, 572, 4680, 30.45)",0.0
Amount_shipped,"(540, 4560, 371, 4764, 52.72)",0.0
Amount_shipped,"(540, 4560, 312, 4747, 62.13)",0.0
Amount_shipped,"(540, 4560, 417, 4874, 76.13)",0.0
Amount_shipped,"(540, 4560, 350, 4738, 111.96)",0.0
Amount_shipped,"(540, 4560, 327, 4722, 125.89)",0.0
Amount_shipped,"(540, 4560, 555, 4937, 127.49)",0.0
Amount_shipped,"(540, 4560, 239, 4765, 151.68)",0.0
Amount_shipped,"(540, 4560, 558, 4583, 208.94)",0.0
Amount_shipped,"(540, 4560, 592, 4773, 272.69)",0.0
Amount_shipped,"(540, 4560, 303, 4682, 594.76)",0.0
Amount_shipped,"(540, 4560, 519, 4618, 758.82)",0.0
Amount_shipped,"(540, 4560, 190, 4740, 907.18)",0.0
Amount_shipped,"(540, 4560, 604, 4955, 907.45)",0.0
Amount_shipped,"(540, 4560, 334, 4799, 1285.48)",0.0
Amount_shipped,"(540, 4560, 402, 4762, 1356.12)",0.0
Amount_shipped,"(540, 4580, 604, 4556, 10.77)",0.0
Amount_shipped,"(540, 4580, 545, 4715, 11.01)",0.0
Amount_shipped,"(540, 4580, 598, 4885, 11.15)",0.0
Amount_shipped,"(540, 4580, 622, 4729, 11.5)",0.0
Amount_shipped,"(540, 4580, 136, 4692, 11.61)",0.0
Amount_shipped,"(540, 4580, 494, 4926, 11.95)",0.0
Amount_shipped,"(540, 4580, 627, 4796, 12.52)",0.0
Amount_shipped,"(540, 4580, 604, 4624, 12.57)",0.0
Amount_shipped,"(540, 4580, 497, 4720, 12.7)",0.0
Amount_shipped,"(540, 4580, 503, 4807, 16.06)",0.0
Amount_shipped,"(540, 4580, 612, 4678, 16.32)",0.0
Amount_shipped,"(540, 4580, 345, 4695, 23.25)",0.0
Amount_shipped,"(540, 4580, 696, 4535, 23.59)",0.0
Amount_shipped,"(540, 4580, 250, 4682, 28.56)",0.0
Amount_shipped,"(540, 4580, 572, 4680, 30.45)",0.0
Amount_shipped,"(540, 4580, 371, 4764, 52.72)",0.0
Amount_shipped,"(540, 4580, 312, 4747, 62.13)",0.0
Amount_shipped,"(540, 4580, 417, 4874, 76.13)",0.0
Amount_shipped,"(540, 4580, 350, 4738, 111.96)",0.0
Amount_shipped,"(540, 4580, 327, 4722, 125.89)",0.0
Amount_shipped,"(540, 4580, 555, 4937, 127.49)",0.0
Amount_shipped,"(540, 4580, 239, 4765, 151.68)",0.0
Amount_shipped,"(540, 4580, 558, 4583, 208.94)",0.0
Amount_shipped,"(540, 4580, 592, 4773, 272.69)",0.0
Amount_shipped,"(540, 4580, 303, 4682, 594.76)",0.0
Amount_shipped,"(540, 4580, 519, 4618, 758.82)",0.0
Amount_shipped,"(540, 4580, 190, 4740, 907.18)",0.0
Amount_shipped,"(540, 4580, 604, 4955, 907.45)",0.0
Amount_shipped,"(540, 4580, 334, 4799, 1285.48)",0.0
Amount_shipped,"(540, 4580, 402, 4762, 1356.12)",0.0
Amount_shipped,"(540, 4600, 604, 4556, 10.77)",0.0
Amount_shipped,"(540, 4600, 545, 4715, 11.01)",0.0
Amount_shipped,"(540, 4600, 598, 4885, 11.15)",0.0
Amount_shipped,"(540, 4600, 622, 4729, 11.5)",0.0
Amount_shipped,"(540, 4600, 136, 4692, 11.61)",0.0
Amount_shipped,"(540, 4600, 494, 4926, 11.95)",0.0
Amount_shipped,"(540, 4600, 627, 4796, 12.52)",0.0
Amount_shipped,"(540, 4600, 604, 4624, 12.57)",0.0
Amount_shipped,"(540, 4600, 497, 4720, 12.7)",0.0
Amount_shipped,"(540, 4600, 503, 4807, 16.06)",0.0
Amount_shipped,"(540, 4600, 612, 4678, 16.32)",0.0
Amount_shipped,"(540, 4600, 345, 4695, 23.25)",0.0
Amount_shipped,"(540, 4600, 696, 4535, 23.59)",0.0
Amount_shipped,"(540, 4600, 250, 4682, 28.56)",0.0
Amount_shipped,"(540, 4600, 572, 4680, 30.45)",0.0
Amount_shipped,"(540, 4600, 371, 4764, 52.72)",0.0
Amount_shipped,"(540, 4600, 312, 4747, 62.13)",0.0
Amount_shipped,"(540, 4600, 417, 4874, 76.13)",0.0
Amount_shipped,"(540, 4600, 350, 4738, 111.96)",0.0
Amount_shipped,"(540, 4600, 327, 4722, 125.89)",0.0
Amount_shipped,"(540, 4600, 555, 4937, 127.49)",0.0
Amount_shipped,"(540, 4600, 239, 4765, 151.68)",0.0
Amount_shipped,"(540, 4600, 558, 4583, 208.94)",0.0
Amount_shipped,"(540, 4600, 592, 4773, 272.69)",0.0
Amount_shipped,"(540, 4600, 303, 4682, 594.76)",0.0
Amount_shipped,"(540, 4600, 519, 4618, 758.82)",0.0
Amount_shipped,"(540, 4600, 190, 4740, 907.18)",0.0
Amount_shipped,"(540, 4600, 604, 4955, 907.45)",0.0
Amount_shipped,"(540, 4600, 334, 4799, 1285.48)",0.0
Amount_shipped,"(540, 4600, 402, 4762, 1356.12)",0.0
Amount_shipped,"(540, 4620, 604, 4556, 10.77)",0.0
Amount_shipped,"(540, 4620, 545, 4715, 11.01)",0.0
Amount_shipped,"(540, 4620, 598, 4885, 11.15)",0.0
Amount_shipped,"(540, 4620, 622, 4729, 11.5)",0.0
Amount_shipped,"(540, 4620, 136, 4692, 11.61)",0.0
Amount_shipped,"(540, 4620, 494, 4926, 11.95)",0.0
Amount_shipped,"(540, 4620, 627, 4796, 12.52)",0.0
Amount_shipped,"(540, 4620, 604, 4624, 12.57)",0.0
Amount_shipped,"(540, 4620, 497, 4720, 12.7)",0.0
Amount_shipped,"(540, 4620, 503, 4807, 16.06)",0.0
Amount_shipped,"(540, 4620, 612, 4678, 16.32)",0.0
Amount_shipped,"(540, 4620, 345, 4695, 23.25)",0.0
Amount_shipped,"(540, 4620, 696, 4535, 23.59)",0.0
Amount_shipped,"(540, 4620, 250, 4682, 28.56)",0.0
Amount_shipped,"(540, 4620, 572, 4680, 30.45)",0.0
Amount_shipped,"(540, 4620, 371, 4764, 52.72)",0.0
Amount_shipped,"(540, 4620, 312, 4747, 62.13)",0.0
Amount_shipped,"(540, 4620, 417, 4874, 76.13)",0.0
Amount_shipped,"(540, 4620, 350, 4738, 111.96)",0.0
Amount_shipped,"(540, 4620, 327, 4722, 125.89)",0.0
Amount_shipped,"(540, 4620, 555, 4937, 127.49)",0.0
Amount_shipped,"(540, 4620, 239, 4765, 151.68)",0.0
Amount_shipped,"(540, 4620, 558, 4583, 208.94)",0.0
Amount_shipped,"(540, 4620, 592, 4773, 272.69)",0.0
Amount_shipped,"(540, 4620, 303, 4682, 594.76)",0.0
Amount_shipped,"(540, 4620, 519, 4618, 758.82)",0.0
Amount_shipped,"(540, 4620, 190, 4740, 907.18)",0.0
Amount_shipped,"(540, 4620, 604, 4955, 907.45)",0.0
Amount_shipped,"(540, 4620, 334, 4799, 1285.48)",0.0
Amount_shipped,"(540, 4620, 402, 4762, 1356.12)",0.0
Amount_shipped,"(540, 4640, 604, 4556, 10.77)",0.0
Amount_shipped,"(540, 4640, 545, 4715, 11.01)",0.0
Amount_shipped,"(540, 4640, 598, 4885, 11.15)",0.0
Amount_shipped,"(540, 4640, 622, 4729, 11.5)",0.0
Amount_shipped,"(540, 4640, 136, 4692, 11.61)",0.0
Amount_shipped,"(540, 4640, 494, 4926, 11.95)",0.0
Amount_shipped,"(540, 4640, 627, 4796, 12.52)",0.0
Amount_shipped,"(540, 4640, 604, 4624, 12.57)",0.0
Amount_shipped,"(540, 4640, 497, 4720, 12.7)",0.0
Amount_shipped,"(540, 4640, 503, 4807, 16.06)",0.0
Amount_shipped,"(540, 4640, 612, 4678, 16.32)",0.0
Amount_shipped,"(540, 4640, 345, 4695, 23.25)",0.0
Amount_shipped,"(540, 4640, 696, 4535, 23.59)",0.0
Amount_shipped,"(540, 4640, 250, 4682, 28.56)",0.0
Amount_shipped,"(540, 4640, 572, 4680, 30.45)",0.0
Amount_shipped,"(540, 4640, 371, 4764, 52.72)",0.0
Amount_shipped,"(540, 4640, 312, 4747, 62.13)",0.0
Amount_shipped,"(540, 4640, 417, 4874, 76.13)",0.0
Amount_shipped,"(540, 4640, 350, 4738, 111.96)",0.0
Amount_shipped,"(540, 4640, 327, 4722, 125.89)",0.0
Amount_shipped,"(540, 4640, 555, 4937, 127.49)",0.0
Amount_shipped,"(540, 4640, 239, 4765, 151.68)",0.0
Amount_shipped,"(540, 4640, 558, 4583, 208.94)",0.0
Amount_shipped,"(540, 4640, 592, 4773, 272.69)",0.0
Amount_shipped,"(540, 4640, 303, 4682, 594.76)",0.0
Amount_shipped,"(540, 4640, 519, 4618, 758.82)",0.0
Amount_shipped,"(540, 4640, 190, 4740, 907.18)",0.0
Amount_shipped,"(540, 4640, 604, 4955, 907.45)",0.0
Amount_shipped,"(540, 4640, 334, 4799, 1285.48)",0.0
Amount_shipped,"(540, 4640, 402, 4762, 1356.12)",0.0
Amount_shipped,"(540, 4660, 604, 4556, 10.77)",0.0
Amount_shipped,"(540, 4660, 545, 4715, 11.01)",0.0
Amount_shipped,"(540, 4660, 598, 4885, 11.15)",0.0
Amount_shipped,"(540, 4660, 622, 4729, 11.5)",0.0
Amount_shipped,"(540, 4660, 136, 4692, 11.61)",0.0
Amount_shipped,"(540, 4660, 494, 4926, 11.95)",0.0
Amount_shipped,"(540, 4660, 627, 4796, 12.52)",0.0
Amount_shipped,"(540, 4660, 604, 4624, 12.57)",0.0
Amount_shipped,"(540, 4660, 497, 4720, 12.7)",0.0
Amount_shipped,"(540, 4660, 503, 4807, 16.06)",0.0
Amount_shipped,"(540, 4660, 612, 4678, 16.32)",0.0
Amount_shipped,"(540, 4660, 345, 4695, 23.25)",0.0
Amount_shipped,"(540, 4660, 696, 4535, 23.59)",0.0
Amount_shipped,"(540, 4660, 250, 4682, 28.56)",0.0
Amount_shipped,"(540, 4660, 572, 4680, 30.45)",0.0
Amount_shipped,"(540, 4660, 371, 4764, 52.72)",0.0
Amount_shipped,"(540, 4660, 312, 4747, 62.13)",0.0
Amount_shipped,"(540, 4660, 417, 4874, 76.13)",0.0
Amount_shipped,"(540, 4660, 350, 4738, 111.96)",0.0
Amount_shipped,"(540, 4660, 327, 4722, 125.89)",0.0
Amount_shipped,"(540, 4660, 555, 4937, 127.49)",0.0
Amount_shipped,"(540, 4660, 239, 4765, 151.68)",0.0
Amount_shipped,"(540, 4660, 558, 4583, 208.94)",0.0
Amount_shipped,"(540, 4660, 592, 4773, 272.69)",0.0
Amount_shipped,"(540, 4660, 303, 4682, 594.76)",0.0
Amount_shipped,"(540, 4660, 519, 4618, 758.82)",0.0
Amount_shipped,"(540, 4660, 190, 4740, 907.18)",0.0
Amount_shipped,"(540, 4660, 604, 4955, 907.45)",0.0
Amount_shipped,"(540, 4660, 334, 4799, 1285.48)",0.0
Amount_shipped,"(540, 4660, 402, 4762, 1356.12)",0.0
Amount_shipped,"(540, 4680, 604, 4556, 10.77)",0.0
Amount_shipped,"(540, 4680, 545, 4715, 11.01)",0.0
Amount_shipped,"(540, 4680, 598, 4885, 11.15)",0.0
Amount_shipped,"(540, 4680, 622, 4729, 11.5)",0.0
Amount_shipped,"(540, 4680, 136, 4692, 11.61)",0.0
Amount_shipped,"(540, 4680, 494, 4926, 11.95)",0.0
Amount_shipped,"(540, 4680, 627, 4796, 12.52)",0.0
Amount_shipped,"(540, 4680, 604, 4624, 12.57)",0.0
Amount_shipped,"(540, 4680, 497, 4720, 12.7)",0.0
Amount_shipped,"(540, 4680, 503, 4807, 16.06)",0.0
Amount_shipped,"(540, 4680, 612, 4678, 16.32)",0.0
Amount_shipped,"(540, 4680, 345, 4695, 23.25)",0.0
Amount_shipped,"(540, 4680, 696, 4535, 23.59)",0.0
Amount_shipped,"(540, 4680, 250, 4682, 28.56)",0.0
Amount_shipped,"(540, 4680, 572, 4680, 30.45)",0.0
Amount_shipped,"(540, 4680, 371, 4764, 52.72)",0.0
Amount_shipped,"(540, 4680, 312, 4747, 62.13)",0.0
Amount_shipped,"(540, 4680, 417, 4874, 76.13)",0.0
Amount_shipped,"(540, 4680, 350, 4738, 111.96)",0.0
Amount_shipped,"(540, 4680, 327, 4722, 125.89)",0.0
Amount_shipped,"(540, 4680, 555, 4937, 127.49)",0.0
Amount_shipped,"(540, 4680, 239, 4765, 151.68)",0.0
Amount_shipped,"(540, 4680, 558, 4583, 208.94)",0.0
Amount_shipped,"(540, 4680, 592, 4773, 272.69)",0.0
Amount_shipped,"(540, 4680, 303, 4682, 594.76)",0.0
Amount_shipped,"(540, 4680, 519, 4618, 758.82)",0.0
Amount_shipped,"(540, 4680, 190, 4740, 907.18)",0.0
Amount_shipped,"(540, 4680, 604, 4955, 907.45)",0.0
Amount_shipped,"(540, 4680, 334, 4799, 1285.48)",0.0
Amount_shipped,"(540, 4680, 402, 4762, 1356.12)",0.0
Amount_shipped,"(540, 4700, 604, 4556, 10.77)",0.0
Amount_shipped,"(540, 4700, 545, 4715, 11.01)",0.0
Amount_shipped,"(540, 4700, 598, 4885, 11.15)",0.0
Amount_shipped,"(540, 4700, 622, 4729, 11.5)",0.0
Amount_shipped,"(540, 4700, 136, 4692, 11.61)",0.0
Amount_shipped,"(540, 4700, 494, 4926, 11.95)",0.0
Amount_shipped,"(540, 4700, 627, 4796, 12.52)",0.0
Amount_shipped,"(540, 4700, 604, 4624, 12.57)",0.0
Amount_shipped,"(540, 4700, 497, 4720, 12.7)",0.0
Amount_shipped,"(540, 4700, 503, 4807, 16.06)",0.0
Amount_shipped,"(540, 4700, 612, 4678, 16.32)",0.0
Amount_shipped,"(540, 4700, 345, 4695, 23.25)",0.0
Amount_shipped,"(540, 4700, 696, 4535, 23.59)",0.0
Amount_shipped,"(540, 4700, 250, 4682, 28.56)",0.0
Amount_shipped,"(540, 4700, 572, 4680, 30.45)",0.0
Amount_shipped,"(540, 4700, 371, 4764, 52.72)",0.0
Amount_shipped,"(540, 4700, 312, 4747, 62.13)",0.0
Amount_shipped,"(540, 4700, 417, 4874, 76.13)",0.0
Amount_shipped,"(540, 4700, 350, 4738, 111.96)",0.0
Amount_shipped,"(540, 4700, 327, 4722, 125.89)",0.0
Amount_shipped,"(540, 4700, 555, 4937, 127.49)",0.0
Amount_shipped,"(540, 4700, 239, 4765, 151.68)",0.0
Amount_shipped,"(540, 4700, 558, 4583, 208.94)",0.0
Amount_shipped,"(540, 4700, 592, 4773, 272.69)",0.0
Amount_shipped,"(540, 4700, 303, 4682, 594.76)",0.0
Amount_shipped,"(540, 4700, 519, 4618, 758.82)",0.0
Amount_shipped,"(540, 4700, 190, 4740, 907.18)",0.0
Amount_shipped,"(540, 4700, 604, 4955, 907.45)",0.0
Amount_shipped,"(540, 4700, 334, 4799, 1285.48)",0.0
Amount_shipped,"(540, 4700, 402, 4762, 1356.12)",0.0
Amount_shipped,"(540, 4720, 604, 4556, 10.77)",0.0
Amount_shipped,"(540, 4720, 545, 4715, 11.01)",0.0
Amount_shipped,"(540, 4720, 598, 4885, 11.15)",0.0
Amount_shipped,"(540, 4720, 622, 4729, 11.5)",0.0
Amount_shipped,"(540, 4720, 136, 4692, 11.61)",0.0
Amount_shipped,"(540, 4720, 494, 4926, 11.95)",0.0
Amount_shipped,"(540, 4720, 627, 4796, 12.52)",0.0
Amount_shipped,"(540, 4720, 604, 4624, 12.57)",0.0
Amount_shipped,"(540, 4720, 497, 4720, 12.7)",0.0
Amount_shipped,"(540, 4720, 503, 4807, 16.06)",0.0
Amount_shipped,"(540, 4720, 612, 4678, 16.32)",0.0
Amount_shipped,"(540, 4720, 345, 4695, 23.25)",0.0
Amount_shipped,"(540, 4720, 696, 4535, 23.59)",0.0
Amount_shipped,"(540, 4720, 250, 4682, 28.56)",0.0
Amount_shipped,"(540, 4720, 572, 4680, 30.45)",0.0
Amount_shipped,"(540, 4720, 371, 4764, 52.72)",0.0
Amount_shipped,"(540, 4720, 312, 4747, 62.13)",0.0
Amount_shipped,"(540, 4720, 417, 4874, 76.13)",0.0
Amount_shipped,"(540, 4720, 350, 4738, 111.96)",0.0
Amount_shipped,"(540, 4720, 327, 4722, 125.89)",0.0
Amount_shipped,"(540, 4720, 555, 4937, 127.49)",0.0
Amount_shipped,"(540, 4720, 239, 4765, 151.68)",0.0
Amount_shipped,"(540, 4720, 558, 4583, 208.94)",0.0
Amount_shipped,"(540, 4720, 592, 4773, 272.69)",0.0
Amount_shipped,"(540, 4720, 303, 4682, 594.76)",0.0
Amount_shipped,"(540, 4720, 519, 4618, 758.82)",0.0
Amount_shipped,"(540, 4720, 190, 4740, 907.18)",0.0
Amount_shipped,"(540, 4720, 604, 4955, 907.45)",0.0
Amount_shipped,"(540, 4720, 334, 4799, 1285.48)",0.0
Amount_shipped,"(540, 4720, 402, 4762, 1356.12)",0.0
Amount_shipped,"(540, 4740, 604, 4556, 10.77)",0.0
Amount_shipped,"(540, 4740, 545, 4715, 11.01)",0.0
Amount_shipped,"(540, 4740, 598, 4885, 11.15)",0.0
Amount_shipped,"(540, 4740, 622, 4729, 11.5)",0.0
Amount_shipped,"(540, 4740, 136, 4692, 11.61)",0.0
Amount_shipped,"(540, 4740, 494, 4926, 11.95)",0.0
Amount_shipped,"(540, 4740, 627, 4796, 12.52)",0.0
Amount_shipped,"(540, 4740, 604, 4624, 12.57)",0.0
Amount_shipped,"(540, 4740, 497, 4720, 12.7)",0.0
Amount_shipped,"(540, 4740, 503, 4807, 16.06)",0.0
Amount_shipped,"(540, 4740, 612, 4678, 16.32)",0.0
Amount_shipped,"(540, 4740, 345, 4695, 23.25)",0.0
Amount_shipped,"(540, 4740, 696, 4535, 23.59)",0.0
Amount_shipped,"(540, 4740, 250, 4682, 28.56)",0.0
Amount_shipped,"(540, 4740, 572, 4680, 30.45)",0.0
Amount_shipped,"(540, 4740, 371, 4764, 52.72)",0.0
Amount_shipped,"(540, 4740, 312, 4747, 62.13)",0.0
Amount_shipped,"(540, 4740, 417, 4874, 76.13)",0.0
Amount_shipped,"(540, 4740, 350, 4738, 111.96)",0.0
Amount_shipped,"(540, 4740, 327, 4722, 125.89)",0.0
Amount_shipped,"(540, 4740, 555, 4937, 127.49)",0.0
Amount_shipped,"(540, 4740, 239, 4765, 151.68)",0.0
Amount_shipped,"(540, 4740, 558, 4583, 208.94)",0.0
Amount_shipped,"(540, 4740, 592, 4773, 272.69)",0.0
Amount_shipped,"(540, 4740, 303, 4682, 594.76)",0.0
Amount_shipped,"(540, 4740, 519, 4618, 758.82)",0.0
Amount_shipped,"(540, 4740, 190, 4740, 907.18)",0.0
Amount_shipped,"(540, 4740, 604, 4955, 907.45)",0.0
Amount_shipped,"(540, 4740, 334, 4799, 1285.48)",0.0
Amount_shipped,"(540, 4740, 402, 4762, 1356.12)",0.0
Amount_shipped,"(540, 4760, 604, 4556, 10.77)",0.0
Amount_shipped,"(540, 4760, 545, 4715, 11.01)",0.0
Amount_shipped,"(540, 4760, 598, 4885, 11.15)",0.0
Amount_shipped,"(540, 4760, 622, 4729, 11.5)",0.0
Amount_shipped,"(540, 4760, 136, 4692, 11.61)",0.0
Amount_shipped,"(540, 4760, 494, 4926, 11.95)",0.0
Amount_shipped,"(540, 4760, 627, 4796, 12.52)",0.0
Amount_shipped,"(540, 4760, 604, 4624, 12.57)",0.0
Amount_shipped,"(540, 4760, 497, 4720, 12.7)",0.0
Amount_shipped,"(540, 4760, 503, 4807, 16.06)",0.0
Amount_shipped,"(540, 4760, 612, 4678, 16.32)",0.0
Amount_shipped,"(540, 4760, 345, 4695, 23.25)",0.0
Amount_shipped,"(540, 4760, 696, 4535, 23.59)",0.0
Amount_shipped,"(540, 4760, 250, 4682, 28.56)",0.0
Amount_shipped,"(540, 4760, 572, 4680, 30.45)",0.0
Amount_shipped,"(540, 4760, 371, 4764, 52.72)",0.0
Amount_shipped,"(540, 4760, 312, 4747, 62.13)",0.0
Amount_shipped,"(540, 4760, 417, 4874, 76.13)",0.0
Amount_shipped,"(540, 4760, 350, 4738, 111.96)",0.0
Amount_shipped,"(540, 4760, 327, 4722, 125.89)",0.0
Amount_shipped,"(540, 4760, 555, 4937, 127.49)",0.0
Amount_shipped,"(540, 4760, 239, 4765, 151.68)",0.0
Amount_shipped,"(540, 4760, 558, 4583, 208.94)",0.0
Amount_shipped,"(540, 4760, 592, 4773, 272.69)",0.0
Amount_shipped,"(540, 4760, 303, 4682, 594.76)",0.0
Amount_shipped,"(540, 4760, 519, 4618, 758.82)",0.0
Amount_shipped,"(540, 4760, 190, 4740, 907.18)",0.0
Amount_shipped,"(540, 4760, 604, 4955, 907.45)",0.0
Amount_shipped,"(540, 4760, 334, 4799, 1285.48)",0.0
Amount_shipped,"(540, 4760, 402, 4762, 1356.12)",0.0
Amount_shipped,"(540, 4780, 604, 4556, 10.77)",0.0
Amount_shipped,"(540, 4780, 545, 4715, 11.01)",0.0
Amount_shipped,"(540, 4780, 598, 4885, 11.15)",0.0
Amount_shipped,"(540, 4780, 622, 4729, 11.5)",0.0
Amount_shipped,"(540, 4780, 136, 4692, 11.61)",0.0
Amount_shipped,"(540, 4780, 494, 4926, 11.95)",0.0
Amount_shipped,"(540, 4780, 627, 4796, 12.52)",0.0
Amount_shipped,"(540, 4780, 604, 4624, 12.57)",0.0
Amount_shipped,"(540, 4780, 497, 4720, 12.7)",0.0
Amount_shipped,"(540, 4780, 503, 4807, 16.06)",0.0
Amount_shipped,"(540, 4780, 612, 4678, 16.32)",0.0
Amount_shipped,"(540, 4780, 345, 4695, 23.25)",0.0
Amount_shipped,"(540, 4780, 696, 4535, 23.59)",0.0
Amount_shipped,"(540, 4780, 250, 4682, 28.56)",0.0
Amount_shipped,"(540, 4780, 572, 4680, 30.45)",0.0
Amount_shipped,"(540, 4780, 371, 4764, 52.72)",0.0
Amount_shipped,"(540, 4780, 312, 4747, 62.13)",0.0
Amount_shipped,"(540, 4780, 417, 4874, 76.13)",0.0
Amount_shipped,"(540, 4780, 350, 4738, 111.96)",0.0
Amount_shipped,"(540, 4780, 327, 4722, 125.89)",0.0
Amount_shipped,"(540, 4780, 555, 4937, 127.49)",0.0
Amount_shipped,"(540, 4780, 239, 4765, 151.68)",0.0
Amount_shipped,"(540, 4780, 558, 4583, 208.94)",0.0
Amount_shipped,"(540, 4780, 592, 4773, 272.69)",0.0
Amount_shipped,"(540, 4780, 303, 4682, 594.76)",0.0
Amount_shipped,"(540, 4780, 519, 4618, 758.82)",0.0
Amount_shipped,"(540, 4780, 190, 4740, 907.18)",0.0
Amount_shipped,"(540, 4780, 604, 4955, 907.45)",0.0
Amount_shipped,"(540, 4780, 334, 4799, 1285.48)",0.0
Amount_shipped,"(540, 4780, 402, 4762, 1356.12)",0.0
Amount_shipped,"(540, 4800, 604, 4556, 10.77)",0.0
Amount_shipped,"(540, 4800, 545, 4715, 11.01)",0.0
Amount_shipped,"(540, 4800, 598, 4885, 11.15)",0.0
Amount_shipped,"(540, 4800, 622, 4729, 11.5)",0.0
Amount_shipped,"(540, 4800, 136, 4692, 11.61)",0.0
Amount_shipped,"(540, 4800, 494, 4926, 11.95)",0.0
Amount_shipped,"(540, 4800, 627, 4796, 12.52)",0.0
Amount_shipped,"(540, 4800, 604, 4624, 12.57)",0.0
Amount_shipped,"(540, 4800, 497, 4720, 12.7)",0.0
Amount_shipped,"(540, 4800, 503, 4807, 16.06)",0.0
Amount_shipped,"(540, 4800, 612, 4678, 16.32)",0.0
Amount_shipped,"(540, 4800, 345, 4695, 23.25)",0.0
Amount_shipped,"(540, 4800, 696, 4535, 23.59)",0.0
Amount_shipped,"(540, 4800, 250, 4682, 28.56)",0.0
Amount_shipped,"(540, 4800, 572, 4680, 30.45)",0.0
Amount_shipped,"(540, 4800, 371, 4764, 52.72)",0.0
Amount_shipped,"(540, 4800, 312, 4747, 62.13)",0.0
Amount_shipped,"(540, 4800, 417, 4874, 76.13)",0.0
Amount_shipped,"(540, 4800, 350, 4738, 111.96)",0.0
Amount_shipped,"(540, 4800, 327, 4722, 125.89)",0.0
Amount_shipped,"(540, 4800, 555, 4937, 127.49)",0.0
Amount_shipped,"(540, 4800, 239, 4765, 151.68)",0.0
Amount_shipped,"(540, 4800, 558, 4583, 208.94)",0.0
Amount_shipped,"(540, 4800, 592, 4773, 272.69)",0.0
Amount_shipped,"(540, 4800, 303, 4682, 594.76)",0.0
Amount_shipped,"(540, 4800, 519, 4618, 758.82)",0.0
Amount_shipped,"(540, 4800, 190, 4740, 907.18)",0.0
Amount_shipped,"(540, 4800, 604, 4955, 907.45)",0.0
Amount_shipped,"(540, 4800, 334, 4799, 1285.48)",0.0
Amount_shipped,"(540, 4800, 402, 4762, 1356.12)",0.0
Amount_shipped,"(540, 4820, 604, 4556, 10.77)",0.0
Amount_shipped,"(540, 4820, 545, 4715, 11.01)",0.0
Amount_shipped,"(540, 4820, 598, 4885, 11.15)",0.0
Amount_shipped,"(540, 4820, 622, 4729, 11.5)",0.0
Amount_shipped,"(540, 4820, 136, 4692, 11.61)",0.0
Amount_shipped,"(540, 4820, 494, 4926, 11.95)",0.0
Amount_shipped,"(540, 4820, 627, 4796, 12.52)",0.0
Amount_shipped,"(540, 4820, 604, 4624, 12.57)",0.0
Amount_shipped,"(540, 4820, 497, 4720, 12.7)",0.0
Amount_shipped,"(540, 4820, 503, 4807, 16.06)",0.0
Amount_shipped,"(540, 4820, 612, 4678, 16.32)",0.0
Amount_shipped,"(540, 4820, 345, 4695, 23.25)",0.0
Amount_shipped,"(540, 4820, 696, 4535, 23.59)",0.0
Amount_shipped,"(540, 4820, 250, 4682, 28.56)",0.0
Amount_shipped,"(540, 4820, 572, 4680, 30.45)",0.0
Amount_shipped,"(540, 4820, 371, 4764, 52.72)",0.0
Amount_shipped,"(540, 4820, 312, 4747, 62.13)",0.0
Amount_shipped,"(540, 4820, 417, 4874, 76.13)",0.0
Amount_shipped,"(540, 4820, 350, 4738, 111.96)",0.0
Amount_shipped,"(540, 4820, 327, 4722, 125.89)",0.0
Amount_shipped,"(540, 4820, 555, 4937, 127.49)",0.0
Amount_shipped,"(540, 4820, 239, 4765, 151.68)",0.0
Amount_shipped,"(540, 4820, 558, 4583, 208.94)",0.0
Amount_shipped,"(540, 4820, 592, 4773, 272.69)",0.0
Amount_shipped,"(540, 4820, 303, 4682, 594.76)",0.0
Amount_shipped,"(540, 4820, 519, 4618, 758.82)",0.0
Amount_shipped,"(540, 4820, 190, 4740, 907.18)",0.0
Amount_shipped,"(540, 4820, 604, 4955, 907.45)",0.0
Amount_shipped,"(540, 4820, 334, 4799, 1285.48)",0.0
Amount_shipped,"(540, 4820, 402, 4762, 1356.12)",0.0
Amount_shipped,"(540, 4840, 604, 4556, 10.77)",0.0
Amount_shipped,"(540, 4840, 545, 4715, 11.01)",0.0
Amount_shipped,"(540, 4840, 598, 4885, 11.15)",0.0
Amount_shipped,"(540, 4840, 622, 4729, 11.5)",0.0
Amount_shipped,"(540, 4840, 136, 4692, 11.61)",0.0
Amount_shipped,"(540, 4840, 494, 4926, 11.95)",0.0
Amount_shipped,"(540, 4840, 627, 4796, 12.52)",0.0
Amount_shipped,"(540, 4840, 604, 4624, 12.57)",0.0
Amount_shipped,"(540, 4840, 497, 4720, 12.7)",0.0
Amount_shipped,"(540, 4840, 503, 4807, 16.06)",0.0
Amount_shipped,"(540, 4840, 612, 4678, 16.32)",0.0
Amount_shipped,"(540, 4840, 345, 4695, 23.25)",0.0
Amount_shipped,"(540, 4840, 696, 4535, 23.59)",0.0
Amount_shipped,"(540, 4840, 250, 4682, 28.56)",0.0
Amount_shipped,"(540, 4840, 572, 4680, 30.45)",0.0
Amount_shipped,"(540, 4840, 371, 4764, 52.72)",0.0
Amount_shipped,"(540, 4840, 312, 4747, 62.13)",0.0
Amount_shipped,"(540, 4840, 417, 4874, 76.13)",0.0
Amount_shipped,"(540, 4840, 350, 4738, 111.96)",0.0
Amount_shipped,"(540, 4840, 327, 4722, 125.89)",0.0
Amount_shipped,"(540, 4840, 555, 4937, 127.49)",0.0
Amount_shipped,"(540, 4840, 239, 4765, 151.68)",0.0
Amount_shipped,"(540, 4840, 558, 4583, 208.94)",0.0
Amount_shipped,"(540, 4840, 592, 4773, 272.69)",0.0
Amount_shipped,"(540, 4840, 303, 4682, 594.76)",0.0
Amount_shipped,"(540, 4840, 519, 4618, 758.82)",0.0
Amount_shipped,"(540, 4840, 190, 4740, 907.18)",0.0
Amount_shipped,"(540, 4840, 604, 4955, 907.45)",0.0
Amount_shipped,"(540, 4840, 334, 4799, 1285.48)",0.0
Amount_shipped,"(540, 4840, 402, 4762, 1356.12)",0.0
Amount_shipped,"(540, 4860, 604, 4556, 10.77)",0.0
Amount_shipped,"(540, 4860, 545, 4715, 11.01)",0.0
Amount_shipped,"(540, 4860, 598, 4885, 11.15)",0.0
Amount_shipped,"(540, 4860, 622, 4729, 11.5)",0.0
Amount_shipped,"(540, 4860, 136, 4692, 11.61)",0.0
Amount_shipped,"(540, 4860, 494, 4926, 11.95)",0.0
Amount_shipped,"(540, 4860, 627, 4796, 12.52)",0.0
Amount_shipped,"(540, 4860, 604, 4624, 12.57)",0.0
Amount_shipped,"(540, 4860, 497, 4720, 12.7)",0.0
Amount_shipped,"(540, 4860, 503, 4807, 16.06)",0.0
Amount_shipped,"(540, 4860, 612, 4678, 16.32)",0.0
Amount_shipped,"(540, 4860, 345, 4695, 23.25)",0.0
Amount_shipped,"(540, 4860, 696, 4535, 23.59)",0.0
Amount_shipped,"(540, 4860, 250, 4682, 28.56)",0.0
Amount_shipped,"(540, 4860, 572, 4680, 30.45)",0.0
Amount_shipped,"(540, 4860, 371, 4764, 52.72)",0.0
Amount_shipped,"(540, 4860, 312, 4747, 62.13)",0.0
Amount_shipped,"(540, 4860, 417, 4874, 76.13)",0.0
Amount_shipped,"(540, 4860, 350, 4738, 111.96)",0.0
Amount_shipped,"(540, 4860, 327, 4722, 125.89)",0.0
Amount_shipped,"(540, 4860, 555, 4937, 127.49)",0.0
Amount_shipped,"(540, 4860, 239, 4765, 151.68)",0.0
Amount_shipped,"(540, 4860, 558, 4583, 208.94)",0.0
Amount_shipped,"(540, 4860, 592, 4773, 272.69)",0.0
Amount_shipped,"(540, 4860, 303, 4682, 594.76)",0.0
Amount_shipped,"(540, 4860, 519, 4618, 758.82)",0.0
Amount_shipped,"(540, 4860, 190, 4740, 907.18)",0.0
Amount_shipped,"(540, 4860, 604, 4955, 907.45)",0.0
Amount_shipped,"(540, 4860, 334, 4799, 1285.48)",0.0
Amount_shipped,"(540, 4860, 402, 4762, 1356.12)",0.0
Amount_shipped,"(540, 4880, 604, 4556, 10.77)",0.0
Amount_shipped,"(540, 4880, 545, 4715, 11.01)",0.0
Amount_shipped,"(540, 4880, 598, 4885, 11.15)",0.0
Amount_shipped,"(540, 4880, 622, 4729, 11.5)",0.0
Amount_shipped,"(540, 4880, 136, 4692, 11.61)",0.0
Amount_shipped,"(540, 4880, 494, 4926, 11.95)",0.0
Amount_shipped,"(540, 4880, 627, 4796, 12.52)",0.0
Amount_shipped,"(540, 4880, 604, 4624, 12.57)",0.0
Amount_shipped,"(540, 4880, 497, 4720, 12.7)",0.0
Amount_shipped,"(540, 4880, 503, 4807, 16.06)",0.0
Amount_shipped,"(540, 4880, 612, 4678, 16.32)",0.0
Amount_shipped,"(540, 4880, 345, 4695, 23.25)",0.0
Amount_shipped,"(540, 4880, 696, 4535, 23.59)",0.0
Amount_shipped,"(540, 4880, 250, 4682, 28.56)",0.0
Amount_shipped,"(540, 4880, 572, 4680, 30.45)",0.0
Amount_shipped,"(540, 4880, 371, 4764, 52.72)",0.0
Amount_shipped,"(540, 4880, 312, 4747, 62.13)",0.0
Amount_shipped,"(540, 4880, 417, 4874, 76.13)",0.0
Amount_shipped,"(540, 4880, 350, 4738, 111.96)",0.0
Amount_shipped,"(540, 4880, 327, 4722, 125.89)",0.0
Amount_shipped,"(540, 4880, 555, 4937, 127.49)",0.0
Amount_shipped,"(540, 4880, 239, 4765, 151.68)",0.0
Amount_shipped,"(540, 4880, 558, 4583, 208.94)",0.0
Amount_shipped,"(540, 4880, 592, 4773, 272.69)",0.0
Amount_shipped,"(540, 4880, 303, 4682, 594.76)",0.0
Amount_shipped,"(540, 4880, 519, 4618, 758.82)",0.0
Amount_shipped,"(540, 4880, 190, 4740, 907.18)",0.0
Amount_shipped,"(540, 4880, 604, 4955, 907.45)",0.0
Amount_shipped,"(540, 4880, 334, 4799, 1285.48)",0.0
Amount_shipped,"(540, 4880, 402, 4762, 1356.12)",0.0
Amount_shipped,"(540, 4900, 604, 4556, 10.77)",0.0
Amount_shipped,"(540, 4900, 545, 4715, 11.01)",0.0
Amount_shipped,"(540, 4900, 598, 4885, 11.15)",0.0
Amount_shipped,"(540, 4900, 622, 4729, 11.5)",0.0
Amount_shipped,"(540, 4900, 136, 4692, 11.61)",0.0
Amount_shipped,"(540, 4900, 494, 4926, 11.95)",0.0
Amount_shipped,"(540, 4900, 627, 4796, 12.52)",0.0
Amount_shipped,"(540, 4900, 604, 4624, 12.57)",0.0
Amount_shipped,"(540, 4900, 497, 4720, 12.7)",0.0
Amount_shipped,"(540, 4900, 503, 4807, 16.06)",0.0
Amount_shipped,"(540, 4900, 612, 4678, 16.32)",0.0
Amount_shipped,"(540, 4900, 345, 4695, 23.25)",0.0
Amount_shipped,"(540, 4900, 696, 4535, 23.59)",0.0
Amount_shipped,"(540, 4900, 250, 4682, 28.56)",0.0
Amount_shipped,"(540, 4900, 572, 4680, 30.45)",0.0
Amount_shipped,"(540, 4900, 371, 4764, 52.72)",0.0
Amount_shipped,"(540, 4900, 312, 4747, 62.13)",0.0
Amount_shipped,"(540, 4900, 417, 4874, 76.13)",0.0
Amount_shipped,"(540, 4900, 350, 4738, 111.96)",0.0
Amount_shipped,"(540, 4900, 327, 4722, 125.89)",0.0
Amount_shipped,"(540, 4900, 555, 4937, 127.49)",0.0
Amount_shipped,"(540, 4900, 239, 4765, 151.68)",0.0
Amount_shipped,"(540, 4900, 558, 4583, 208.94)",0.0
Amount_shipped,"(540, 4900, 592, 4773, 272.69)",0.0
Amount_shipped,"(540, 4900, 303, 4682, 594.76)",0.0
Amount_shipped,"(540, 4900, 519, 4618, 758.82)",0.0
Amount_shipped,"(540, 4900, 190, 4740, 907.18)",0.0
Amount_shipped,"(540, 4900, 604, 4955, 907.45)",0.0
Amount_shipped,"(540, 4900, 334, 4799, 1285.48)",0.0
Amount_shipped,"(540, 4900, 402, 4762, 1356.12)",0.0
Amount_shipped,"(540, 4920, 604, 4556, 10.77)",0.0
Amount_shipped,"(540, 4920, 545, 4715, 11.01)",0.0
Amount_shipped,"(540, 4920, 598, 4885, 11.15)",0.0
Amount_shipped,"(540, 4920, 622, 4729, 11.5)",0.0
Amount_shipped,"(540, 4920, 136, 4692, 11.61)",0.0
Amount_shipped,"(540, 4920, 494, 4926, 11.95)",0.0
Amount_shipped,"(540, 4920, 627, 4796, 12.52)",0.0
Amount_shipped,"(540, 4920, 604, 4624, 12.57)",0.0
Amount_shipped,"(540, 4920, 497, 4720, 12.7)",0.0
Amount_shipped,"(540, 4920, 503, 4807, 16.06)",0.0
Amount_shipped,"(540, 4920, 612, 4678, 16.32)",0.0
Amount_shipped,"(540, 4920, 345, 4695, 23.25)",0.0
Amount_shipped,"(540, 4920, 696, 4535, 23.59)",0.0
Amount_shipped,"(540, 4920, 250, 4682, 28.56)",0.0
Amount_shipped,"(540, 4920, 572, 4680, 30.45)",0.0
Amount_shipped,"(540, 4920, 371, 4764, 52.72)",0.0
Amount_shipped,"(540, 4920, 312, 4747, 62.13)",0.0
Amount_shipped,"(540, 4920, 417, 4874, 76.13)",0.0
Amount_shipped,"(540, 4920, 350, 4738, 111.96)",0.0
Amount_shipped,"(540, 4920, 327, 4722, 125.89)",0.0
Amount_shipped,"(540, 4920, 555, 4937, 127.49)",0.0
Amount_shipped,"(540, 4920, 239, 4765, 151.68)",0.0
Amount_shipped,"(540, 4920, 558, 4583, 208.94)",0.0
Amount_shipped,"(540, 4920, 592, 4773, 272.69)",0.0
Amount_shipped,"(540, 4920, 303, 4682, 594.76)",0.0
Amount_shipped,"(540, 4920, 519, 4618, 758.82)",0.0
Amount_shipped,"(540, 4920, 190, 4740, 907.18)",0.0
Amount_shipped,"(540, 4920, 604, 4955, 907.45)",0.0
Amount_shipped,"(540, 4920, 334, 4799, 1285.48)",0.0
Amount_shipped,"(540, 4920, 402, 4762, 1356.12)",0.0
Amount_shipped,"(540, 4940, 604, 4556, 10.77)",0.0
Amount_shipped,"(540, 4940, 545, 4715, 11.01)",0.0
Amount_shipped,"(540, 4940, 598, 4885, 11.15)",0.0
Amount_shipped,"(540, 4940, 622, 4729, 11.5)",0.0
Amount_shipped,"(540, 4940, 136, 4692, 11.61)",0.0
Amount_shipped,"(540, 4940, 494, 4926, 11.95)",0.0
Amount_shipped,"(540, 4940, 627, 4796, 12.52)",0.0
Amount_shipped,"(540, 4940, 604, 4624, 12.57)",0.0
Amount_shipped,"(540, 4940, 497, 4720, 12.7)",0.0
Amount_shipped,"(540, 4940, 503, 4807, 16.06)",0.0
Amount_shipped,"(540, 4940, 612, 4678, 16.32)",0.0
Amount_shipped,"(540, 4940, 345, 4695, 23.25)",0.0
Amount_shipped,"(540, 4940, 696, 4535, 23.59)",0.0
Amount_shipped,"(540, 4940, 250, 4682, 28.56)",0.0
Amount_shipped,"(540, 4940, 572, 4680, 30.45)",0.0
Amount_shipped,"(540, 4940, 371, 4764, 52.72)",0.0
Amount_shipped,"(540, 4940, 312, 4747, 62.13)",0.0
Amount_shipped,"(540, 4940, 417, 4874, 76.13)",0.0
Amount_shipped,"(540, 4940, 350, 4738, 111.96)",0.0
Amount_shipped,"(540, 4940, 327, 4722, 125.89)",0.0
Amount_shipped,"(540, 4940, 555, 4937, 127.49)",0.0
Amount_shipped,"(540, 4940, 239, 4765, 151.68)",0.0
Amount_shipped,"(540, 4940, 558, 4583, 208.94)",0.0
Amount_shipped,"(540, 4940, 592, 4773, 272.69)",0.0
Amount_shipped,"(540, 4940, 303, 4682, 594.76)",0.0
Amount_shipped,"(540, 4940, 519, 4618, 758.82)",0.0
Amount_shipped,"(540, 4940, 190, 4740, 907.18)",0.0
Amount_shipped,"(540, 4940, 604, 4955, 907.45)",0.0
Amount_shipped,"(540, 4940, 334, 4799, 1285.48)",0.0
Amount_shipped,"(540, 4940, 402, 4762, 1356.12)",0.0
Amount_shipped,"(540, 4960, 604, 4556, 10.77)",0.0
Amount_shipped,"(540, 4960, 545, 4715, 11.01)",0.0
Amount_shipped,"(540, 4960, 598, 4885, 11.15)",0.0
Amount_shipped,"(540, 4960, 622, 4729, 11.5)",0.0
Amount_shipped,"(540, 4960, 136, 4692, 11.61)",0.0
Amount_shipped,"(540, 4960, 494, 4926, 11.95)",0.0
Amount_shipped,"(540, 4960, 627, 4796, 12.52)",0.0
Amount_shipped,"(540, 4960, 604, 4624, 12.57)",0.0
Amount_shipped,"(540, 4960, 497, 4720, 12.7)",0.0
Amount_shipped,"(540, 4960, 503, 4807, 16.06)",0.0
Amount_shipped,"(540, 4960, 612, 4678, 16.32)",0.0
Amount_shipped,"(540, 4960, 345, 4695, 23.25)",0.0
Amount_shipped,"(540, 4960, 696, 4535, 23.59)",0.0
Amount_shipped,"(540, 4960, 250, 4682, 28.56)",0.0
Amount_shipped,"(540, 4960, 572, 4680, 30.45)",0.0
Amount_shipped,"(540, 4960, 371, 4764, 52.72)",0.0
Amount_shipped,"(540, 4960, 312, 4747, 62.13)",0.0
Amount_shipped,"(540, 4960, 417, 4874, 76.13)",0.0
Amount_shipped,"(540, 4960, 350, 4738, 111.96)",0.0
Amount_shipped,"(540, 4960, 327, 4722, 125.89)",0.0
Amount_shipped,"(540, 4960, 555, 4937, 127.49)",0.0
Amount_shipped,"(540, 4960, 239, 4765, 151.68)",0.0
Amount_shipped,"(540, 4960, 558, 4583, 208.94)",0.0
Amount_shipped,"(540, 4960, 592, 4773, 272.69)",0.0
Amount_shipped,"(540, 4960, 303, 4682, 594.76)",0.0
Amount_shipped,"(540, 4960, 519, 4618, 758.82)",0.0
Amount_shipped,"(540, 4960, 190, 4740, 907.18)",0.0
Amount_shipped,"(540, 4960, 604, 4955, 907.45)",0.0
Amount_shipped,"(540, 4960, 334, 4799, 1285.48)",0.0
Amount_shipped,"(540, 4960, 402, 4762, 1356.12)",0.0
Amount_shipped,"(540, 4980, 604, 4556, 10.77)",0.0
Amount_shipped,"(540, 4980, 545, 4715, 11.01)",0.0
Amount_shipped,"(540, 4980, 598, 4885, 11.15)",0.0
Amount_shipped,"(540, 4980, 622, 4729, 11.5)",0.0
Amount_shipped,"(540, 4980, 136, 4692, 11.61)",0.0
Amount_shipped,"(540, 4980, 494, 4926, 11.95)",0.0
Amount_shipped,"(540, 4980, 627, 4796, 12.52)",0.0
Amount_shipped,"(540, 4980, 604, 4624, 12.57)",0.0
Amount_shipped,"(540, 4980, 497, 4720, 12.7)",0.0
Amount_shipped,"(540, 4980, 503, 4807, 16.06)",0.0
Amount_shipped,"(540, 4980, 612, 4678, 16.32)",0.0
Amount_shipped,"(540, 4980, 345, 4695, 23.25)",0.0
Amount_shipped,"(540, 4980, 696, 4535, 23.59)",0.0
Amount_shipped,"(540, 4980, 250, 4682, 28.56)",0.0
Amount_shipped,"(540, 4980, 572, 4680, 30.45)",0.0
Amount_shipped,"(540, 4980, 371, 4764, 52.72)",0.0
Amount_shipped,"(540, 4980, 312, 4747, 62.13)",0.0
Amount_shipped,"(540, 4980, 417, 4874, 76.13)",0.0
Amount_shipped,"(540, 4980, 350, 4738, 111.96)",0.0
Amount_shipped,"(540, 4980, 327, 4722, 125.89)",0.0
Amount_shipped,"(540, 4980, 555, 4937, 127.49)",0.0
Amount_shipped,"(540, 4980, 239, 4765, 151.68)",0.0
Amount_shipped,"(540, 4980, 558, 4583, 208.94)",0.0
Amount_shipped,"(540, 4980, 592, 4773, 272.69)",0.0
Amount_shipped,"(540, 4980, 303, 4682, 594.76)",0.0
Amount_shipped,"(540, 4980, 519, 4618, 758.82)",0.0
Amount_shipped,"(540, 4980, 190, 4740, 907.18)",0.0
Amount_shipped,"(540, 4980, 604, 4955, 907.45)",0.0
Amount_shipped,"(540, 4980, 334, 4799, 1285.48)",0.0
Amount_shipped,"(540, 4980, 402, 4762, 1356.12)",0.0
Amount_shipped,"(560, 4440, 604, 4556, 10.77)",0.0
Amount_shipped,"(560, 4440, 545, 4715, 11.01)",0.0
Amount_shipped,"(560, 4440, 598, 4885, 11.15)",0.0
Amount_shipped,"(560, 4440, 622, 4729, 11.5)",0.0
Amount_shipped,"(560, 4440, 136, 4692, 11.61)",0.0
Amount_shipped,"(560, 4440, 494, 4926, 11.95)",0.0
Amount_shipped,"(560, 4440, 627, 4796, 12.52)",0.0
Amount_shipped,"(560, 4440, 604, 4624, 12.57)",0.0
Amount_shipped,"(560, 4440, 497, 4720, 12.7)",0.0
Amount_shipped,"(560, 4440, 503, 4807, 16.06)",0.0
Amount_shipped,"(560, 4440, 612, 4678, 16.32)",0.0
Amount_shipped,"(560, 4440, 345, 4695, 23.25)",0.0
Amount_shipped,"(560, 4440, 696, 4535, 23.59)",0.0
Amount_shipped,"(560, 4440, 250, 4682, 28.56)",0.0
Amount_shipped,"(560, 4440, 572, 4680, 30.45)",0.0
Amount_shipped,"(560, 4440, 371, 4764, 52.72)",0.0
Amount_shipped,"(560, 4440, 312, 4747, 62.13)",0.0
Amount_shipped,"(560, 4440, 417, 4874, 76.13)",0.0
Amount_shipped,"(560, 4440, 350, 4738, 111.96)",0.0
Amount_shipped,"(560, 4440, 327, 4722, 125.89)",0.0
Amount_shipped,"(560, 4440, 555, 4937, 127.49)",0.0
Amount_shipped,"(560, 4440, 239, 4765, 151.68)",0.0
Amount_shipped,"(560, 4440, 558, 4583, 208.94)",0.0
Amount_shipped,"(560, 4440, 592, 4773, 272.69)",0.0
Amount_shipped,"(560, 4440, 303, 4682, 594.76)",0.0
Amount_shipped,"(560, 4440, 519, 4618, 758.82)",0.0
Amount_shipped,"(560, 4440, 190, 4740, 907.18)",0.0
Amount_shipped,"(560, 4440, 604, 4955, 907.45)",0.0
Amount_shipped,"(560, 4440, 334, 4799, 1285.48)",0.0
Amount_shipped,"(560, 4440, 402, 4762, 1356.12)",0.0
Amount_shipped,"(560, 4460, 604, 4556, 10.77)",0.0
Amount_shipped,"(560, 4460, 545, 4715, 11.01)",0.0
Amount_shipped,"(560, 4460, 598, 4885, 11.15)",0.0
Amount_shipped,"(560, 4460, 622, 4729, 11.5)",0.0
Amount_shipped,"(560, 4460, 136, 4692, 11.61)",0.0
Amount_shipped,"(560, 4460, 494, 4926, 11.95)",0.0
Amount_shipped,"(560, 4460, 627, 4796, 12.52)",0.0
Amount_shipped,"(560, 4460, 604, 4624, 12.57)",0.0
Amount_shipped,"(560, 4460, 497, 4720, 12.7)",0.0
Amount_shipped,"(560, 4460, 503, 4807, 16.06)",0.0
Amount_shipped,"(560, 4460, 612, 4678, 16.32)",0.0
Amount_shipped,"(560, 4460, 345, 4695, 23.25)",0.0
Amount_shipped,"(560, 4460, 696, 4535, 23.59)",0.0
Amount_shipped,"(560, 4460, 250, 4682, 28.56)",0.0
Amount_shipped,"(560, 4460, 572, 4680, 30.45)",0.0
Amount_shipped,"(560, 4460, 371, 4764, 52.72)",0.0
Amount_shipped,"(560, 4460, 312, 4747, 62.13)",0.0
Amount_shipped,"(560, 4460, 417, 4874, 76.13)",0.0
Amount_shipped,"(560, 4460, 350, 4738, 111.96)",0.0
Amount_shipped,"(560, 4460, 327, 4722, 125.89)",0.0
Amount_shipped,"(560, 4460, 555, 4937, 127.49)",0.0
Amount_shipped,"(560, 4460, 239, 4765, 151.68)",0.0
Amount_shipped,"(560, 4460, 558, 4583, 208.94)",0.0
Amount_shipped,"(560, 4460, 592, 4773, 272.69)",0.0
Amount_shipped,"(560, 4460, 303, 4682, 594.76)",0.0
Amount_shipped,"(560, 4460, 519, 4618, 758.82)",0.0
Amount_shipped,"(560, 4460, 190, 4740, 907.18)",0.0
Amount_shipped,"(560, 4460, 604, 4955, 907.45)",0.0
Amount_shipped,"(560, 4460, 334, 4799, 1285.48)",0.0
Amount_shipped,"(560, 4460, 402, 4762, 1356.12)",0.0
Amount_shipped,"(560, 4480, 604, 4556, 10.77)",0.0
Amount_shipped,"(560, 4480, 545, 4715, 11.01)",0.0
Amount_shipped,"(560, 4480, 598, 4885, 11.15)",0.0
Amount_shipped,"(560, 4480, 622, 4729, 11.5)",0.0
Amount_shipped,"(560, 4480, 136, 4692, 11.61)",0.0
Amount_shipped,"(560, 4480, 494, 4926, 11.95)",0.0
Amount_shipped,"(560, 4480, 627, 4796, 12.52)",0.0
Amount_shipped,"(560, 4480, 604, 4624, 12.57)",0.0
Amount_shipped,"(560, 4480, 497, 4720, 12.7)",0.0
Amount_shipped,"(560, 4480, 503, 4807, 16.06)",0.0
Amount_shipped,"(560, 4480, 612, 4678, 16.32)",0.0
Amount_shipped,"(560, 4480, 345, 4695, 23.25)",0.0
Amount_shipped,"(560, 4480, 696, 4535, 23.59)",0.0
Amount_shipped,"(560, 4480, 250, 4682, 28.56)",0.0
Amount_shipped,"(560, 4480, 572, 4680, 30.45)",0.0
Amount_shipped,"(560, 4480, 371, 4764, 52.72)",0.0
Amount_shipped,"(560, 4480, 312, 4747, 62.13)",0.0
Amount_shipped,"(560, 4480, 417, 4874, 76.13)",0.0
Amount_shipped,"(560, 4480, 350, 4738, 111.96)",0.0
Amount_shipped,"(560, 4480, 327, 4722, 125.89)",0.0
Amount_shipped,"(560, 4480, 555, 4937, 127.49)",0.0
Amount_shipped,"(560, 4480, 239, 4765, 151.68)",0.0
Amount_shipped,"(560, 4480, 558, 4583, 208.94)",0.0
Amount_shipped,"(560, 4480, 592, 4773, 272.69)",0.0
Amount_shipped,"(560, 4480, 303, 4682, 594.76)",0.0
Amount_shipped,"(560, 4480, 519, 4618, 758.82)",0.0
Amount_shipped,"(560, 4480, 190, 4740, 907.18)",0.0
Amount_shipped,"(560, 4480, 604, 4955, 907.45)",0.0
Amount_shipped,"(560, 4480, 334, 4799, 1285.48)",0.0
Amount_shipped,"(560, 4480, 402, 4762, 1356.12)",0.0
Amount_shipped,"(560, 4500, 604, 4556, 10.77)",0.0
Amount_shipped,"(560, 4500, 545, 4715, 11.01)",0.0
Amount_shipped,"(560, 4500, 598, 4885, 11.15)",0.0
Amount_shipped,"(560, 4500, 622, 4729, 11.5)",0.0
Amount_shipped,"(560, 4500, 136, 4692, 11.61)",0.0
Amount_shipped,"(560, 4500, 494, 4926, 11.95)",0.0
Amount_shipped,"(560, 4500, 627, 4796, 12.52)",0.0
Amount_shipped,"(560, 4500, 604, 4624, 12.57)",0.0
Amount_shipped,"(560, 4500, 497, 4720, 12.7)",0.0
Amount_shipped,"(560, 4500, 503, 4807, 16.06)",0.0
Amount_shipped,"(560, 4500, 612, 4678, 16.32)",0.0
Amount_shipped,"(560, 4500, 345, 4695, 23.25)",0.0
Amount_shipped,"(560, 4500, 696, 4535, 23.59)",0.0
Amount_shipped,"(560, 4500, 250, 4682, 28.56)",0.0
Amount_shipped,"(560, 4500, 572, 4680, 30.45)",0.0
Amount_shipped,"(560, 4500, 371, 4764, 52.72)",0.0
Amount_shipped,"(560, 4500, 312, 4747, 62.13)",0.0
Amount_shipped,"(560, 4500, 417, 4874, 76.13)",0.0
Amount_shipped,"(560, 4500, 350, 4738, 111.96)",0.0
Amount_shipped,"(560, 4500, 327, 4722, 125.89)",0.0
Amount_shipped,"(560, 4500, 555, 4937, 127.49)",0.0
Amount_shipped,"(560, 4500, 239, 4765, 151.68)",0.0
Amount_shipped,"(560, 4500, 558, 4583, 208.94)",0.0
Amount_shipped,"(560, 4500, 592, 4773, 272.69)",0.0
Amount_shipped,"(560, 4500, 303, 4682, 594.76)",0.0
Amount_shipped,"(560, 4500, 519, 4618, 758.82)",0.0
Amount_shipped,"(560, 4500, 190, 4740, 907.18)",0.0
Amount_shipped,"(560, 4500, 604, 4955, 907.45)",0.0
Amount_shipped,"(560, 4500, 334, 4799, 1285.48)",0.0
Amount_shipped,"(560, 4500, 402, 4762, 1356.12)",0.0
Amount_shipped,"(560, 4520, 604, 4556, 10.77)",0.0
Amount_shipped,"(560, 4520, 545, 4715, 11.01)",0.0
Amount_shipped,"(560, 4520, 598, 4885, 11.15)",0.0
Amount_shipped,"(560, 4520, 622, 4729, 11.5)",0.0
Amount_shipped,"(560, 4520, 136, 4692, 11.61)",0.0
Amount_shipped,"(560, 4520, 494, 4926, 11.95)",0.0
Amount_shipped,"(560, 4520, 627, 4796, 12.52)",0.0
Amount_shipped,"(560, 4520, 604, 4624, 12.57)",0.0
Amount_shipped,"(560, 4520, 497, 4720, 12.7)",0.0
Amount_shipped,"(560, 4520, 503, 4807, 16.06)",0.0
Amount_shipped,"(560, 4520, 612, 4678, 16.32)",0.0
Amount_shipped,"(560, 4520, 345, 4695, 23.25)",0.0
Amount_shipped,"(560, 4520, 696, 4535, 23.59)",0.0
Amount_shipped,"(560, 4520, 250, 4682, 28.56)",0.0
Amount_shipped,"(560, 4520, 572, 4680, 30.45)",0.0
Amount_shipped,"(560, 4520, 371, 4764, 52.72)",0.0
Amount_shipped,"(560, 4520, 312, 4747, 62.13)",0.0
Amount_shipped,"(560, 4520, 417, 4874, 76.13)",0.0
Amount_shipped,"(560, 4520, 350, 4738, 111.96)",0.0
Amount_shipped,"(560, 4520, 327, 4722, 125.89)",0.0
Amount_shipped,"(560, 4520, 555, 4937, 127.49)",0.0
Amount_shipped,"(560, 4520, 239, 4765, 151.68)",0.0
Amount_shipped,"(560, 4520, 558, 4583, 208.94)",0.0
Amount_shipped,"(560, 4520, 592, 4773, 272.69)",0.0
Amount_shipped,"(560, 4520, 303, 4682, 594.76)",0.0
Amount_shipped,"(560, 4520, 519, 4618, 758.82)",0.0
Amount_shipped,"(560, 4520, 190, 4740, 907.18)",0.0
Amount_shipped,"(560, 4520, 604, 4955, 907.45)",0.0
Amount_shipped,"(560, 4520, 334, 4799, 1285.48)",0.0
Amount_shipped,"(560, 4520, 402, 4762, 1356.12)",0.0
Amount_shipped,"(560, 4540, 604, 4556, 10.77)",0.0
Amount_shipped,"(560, 4540, 545, 4715, 11.01)",0.0
Amount_shipped,"(560, 4540, 598, 4885, 11.15)",0.0
Amount_shipped,"(560, 4540, 622, 4729, 11.5)",0.0
Amount_shipped,"(560, 4540, 136, 4692, 11.61)",0.0
Amount_shipped,"(560, 4540, 494, 4926, 11.95)",0.0
Amount_shipped,"(560, 4540, 627, 4796, 12.52)",0.0
Amount_shipped,"(560, 4540, 604, 4624, 12.57)",0.0
Amount_shipped,"(560, 4540, 497, 4720, 12.7)",0.0
Amount_shipped,"(560, 4540, 503, 4807, 16.06)",0.0
Amount_shipped,"(560, 4540, 612, 4678, 16.32)",0.0
Amount_shipped,"(560, 4540, 345, 4695, 23.25)",0.0
Amount_shipped,"(560, 4540, 696, 4535, 23.59)",0.0
Amount_shipped,"(560, 4540, 250, 4682, 28.56)",0.0
Amount_shipped,"(560, 4540, 572, 4680, 30.45)",0.0
Amount_shipped,"(560, 4540, 371, 4764, 52.72)",0.0
Amount_shipped,"(560, 4540, 312, 4747, 62.13)",0.0
Amount_shipped,"(560, 4540, 417, 4874, 76.13)",0.0
Amount_shipped,"(560, 4540, 350, 4738, 111.96)",0.0
Amount_shipped,"(560, 4540, 327, 4722, 125.89)",0.0
Amount_shipped,"(560, 4540, 555, 4937, 127.49)",0.0
Amount_shipped,"(560, 4540, 239, 4765, 151.68)",0.0
Amount_shipped,"(560, 4540, 558, 4583, 208.94)",0.0
Amount_shipped,"(560, 4540, 592, 4773, 272.69)",0.0
Amount_shipped,"(560, 4540, 303, 4682, 594.76)",0.0
Amount_shipped,"(560, 4540, 519, 4618, 758.82)",0.0
Amount_shipped,"(560, 4540, 190, 4740, 907.18)",0.0
Amount_shipped,"(560, 4540, 604, 4955, 907.45)",0.0
Amount_shipped,"(560, 4540, 334, 4799, 1285.48)",0.0
Amount_shipped,"(560, 4540, 402, 4762, 1356.12)",0.0
Amount_shipped,"(560, 4560, 604, 4556, 10.77)",0.0
Amount_shipped,"(560, 4560, 545, 4715, 11.01)",0.0
Amount_shipped,"(560, 4560, 598, 4885, 11.15)",0.0
Amount_shipped,"(560, 4560, 622, 4729, 11.5)",0.0
Amount_shipped,"(560, 4560, 136, 4692, 11.61)",0.0
Amount_shipped,"(560, 4560, 494, 4926, 11.95)",0.0
Amount_shipped,"(560, 4560, 627, 4796, 12.52)",0.0
Amount_shipped,"(560, 4560, 604, 4624, 12.57)",0.0
Amount_shipped,"(560, 4560, 497, 4720, 12.7)",0.0
Amount_shipped,"(560, 4560, 503, 4807, 16.06)",0.0
Amount_shipped,"(560, 4560, 612, 4678, 16.32)",0.0
Amount_shipped,"(560, 4560, 345, 4695, 23.25)",0.0
Amount_shipped,"(560, 4560, 696, 4535, 23.59)",0.0
Amount_shipped,"(560, 4560, 250, 4682, 28.56)",0.0
Amount_shipped,"(560, 4560, 572, 4680, 30.45)",0.0
Amount_shipped,"(560, 4560, 371, 4764, 52.72)",0.0
Amount_shipped,"(560, 4560, 312, 4747, 62.13)",0.0
Amount_shipped,"(560, 4560, 417, 4874, 76.13)",0.0
Amount_shipped,"(560, 4560, 350, 4738, 111.96)",0.0
Amount_shipped,"(560, 4560, 327, 4722, 125.89)",0.0
Amount_shipped,"(560, 4560, 555, 4937, 127.49)",0.0
Amount_shipped,"(560, 4560, 239, 4765, 151.68)",0.0
Amount_shipped,"(560, 4560, 558, 4583, 208.94)",0.0
Amount_shipped,"(560, 4560, 592, 4773, 272.69)",0.0
Amount_shipped,"(560, 4560, 303, 4682, 594.76)",0.0
Amount_shipped,"(560, 4560, 519, 4618, 758.82)",0.0
Amount_shipped,"(560, 4560, 190, 4740, 907.18)",0.0
Amount_shipped,"(560, 4560, 604, 4955, 907.45)",0.0
Amount_shipped,"(560, 4560, 334, 4799, 1285.48)",0.0
Amount_shipped,"(560, 4560, 402, 4762, 1356.12)",0.0
Amount_shipped,"(560, 4580, 604, 4556, 10.77)",0.0
Amount_shipped,"(560, 4580, 545, 4715, 11.01)",0.0
Amount_shipped,"(560, 4580, 598, 4885, 11.15)",0.0
Amount_shipped,"(560, 4580, 622, 4729, 11.5)",0.0
Amount_shipped,"(560, 4580, 136, 4692, 11.61)",0.0
Amount_shipped,"(560, 4580, 494, 4926, 11.95)",0.0
Amount_shipped,"(560, 4580, 627, 4796, 12.52)",0.0
Amount_shipped,"(560, 4580, 604, 4624, 12.57)",0.0
Amount_shipped,"(560, 4580, 497, 4720, 12.7)",0.0
Amount_shipped,"(560, 4580, 503, 4807, 16.06)",0.0
Amount_shipped,"(560, 4580, 612, 4678, 16.32)",0.0
Amount_shipped,"(560, 4580, 345, 4695, 23.25)",0.0
Amount_shipped,"(560, 4580, 696, 4535, 23.59)",0.0
Amount_shipped,"(560, 4580, 250, 4682, 28.56)",0.0
Amount_shipped,"(560, 4580, 572, 4680, 30.45)",0.0
Amount_shipped,"(560, 4580, 371, 4764, 52.72)",0.0
Amount_shipped,"(560, 4580, 312, 4747, 62.13)",0.0
Amount_shipped,"(560, 4580, 417, 4874, 76.13)",0.0
Amount_shipped,"(560, 4580, 350, 4738, 111.96)",0.0
Amount_shipped,"(560, 4580, 327, 4722, 125.89)",0.0
Amount_shipped,"(560, 4580, 555, 4937, 127.49)",0.0
Amount_shipped,"(560, 4580, 239, 4765, 151.68)",0.0
Amount_shipped,"(560, 4580, 558, 4583, 208.94)",0.0
Amount_shipped,"(560, 4580, 592, 4773, 272.69)",0.0
Amount_shipped,"(560, 4580, 303, 4682, 594.76)",0.0
Amount_shipped,"(560, 4580, 519, 4618, 758.82)",0.0
Amount_shipped,"(560, 4580, 190, 4740, 907.18)",0.0
Amount_shipped,"(560, 4580, 604, 4955, 907.45)",0.0
Amount_shipped,"(560, 4580, 334, 4799, 1285.48)",0.0
Amount_shipped,"(560, 4580, 402, 4762, 1356.12)",0.0
Amount_shipped,"(560, 4600, 604, 4556, 10.77)",10.77
Amount_shipped,"(560, 4600, 545, 4715, 11.01)",0.0
Amount_shipped,"(560, 4600, 598, 4885, 11.15)",0.0
Amount_shipped,"(560, 4600, 622, 4729, 11.5)",0.0
Amount_shipped,"(560, 4600, 136, 4692, 11.61)",0.0
Amount_shipped,"(560, 4600, 494, 4926, 11.95)",0.0
Amount_shipped,"(560, 4600, 627, 4796, 12.52)",0.0
Amount_shipped,"(560, 4600, 604, 4624, 12.57)",6.700000000000003
Amount_shipped,"(560, 4600, 497, 4720, 12.7)",0.0
Amount_shipped,"(560, 4600, 503, 4807, 16.06)",0.0
Amount_shipped,"(560, 4600, 612, 4678, 16.32)",0.0
Amount_shipped,"(560, 4600, 345, 4695, 23.25)",0.0
Amount_shipped,"(560, 4600, 696, 4535, 23.59)",23.59
Amount_shipped,"(560, 4600, 250, 4682, 28.56)",0.0
Amount_shipped,"(560, 4600, 572, 4680, 30.45)",0.0
Amount_shipped,"(560, 4600, 371, 4764, 52.72)",0.0
Amount_shipped,"(560, 4600, 312, 4747, 62.13)",0.0
Amount_shipped,"(560, 4600, 417, 4874, 76.13)",0.0
Amount_shipped,"(560, 4600, 350, 4738, 111.96)",0.0
Amount_shipped,"(560, 4600, 327, 4722, 125.89)",0.0
Amount_shipped,"(560, 4600, 555, 4937, 127.49)",0.0
Amount_shipped,"(560, 4600, 239, 4765, 151.68)",0.0
Amount_shipped,"(560, 4600, 558, 4583, 208.94)",208.94
Amount_shipped,"(560, 4600, 592, 4773, 272.69)",0.0
Amount_shipped,"(560, 4600, 303, 4682, 594.76)",0.0
Amount_shipped,"(560, 4600, 519, 4618, 758.82)",0.0
Amount_shipped,"(560, 4600, 190, 4740, 907.18)",0.0
Amount_shipped,"(560, 4600, 604, 4955, 907.45)",0.0
Amount_shipped,"(560, 4600, 334, 4799, 1285.48)",0.0
Amount_shipped,"(560, 4600, 402, 4762, 1356.12)",0.0
Amount_shipped,"(560, 4620, 604, 4556, 10.77)",0.0
Amount_shipped,"(560, 4620, 545, 4715, 11.01)",0.0
Amount_shipped,"(560, 4620, 598, 4885, 11.15)",0.0
Amount_shipped,"(560, 4620, 622, 4729, 11.5)",0.0
Amount_shipped,"(560, 4620, 136, 4692, 11.61)",0.0
Amount_shipped,"(560, 4620, 494, 4926, 11.95)",0.0
Amount_shipped,"(560, 4620, 627, 4796, 12.52)",0.0
Amount_shipped,"(560, 4620, 604, 4624, 12.57)",0.0
Amount_shipped,"(560, 4620, 497, 4720, 12.7)",0.0
Amount_shipped,"(560, 4620, 503, 4807, 16.06)",0.0
Amount_shipped,"(560, 4620, 612, 4678, 16.32)",0.0
Amount_shipped,"(560, 4620, 345, 4695, 23.25)",0.0
Amount_shipped,"(560, 4620, 696, 4535, 23.59)",0.0
Amount_shipped,"(560, 4620, 250, 4682, 28.56)",0.0
Amount_shipped,"(560, 4620, 572, 4680, 30.45)",0.0
Amount_shipped,"(560, 4620, 371, 4764, 52.72)",0.0
Amount_shipped,"(560, 4620, 312, 4747, 62.13)",0.0
Amount_shipped,"(560, 4620, 417, 4874, 76.13)",0.0
Amount_shipped,"(560, 4620, 350, 4738, 111.96)",0.0
Amount_shipped,"(560, 4620, 327, 4722, 125.89)",0.0
Amount_shipped,"(560, 4620, 555, 4937, 127.49)",0.0
Amount_shipped,"(560, 4620, 239, 4765, 151.68)",0.0
Amount_shipped,"(560, 4620, 558, 4583, 208.94)",0.0
Amount_shipped,"(560, 4620, 592, 4773, 272.69)",0.0
Amount_shipped,"(560, 4620, 303, 4682, 594.76)",0.0
Amount_shipped,"(560, 4620, 519, 4618, 758.82)",0.0
Amount_shipped,"(560, 4620, 190, 4740, 907.18)",0.0
Amount_shipped,"(560, 4620, 604, 4955, 907.45)",0.0
Amount_shipped,"(560, 4620, 334, 4799, 1285.48)",0.0
Amount_shipped,"(560, 4620, 402, 4762, 1356.12)",0.0
Amount_shipped,"(560, 4640, 604, 4556, 10.77)",0.0
Amount_shipped,"(560, 4640, 545, 4715, 11.01)",0.0
Amount_shipped,"(560, 4640, 598, 4885, 11.15)",0.0
Amount_shipped,"(560, 4640, 622, 4729, 11.5)",0.0
Amount_shipped,"(560, 4640, 136, 4692, 11.61)",0.0
Amount_shipped,"(560, 4640, 494, 4926, 11.95)",0.0
Amount_shipped,"(560, 4640, 627, 4796, 12.52)",0.0
Amount_shipped,"(560, 4640, 604, 4624, 12.57)",0.0
Amount_shipped,"(560, 4640, 497, 4720, 12.7)",0.0
Amount_shipped,"(560, 4640, 503, 4807, 16.06)",0.0
Amount_shipped,"(560, 4640, 612, 4678, 16.32)",0.0
Amount_shipped,"(560, 4640, 345, 4695, 23.25)",0.0
Amount_shipped,"(560, 4640, 696, 4535, 23.59)",0.0
Amount_shipped,"(560, 4640, 250, 4682, 28.56)",0.0
Amount_shipped,"(560, 4640, 572, 4680, 30.45)",0.0
Amount_shipped,"(560, 4640, 371, 4764, 52.72)",0.0
Amount_shipped,"(560, 4640, 312, 4747, 62.13)",0.0
Amount_shipped,"(560, 4640, 417, 4874, 76.13)",0.0
Amount_shipped,"(560, 4640, 350, 4738, 111.96)",0.0
Amount_shipped,"(560, 4640, 327, 4722, 125.89)",0.0
Amount_shipped,"(560, 4640, 555, 4937, 127.49)",0.0
Amount_shipped,"(560, 4640, 239, 4765, 151.68)",0.0
Amount_shipped,"(560, 4640, 558, 4583, 208.94)",0.0
Amount_shipped,"(560, 4640, 592, 4773, 272.69)",0.0
Amount_shipped,"(560, 4640, 303, 4682, 594.76)",0.0
Amount_shipped,"(560, 4640, 519, 4618, 758.82)",0.0
Amount_shipped,"(560, 4640, 190, 4740, 907.18)",0.0
Amount_shipped,"(560, 4640, 604, 4955, 907.45)",0.0
Amount_shipped,"(560, 4640, 334, 4799, 1285.48)",0.0
Amount_shipped,"(560, 4640, 402, 4762, 1356.12)",0.0
Amount_shipped,"(560, 4660, 604, 4556, 10.77)",0.0
Amount_shipped,"(560, 4660, 545, 4715, 11.01)",0.0
Amount_shipped,"(560, 4660, 598, 4885, 11.15)",0.0
Amount_shipped,"(560, 4660, 622, 4729, 11.5)",0.0
Amount_shipped,"(560, 4660, 136, 4692, 11.61)",0.0
Amount_shipped,"(560, 4660, 494, 4926, 11.95)",0.0
Amount_shipped,"(560, 4660, 627, 4796, 12.52)",0.0
Amount_shipped,"(560, 4660, 604, 4624, 12.57)",0.0
Amount_shipped,"(560, 4660, 497, 4720, 12.7)",0.0
Amount_shipped,"(560, 4660, 503, 4807, 16.06)",0.0
Amount_shipped,"(560, 4660, 612, 4678, 16.32)",0.0
Amount_shipped,"(560, 4660, 345, 4695, 23.25)",0.0
Amount_shipped,"(560, 4660, 696, 4535, 23.59)",0.0
Amount_shipped,"(560, 4660, 250, 4682, 28.56)",0.0
Amount_shipped,"(560, 4660, 572, 4680, 30.45)",0.0
Amount_shipped,"(560, 4660, 371, 4764, 52.72)",0.0
Amount_shipped,"(560, 4660, 312, 4747, 62.13)",0.0
Amount_shipped,"(560, 4660, 417, 4874, 76.13)",0.0
Amount_shipped,"(560, 4660, 350, 4738, 111.96)",0.0
Amount_shipped,"(560, 4660, 327, 4722, 125.89)",0.0
Amount_shipped,"(560, 4660, 555, 4937, 127.49)",0.0
Amount_shipped,"(560, 4660, 239, 4765, 151.68)",0.0
Amount_shipped,"(560, 4660, 558, 4583, 208.94)",0.0
Amount_shipped,"(560, 4660, 592, 4773, 272.69)",0.0
Amount_shipped,"(560, 4660, 303, 4682, 594.76)",0.0
Amount_shipped,"(560, 4660, 519, 4618, 758.82)",0.0
Amount_shipped,"(560, 4660, 190, 4740, 907.18)",0.0
Amount_shipped,"(560, 4660, 604, 4955, 907.45)",0.0
Amount_shipped,"(560, 4660, 334, 4799, 1285.48)",0.0
Amount_shipped,"(560, 4660, 402, 4762, 1356.12)",0.0
Amount_shipped,"(560, 4680, 604, 4556, 10.77)",0.0
Amount_shipped,"(560, 4680, 545, 4715, 11.01)",0.0
Amount_shipped,"(560, 4680, 598, 4885, 11.15)",0.0
Amount_shipped,"(560, 4680, 622, 4729, 11.5)",0.0
Amount_shipped,"(560, 4680, 136, 4692, 11.61)",0.0
Amount_shipped,"(560, 4680, 494, 4926, 11.95)",0.0
Amount_shipped,"(560, 4680, 627, 4796, 12.52)",0.0
Amount_shipped,"(560, 4680, 604, 4624, 12.57)",0.0
Amount_shipped,"(560, 4680, 497, 4720, 12.7)",0.0
Amount_shipped,"(560, 4680, 503, 4807, 16.06)",0.0
Amount_shipped,"(560, 4680, 612, 4678, 16.32)",0.0
Amount_shipped,"(560, 4680, 345, 4695, 23.25)",0.0
Amount_shipped,"(560, 4680, 696, 4535, 23.59)",0.0
Amount_shipped,"(560, 4680, 250, 4682, 28.56)",0.0
Amount_shipped,"(560, 4680, 572, 4680, 30.45)",0.0
Amount_shipped,"(560, 4680, 371, 4764, 52.72)",0.0
Amount_shipped,"(560, 4680, 312, 4747, 62.13)",0.0
Amount_shipped,"(560, 4680, 417, 4874, 76.13)",0.0
Amount_shipped,"(560, 4680, 350, 4738, 111.96)",0.0
Amount_shipped,"(560, 4680, 327, 4722, 125.89)",0.0
Amount_shipped,"(560, 4680, 555, 4937, 127.49)",0.0
Amount_shipped,"(560, 4680, 239, 4765, 151.68)",0.0
Amount_shipped,"(560, 4680, 558, 4583, 208.94)",0.0
Amount_shipped,"(560, 4680, 592, 4773, 272.69)",0.0
Amount_shipped,"(560, 4680, 303, 4682, 594.76)",0.0
Amount_shipped,"(560, 4680, 519, 4618, 758.82)",0.0
Amount_shipped,"(560, 4680, 190, 4740, 907.18)",0.0
Amount_shipped,"(560, 4680, 604, 4955, 907.45)",0.0
Amount_shipped,"(560, 4680, 334, 4799, 1285.48)",0.0
Amount_shipped,"(560, 4680, 402, 4762, 1356.12)",0.0
Amount_shipped,"(560, 4700, 604, 4556, 10.77)",0.0
Amount_shipped,"(560, 4700, 545, 4715, 11.01)",0.0
Amount_shipped,"(560, 4700, 598, 4885, 11.15)",0.0
Amount_shipped,"(560, 4700, 622, 4729, 11.5)",0.0
Amount_shipped,"(560, 4700, 136, 4692, 11.61)",0.0
Amount_shipped,"(560, 4700, 494, 4926, 11.95)",0.0
Amount_shipped,"(560, 4700, 627, 4796, 12.52)",0.0
Amount_shipped,"(560, 4700, 604, 4624, 12.57)",0.0
Amount_shipped,"(560, 4700, 497, 4720, 12.7)",0.0
Amount_shipped,"(560, 4700, 503, 4807, 16.06)",0.0
Amount_shipped,"(560, 4700, 612, 4678, 16.32)",0.0
Amount_shipped,"(560, 4700, 345, 4695, 23.25)",0.0
Amount_shipped,"(560, 4700, 696, 4535, 23.59)",0.0
Amount_shipped,"(560, 4700, 250, 4682, 28.56)",0.0
Amount_shipped,"(560, 4700, 572, 4680, 30.45)",0.0
Amount_shipped,"(560, 4700, 371, 4764, 52.72)",0.0
Amount_shipped,"(560, 4700, 312, 4747, 62.13)",0.0
Amount_shipped,"(560, 4700, 417, 4874, 76.13)",0.0
Amount_shipped,"(560, 4700, 350, 4738, 111.96)",0.0
Amount_shipped,"(560, 4700, 327, 4722, 125.89)",0.0
Amount_shipped,"(560, 4700, 555, 4937, 127.49)",0.0
Amount_shipped,"(560, 4700, 239, 4765, 151.68)",0.0
Amount_shipped,"(560, 4700, 558, 4583, 208.94)",0.0
Amount_shipped,"(560, 4700, 592, 4773, 272.69)",0.0
Amount_shipped,"(560, 4700, 303, 4682, 594.76)",0.0
Amount_shipped,"(560, 4700, 519, 4618, 758.82)",0.0
Amount_shipped,"(560, 4700, 190, 4740, 907.18)",0.0
Amount_shipped,"(560, 4700, 604, 4955, 907.45)",0.0
Amount_shipped,"(560, 4700, 334, 4799, 1285.48)",0.0
Amount_shipped,"(560, 4700, 402, 4762, 1356.12)",0.0
Amount_shipped,"(560, 4720, 604, 4556, 10.77)",0.0
Amount_shipped,"(560, 4720, 545, 4715, 11.01)",0.0
Amount_shipped,"(560, 4720, 598, 4885, 11.15)",0.0
Amount_shipped,"(560, 4720, 622, 4729, 11.5)",0.0
Amount_shipped,"(560, 4720, 136, 4692, 11.61)",0.0
Amount_shipped,"(560, 4720, 494, 4926, 11.95)",0.0
Amount_shipped,"(560, 4720, 627, 4796, 12.52)",0.0
Amount_shipped,"(560, 4720, 604, 4624, 12.57)",0.0
Amount_shipped,"(560, 4720, 497, 4720, 12.7)",0.0
Amount_shipped,"(560, 4720, 503, 4807, 16.06)",0.0
Amount_shipped,"(560, 4720, 612, 4678, 16.32)",0.0
Amount_shipped,"(560, 4720, 345, 4695, 23.25)",0.0
Amount_shipped,"(560, 4720, 696, 4535, 23.59)",0.0
Amount_shipped,"(560, 4720, 250, 4682, 28.56)",0.0
Amount_shipped,"(560, 4720, 572, 4680, 30.45)",0.0
Amount_shipped,"(560, 4720, 371, 4764, 52.72)",0.0
Amount_shipped,"(560, 4720, 312, 4747, 62.13)",0.0
Amount_shipped,"(560, 4720, 417, 4874, 76.13)",0.0
Amount_shipped,"(560, 4720, 350, 4738, 111.96)",0.0
Amount_shipped,"(560, 4720, 327, 4722, 125.89)",0.0
Amount_shipped,"(560, 4720, 555, 4937, 127.49)",0.0
Amount_shipped,"(560, 4720, 239, 4765, 151.68)",0.0
Amount_shipped,"(560, 4720, 558, 4583, 208.94)",0.0
Amount_shipped,"(560, 4720, 592, 4773, 272.69)",0.0
Amount_shipped,"(560, 4720, 303, 4682, 594.76)",0.0
Amount_shipped,"(560, 4720, 519, 4618, 758.82)",0.0
Amount_shipped,"(560, 4720, 190, 4740, 907.18)",0.0
Amount_shipped,"(560, 4720, 604, 4955, 907.45)",0.0
Amount_shipped,"(560, 4720, 334, 4799, 1285.48)",0.0
Amount_shipped,"(560, 4720, 402, 4762, 1356.12)",0.0
Amount_shipped,"(560, 4740, 604, 4556, 10.77)",0.0
Amount_shipped,"(560, 4740, 545, 4715, 11.01)",0.0
Amount_shipped,"(560, 4740, 598, 4885, 11.15)",0.0
Amount_shipped,"(560, 4740, 622, 4729, 11.5)",0.0
Amount_shipped,"(560, 4740, 136, 4692, 11.61)",0.0
Amount_shipped,"(560, 4740, 494, 4926, 11.95)",0.0
Amount_shipped,"(560, 4740, 627, 4796, 12.52)",0.0
Amount_shipped,"(560, 4740, 604, 4624, 12.57)",0.0
Amount_shipped,"(560, 4740, 497, 4720, 12.7)",0.0
Amount_shipped,"(560, 4740, 503, 4807, 16.06)",0.0
Amount_shipped,"(560, 4740, 612, 4678, 16.32)",0.0
Amount_shipped,"(560, 4740, 345, 4695, 23.25)",0.0
Amount_shipped,"(560, 4740, 696, 4535, 23.59)",0.0
Amount_shipped,"(560, 4740, 250, 4682, 28.56)",0.0
Amount_shipped,"(560, 4740, 572, 4680, 30.45)",0.0
Amount_shipped,"(560, 4740, 371, 4764, 52.72)",0.0
Amount_shipped,"(560, 4740, 312, 4747, 62.13)",0.0
Amount_shipped,"(560, 4740, 417, 4874, 76.13)",0.0
Amount_shipped,"(560, 4740, 350, 4738, 111.96)",0.0
Amount_shipped,"(560, 4740, 327, 4722, 125.89)",0.0
Amount_shipped,"(560, 4740, 555, 4937, 127.49)",0.0
Amount_shipped,"(560, 4740, 239, 4765, 151.68)",0.0
Amount_shipped,"(560, 4740, 558, 4583, 208.94)",0.0
Amount_shipped,"(560, 4740, 592, 4773, 272.69)",0.0
Amount_shipped,"(560, 4740, 303, 4682, 594.76)",0.0
Amount_shipped,"(560, 4740, 519, 4618, 758.82)",0.0
Amount_shipped,"(560, 4740, 190, 4740, 907.18)",0.0
Amount_shipped,"(560, 4740, 604, 4955, 907.45)",0.0
Amount_shipped,"(560, 4740, 334, 4799, 1285.48)",0.0
Amount_shipped,"(560, 4740, 402, 4762, 1356.12)",0.0
Amount_shipped,"(560, 4760, 604, 4556, 10.77)",0.0
Amount_shipped,"(560, 4760, 545, 4715, 11.01)",0.0
Amount_shipped,"(560, 4760, 598, 4885, 11.15)",0.0
Amount_shipped,"(560, 4760, 622, 4729, 11.5)",0.0
Amount_shipped,"(560, 4760, 136, 4692, 11.61)",0.0
Amount_shipped,"(560, 4760, 494, 4926, 11.95)",0.0
Amount_shipped,"(560, 4760, 627, 4796, 12.52)",0.0
Amount_shipped,"(560, 4760, 604, 4624, 12.57)",0.0
Amount_shipped,"(560, 4760, 497, 4720, 12.7)",0.0
Amount_shipped,"(560, 4760, 503, 4807, 16.06)",0.0
Amount_shipped,"(560, 4760, 612, 4678, 16.32)",0.0
Amount_shipped,"(560, 4760, 345, 4695, 23.25)",0.0
Amount_shipped,"(560, 4760, 696, 4535, 23.59)",0.0
Amount_shipped,"(560, 4760, 250, 4682, 28.56)",0.0
Amount_shipped,"(560, 4760, 572, 4680, 30.45)",0.0
Amount_shipped,"(560, 4760, 371, 4764, 52.72)",0.0
Amount_shipped,"(560, 4760, 312, 4747, 62.13)",0.0
Amount_shipped,"(560, 4760, 417, 4874, 76.13)",0.0
Amount_shipped,"(560, 4760, 350, 4738, 111.96)",0.0
Amount_shipped,"(560, 4760, 327, 4722, 125.89)",0.0
Amount_shipped,"(560, 4760, 555, 4937, 127.49)",0.0
Amount_shipped,"(560, 4760, 239, 4765, 151.68)",0.0
Amount_shipped,"(560, 4760, 558, 4583, 208.94)",0.0
Amount_shipped,"(560, 4760, 592, 4773, 272.69)",0.0
Amount_shipped,"(560, 4760, 303, 4682, 594.76)",0.0
Amount_shipped,"(560, 4760, 519, 4618, 758.82)",0.0
Amount_shipped,"(560, 4760, 190, 4740, 907.18)",0.0
Amount_shipped,"(560, 4760, 604, 4955, 907.45)",0.0
Amount_shipped,"(560, 4760, 334, 4799, 1285.48)",0.0
Amount_shipped,"(560, 4760, 402, 4762, 1356.12)",0.0
Amount_shipped,"(560, 4780, 604, 4556, 10.77)",0.0
Amount_shipped,"(560, 4780, 545, 4715, 11.01)",0.0
Amount_shipped,"(560, 4780, 598, 4885, 11.15)",0.0
Amount_shipped,"(560, 4780, 622, 4729, 11.5)",0.0
Amount_shipped,"(560, 4780, 136, 4692, 11.61)",0.0
Amount_shipped,"(560, 4780, 494, 4926, 11.95)",0.0
Amount_shipped,"(560, 4780, 627, 4796, 12.52)",0.0
Amount_shipped,"(560, 4780, 604, 4624, 12.57)",0.0
Amount_shipped,"(560, 4780, 497, 4720, 12.7)",0.0
Amount_shipped,"(560, 4780, 503, 4807, 16.06)",0.0
Amount_shipped,"(560, 4780, 612, 4678, 16.32)",0.0
Amount_shipped,"(560, 4780, 345, 4695, 23.25)",0.0
Amount_shipped,"(560, 4780, 696, 4535, 23.59)",0.0
Amount_shipped,"(560, 4780, 250, 4682, 28.56)",0.0
Amount_shipped,"(560, 4780, 572, 4680, 30.45)",0.0
Amount_shipped,"(560, 4780, 371, 4764, 52.72)",0.0
Amount_shipped,"(560, 4780, 312, 4747, 62.13)",0.0
Amount_shipped,"(560, 4780, 417, 4874, 76.13)",0.0
Amount_shipped,"(560, 4780, 350, 4738, 111.96)",0.0
Amount_shipped,"(560, 4780, 327, 4722, 125.89)",0.0
Amount_shipped,"(560, 4780, 555, 4937, 127.49)",0.0
Amount_shipped,"(560, 4780, 239, 4765, 151.68)",0.0
Amount_shipped,"(560, 4780, 558, 4583, 208.94)",0.0
Amount_shipped,"(560, 4780, 592, 4773, 272.69)",0.0
Amount_shipped,"(560, 4780, 303, 4682, 594.76)",0.0
Amount_shipped,"(560, 4780, 519, 4618, 758.82)",0.0
Amount_shipped,"(560, 4780, 190, 4740, 907.18)",0.0
Amount_shipped,"(560, 4780, 604, 4955, 907.45)",0.0
Amount_shipped,"(560, 4780, 334, 4799, 1285.48)",0.0
Amount_shipped,"(560, 4780, 402, 4762, 1356.12)",0.0
Amount_shipped,"(560, 4800, 604, 4556, 10.77)",0.0
Amount_shipped,"(560, 4800, 545, 4715, 11.01)",0.0
Amount_shipped,"(560, 4800, 598, 4885, 11.15)",0.0
Amount_shipped,"(560, 4800, 622, 4729, 11.5)",0.0
Amount_shipped,"(560, 4800, 136, 4692, 11.61)",0.0
Amount_shipped,"(560, 4800, 494, 4926, 11.95)",0.0
Amount_shipped,"(560, 4800, 627, 4796, 12.52)",0.0
Amount_shipped,"(560, 4800, 604, 4624, 12.57)",0.0
Amount_shipped,"(560, 4800, 497, 4720, 12.7)",0.0
Amount_shipped,"(560, 4800, 503, 4807, 16.06)",0.0
Amount_shipped,"(560, 4800, 612, 4678, 16.32)",0.0
Amount_shipped,"(560, 4800, 345, 4695, 23.25)",0.0
Amount_shipped,"(560, 4800, 696, 4535, 23.59)",0.0
Amount_shipped,"(560, 4800, 250, 4682, 28.56)",0.0
Amount_shipped,"(560, 4800, 572, 4680, 30.45)",0.0
Amount_shipped,"(560, 4800, 371, 4764, 52.72)",0.0
Amount_shipped,"(560, 4800, 312, 4747, 62.13)",0.0
Amount_shipped,"(560, 4800, 417, 4874, 76.13)",0.0
Amount_shipped,"(560, 4800, 350, 4738, 111.96)",0.0
Amount_shipped,"(560, 4800, 327, 4722, 125.89)",0.0
Amount_shipped,"(560, 4800, 555, 4937, 127.49)",0.0
Amount_shipped,"(560, 4800, 239, 4765, 151.68)",0.0
Amount_shipped,"(560, 4800, 558, 4583, 208.94)",0.0
Amount_shipped,"(560, 4800, 592, 4773, 272.69)",0.0
Amount_shipped,"(560, 4800, 303, 4682, 594.76)",0.0
Amount_shipped,"(560, 4800, 519, 4618, 758.82)",0.0
Amount_shipped,"(560, 4800, 190, 4740, 907.18)",0.0
Amount_shipped,"(560, 4800, 604, 4955, 907.45)",0.0
Amount_shipped,"(560, 4800, 334, 4799, 1285.48)",0.0
Amount_shipped,"(560, 4800, 402, 4762, 1356.12)",0.0
Amount_shipped,"(560, 4820, 604, 4556, 10.77)",0.0
Amount_shipped,"(560, 4820, 545, 4715, 11.01)",0.0
Amount_shipped,"(560, 4820, 598, 4885, 11.15)",0.0
Amount_shipped,"(560, 4820, 622, 4729, 11.5)",0.0
Amount_shipped,"(560, 4820, 136, 4692, 11.61)",0.0
Amount_shipped,"(560, 4820, 494, 4926, 11.95)",0.0
Amount_shipped,"(560, 4820, 627, 4796, 12.52)",0.0
Amount_shipped,"(560, 4820, 604, 4624, 12.57)",0.0
Amount_shipped,"(560, 4820, 497, 4720, 12.7)",0.0
Amount_shipped,"(560, 4820, 503, 4807, 16.06)",0.0
Amount_shipped,"(560, 4820, 612, 4678, 16.32)",0.0
Amount_shipped,"(560, 4820, 345, 4695, 23.25)",0.0
Amount_shipped,"(560, 4820, 696, 4535, 23.59)",0.0
Amount_shipped,"(560, 4820, 250, 4682, 28.56)",0.0
Amount_shipped,"(560, 4820, 572, 4680, 30.45)",0.0
Amount_shipped,"(560, 4820, 371, 4764, 52.72)",0.0
Amount_shipped,"(560, 4820, 312, 4747, 62.13)",0.0
Amount_shipped,"(560, 4820, 417, 4874, 76.13)",0.0
Amount_shipped,"(560, 4820, 350, 4738, 111.96)",0.0
Amount_shipped,"(560, 4820, 327, 4722, 125.89)",0.0
Amount_shipped,"(560, 4820, 555, 4937, 127.49)",0.0
Amount_shipped,"(560, 4820, 239, 4765, 151.68)",0.0
Amount_shipped,"(560, 4820, 558, 4583, 208.94)",0.0
Amount_shipped,"(560, 4820, 592, 4773, 272.69)",0.0
Amount_shipped,"(560, 4820, 303, 4682, 594.76)",0.0
Amount_shipped,"(560, 4820, 519, 4618, 758.82)",0.0
Amount_shipped,"(560, 4820, 190, 4740, 907.18)",0.0
Amount_shipped,"(560, 4820, 604, 4955, 907.45)",0.0
Amount_shipped,"(560, 4820, 334, 4799, 1285.48)",0.0
Amount_shipped,"(560, 4820, 402, 4762, 1356.12)",0.0
Amount_shipped,"(560, 4840, 604, 4556, 10.77)",0.0
Amount_shipped,"(560, 4840, 545, 4715, 11.01)",0.0
Amount_shipped,"(560, 4840, 598, 4885, 11.15)",0.0
Amount_shipped,"(560, 4840, 622, 4729, 11.5)",0.0
Amount_shipped,"(560, 4840, 136, 4692, 11.61)",0.0
Amount_shipped,"(560, 4840, 494, 4926, 11.95)",0.0
Amount_shipped,"(560, 4840, 627, 4796, 12.52)",0.0
Amount_shipped,"(560, 4840, 604, 4624, 12.57)",0.0
Amount_shipped,"(560, 4840, 497, 4720, 12.7)",0.0
Amount_shipped,"(560, 4840, 503, 4807, 16.06)",0.0
Amount_shipped,"(560, 4840, 612, 4678, 16.32)",0.0
Amount_shipped,"(560, 4840, 345, 4695, 23.25)",0.0
Amount_shipped,"(560, 4840, 696, 4535, 23.59)",0.0
Amount_shipped,"(560, 4840, 250, 4682, 28.56)",0.0
Amount_shipped,"(560, 4840, 572, 4680, 30.45)",0.0
Amount_shipped,"(560, 4840, 371, 4764, 52.72)",0.0
Amount_shipped,"(560, 4840, 312, 4747, 62.13)",0.0
Amount_shipped,"(560, 4840, 417, 4874, 76.13)",0.0
Amount_shipped,"(560, 4840, 350, 4738, 111.96)",0.0
Amount_shipped,"(560, 4840, 327, 4722, 125.89)",0.0
Amount_shipped,"(560, 4840, 555, 4937, 127.49)",0.0
Amount_shipped,"(560, 4840, 239, 4765, 151.68)",0.0
Amount_shipped,"(560, 4840, 558, 4583, 208.94)",0.0
Amount_shipped,"(560, 4840, 592, 4773, 272.69)",0.0
Amount_shipped,"(560, 4840, 303, 4682, 594.76)",0.0
Amount_shipped,"(560, 4840, 519, 4618, 758.82)",0.0
Amount_shipped,"(560, 4840, 190, 4740, 907.18)",0.0
Amount_shipped,"(560, 4840, 604, 4955, 907.45)",0.0
Amount_shipped,"(560, 4840, 334, 4799, 1285.48)",0.0
Amount_shipped,"(560, 4840, 402, 4762, 1356.12)",0.0
Amount_shipped,"(560, 4860, 604, 4556, 10.77)",0.0
Amount_shipped,"(560, 4860, 545, 4715, 11.01)",0.0
Amount_shipped,"(560, 4860, 598, 4885, 11.15)",0.0
Amount_shipped,"(560, 4860, 622, 4729, 11.5)",0.0
Amount_shipped,"(560, 4860, 136, 4692, 11.61)",0.0
Amount_shipped,"(560, 4860, 494, 4926, 11.95)",0.0
Amount_shipped,"(560, 4860, 627, 4796, 12.52)",0.0
Amount_shipped,"(560, 4860, 604, 4624, 12.57)",0.0
Amount_shipped,"(560, 4860, 497, 4720, 12.7)",0.0
Amount_shipped,"(560, 4860, 503, 4807, 16.06)",0.0
Amount_shipped,"(560, 4860, 612, 4678, 16.32)",0.0
Amount_shipped,"(560, 4860, 345, 4695, 23.25)",0.0
Amount_shipped,"(560, 4860, 696, 4535, 23.59)",0.0
Amount_shipped,"(560, 4860, 250, 4682, 28.56)",0.0
Amount_shipped,"(560, 4860, 572, 4680, 30.45)",0.0
Amount_shipped,"(560, 4860, 371, 4764, 52.72)",0.0
Amount_shipped,"(560, 4860, 312, 4747, 62.13)",0.0
Amount_shipped,"(560, 4860, 417, 4874, 76.13)",0.0
Amount_shipped,"(560, 4860, 350, 4738, 111.96)",0.0
Amount_shipped,"(560, 4860, 327, 4722, 125.89)",0.0
Amount_shipped,"(560, 4860, 555, 4937, 127.49)",0.0
Amount_shipped,"(560, 4860, 239, 4765, 151.68)",0.0
Amount_shipped,"(560, 4860, 558, 4583, 208.94)",0.0
Amount_shipped,"(560, 4860, 592, 4773, 272.69)",0.0
Amount_shipped,"(560, 4860, 303, 4682, 594.76)",0.0
Amount_shipped,"(560, 4860, 519, 4618, 758.82)",0.0
Amount_shipped,"(560, 4860, 190, 4740, 907.18)",0.0
Amount_shipped,"(560, 4860, 604, 4955, 907.45)",0.0
Amount_shipped,"(560, 4860, 334, 4799, 1285.48)",0.0
Amount_shipped,"(560, 4860, 402, 4762, 1356.12)",0.0
Amount_shipped,"(560, 4880, 604, 4556, 10.77)",0.0
Amount_shipped,"(560, 4880, 545, 4715, 11.01)",0.0
Amount_shipped,"(560, 4880, 598, 4885, 11.15)",0.0
Amount_shipped,"(560, 4880, 622, 4729, 11.5)",0.0
Amount_shipped,"(560, 4880, 136, 4692, 11.61)",0.0
Amount_shipped,"(560, 4880, 494, 4926, 11.95)",0.0
Amount_shipped,"(560, 4880, 627, 4796, 12.52)",0.0
Amount_shipped,"(560, 4880, 604, 4624, 12.57)",0.0
Amount_shipped,"(560, 4880, 497, 4720, 12.7)",0.0
Amount_shipped,"(560, 4880, 503, 4807, 16.06)",0.0
Amount_shipped,"(560, 4880, 612, 4678, 16.32)",0.0
Amount_shipped,"(560, 4880, 345, 4695, 23.25)",0.0
Amount_shipped,"(560, 4880, 696, 4535, 23.59)",0.0
Amount_shipped,"(560, 4880, 250, 4682, 28.56)",0.0
Amount_shipped,"(560, 4880, 572, 4680, 30.45)",0.0
Amount_shipped,"(560, 4880, 371, 4764, 52.72)",0.0
Amount_shipped,"(560, 4880, 312, 4747, 62.13)",0.0
Amount_shipped,"(560, 4880, 417, 4874, 76.13)",0.0
Amount_shipped,"(560, 4880, 350, 4738, 111.96)",0.0
Amount_shipped,"(560, 4880, 327, 4722, 125.89)",0.0
Amount_shipped,"(560, 4880, 555, 4937, 127.49)",0.0
Amount_shipped,"(560, 4880, 239, 4765, 151.68)",0.0
Amount_shipped,"(560, 4880, 558, 4583, 208.94)",0.0
Amount_shipped,"(560, 4880, 592, 4773, 272.69)",0.0
Amount_shipped,"(560, 4880, 303, 4682, 594.76)",0.0
Amount_shipped,"(560, 4880, 519, 4618, 758.82)",0.0
Amount_shipped,"(560, 4880, 190, 4740, 907.18)",0.0
Amount_shipped,"(560, 4880, 604, 4955, 907.45)",0.0
Amount_shipped,"(560, 4880, 334, 4799, 1285.48)",0.0
Amount_shipped,"(560, 4880, 402, 4762, 1356.12)",0.0
Amount_shipped,"(560, 4900, 604, 4556, 10.77)",0.0
Amount_shipped,"(560, 4900, 545, 4715, 11.01)",0.0
Amount_shipped,"(560, 4900, 598, 4885, 11.15)",0.0
Amount_shipped,"(560, 4900, 622, 4729, 11.5)",0.0
Amount_shipped,"(560, 4900, 136, 4692, 11.61)",0.0
Amount_shipped,"(560, 4900, 494, 4926, 11.95)",0.0
Amount_shipped,"(560, 4900, 627, 4796, 12.52)",0.0
Amount_shipped,"(560, 4900, 604, 4624, 12.57)",0.0
Amount_shipped,"(560, 4900, 497, 4720, 12.7)",0.0
Amount_shipped,"(560, 4900, 503, 4807, 16.06)",0.0
Amount_shipped,"(560, 4900, 612, 4678, 16.32)",0.0
Amount_shipped,"(560, 4900, 345, 4695, 23.25)",0.0
Amount_shipped,"(560, 4900, 696, 4535, 23.59)",0.0
Amount_shipped,"(560, 4900, 250, 4682, 28.56)",0.0
Amount_shipped,"(560, 4900, 572, 4680, 30.45)",0.0
Amount_shipped,"(560, 4900, 371, 4764, 52.72)",0.0
Amount_shipped,"(560, 4900, 312, 4747, 62.13)",0.0
Amount_shipped,"(560, 4900, 417, 4874, 76.13)",0.0
Amount_shipped,"(560, 4900, 350, 4738, 111.96)",0.0
Amount_shipped,"(560, 4900, 327, 4722, 125.89)",0.0
Amount_shipped,"(560, 4900, 555, 4937, 127.49)",0.0
Amount_shipped,"(560, 4900, 239, 4765, 151.68)",0.0
Amount_shipped,"(560, 4900, 558, 4583, 208.94)",0.0
Amount_shipped,"(560, 4900, 592, 4773, 272.69)",0.0
Amount_shipped,"(560, 4900, 303, 4682, 594.76)",0.0
Amount_shipped,"(560, 4900, 519, 4618, 758.82)",0.0
Amount_shipped,"(560, 4900, 190, 4740, 907.18)",0.0
Amount_shipped,"(560, 4900, 604, 4955, 907.45)",0.0
Amount_shipped,"(560, 4900, 334, 4799, 1285.48)",0.0
Amount_shipped,"(560, 4900, 402, 4762, 1356.12)",0.0
Amount_shipped,"(560, 4920, 604, 4556, 10.77)",0.0
Amount_shipped,"(560, 4920, 545, 4715, 11.01)",0.0
Amount_shipped,"(560, 4920, 598, 4885, 11.15)",0.0
Amount_shipped,"(560, 4920, 622, 4729, 11.5)",0.0
Amount_shipped,"(560, 4920, 136, 4692, 11.61)",0.0
Amount_shipped,"(560, 4920, 494, 4926, 11.95)",0.0
Amount_shipped,"(560, 4920, 627, 4796, 12.52)",0.0
Amount_shipped,"(560, 4920, 604, 4624, 12.57)",0.0
Amount_shipped,"(560, 4920, 497, 4720, 12.7)",0.0
Amount_shipped,"(560, 4920, 503, 4807, 16.06)",0.0
Amount_shipped,"(560, 4920, 612, 4678, 16.32)",0.0
Amount_shipped,"(560, 4920, 345, 4695, 23.25)",0.0
Amount_shipped,"(560, 4920, 696, 4535, 23.59)",0.0
Amount_shipped,"(560, 4920, 250, 4682, 28.56)",0.0
Amount_shipped,"(560, 4920, 572, 4680, 30.45)",0.0
Amount_shipped,"(560, 4920, 371, 4764, 52.72)",0.0
Amount_shipped,"(560, 4920, 312, 4747, 62.13)",0.0
Amount_shipped,"(560, 4920, 417, 4874, 76.13)",0.0
Amount_shipped,"(560, 4920, 350, 4738, 111.96)",0.0
Amount_shipped,"(560, 4920, 327, 4722, 125.89)",0.0
Amount_shipped,"(560, 4920, 555, 4937, 127.49)",0.0
Amount_shipped,"(560, 4920, 239, 4765, 151.68)",0.0
Amount_shipped,"(560, 4920, 558, 4583, 208.94)",0.0
Amount_shipped,"(560, 4920, 592, 4773, 272.69)",0.0
Amount_shipped,"(560, 4920, 303, 4682, 594.76)",0.0
Amount_shipped,"(560, 4920, 519, 4618, 758.82)",0.0
Amount_shipped,"(560, 4920, 190, 4740, 907.18)",0.0
Amount_shipped,"(560, 4920, 604, 4955, 907.45)",0.0
Amount_shipped,"(560, 4920, 334, 4799, 1285.48)",0.0
Amount_shipped,"(560, 4920, 402, 4762, 1356.12)",0.0
Amount_shipped,"(560, 4940, 604, 4556, 10.77)",0.0
Amount_shipped,"(560, 4940, 545, 4715, 11.01)",0.0
Amount_shipped,"(560, 4940, 598, 4885, 11.15)",0.0
Amount_shipped,"(560, 4940, 622, 4729, 11.5)",0.0
Amount_shipped,"(560, 4940, 136, 4692, 11.61)",0.0
Amount_shipped,"(560, 4940, 494, 4926, 11.95)",0.0
Amount_shipped,"(560, 4940, 627, 4796, 12.52)",0.0
Amount_shipped,"(560, 4940, 604, 4624, 12.57)",0.0
Amount_shipped,"(560, 4940, 497, 4720, 12.7)",0.0
Amount_shipped,"(560, 4940, 503, 4807, 16.06)",0.0
Amount_shipped,"(560, 4940, 612, 4678, 16.32)",0.0
Amount_shipped,"(560, 4940, 345, 4695, 23.25)",0.0
Amount_shipped,"(560, 4940, 696, 4535, 23.59)",0.0
Amount_shipped,"(560, 4940, 250, 4682, 28.56)",0.0
Amount_shipped,"(560, 4940, 572, 4680, 30.45)",0.0
Amount_shipped,"(560, 4940, 371, 4764, 52.72)",0.0
Amount_shipped,"(560, 4940, 312, 4747, 62.13)",0.0
Amount_shipped,"(560, 4940, 417, 4874, 76.13)",0.0
Amount_shipped,"(560, 4940, 350, 4738, 111.96)",0.0
Amount_shipped,"(560, 4940, 327, 4722, 125.89)",0.0
Amount_shipped,"(560, 4940, 555, 4937, 127.49)",0.0
Amount_shipped,"(560, 4940, 239, 4765, 151.68)",0.0
Amount_shipped,"(560, 4940, 558, 4583, 208.94)",0.0
Amount_shipped,"(560, 4940, 592, 4773, 272.69)",0.0
Amount_shipped,"(560, 4940, 303, 4682, 594.76)",0.0
Amount_shipped,"(560, 4940, 519, 4618, 758.82)",0.0
Amount_shipped,"(560, 4940, 190, 4740, 907.18)",0.0
Amount_shipped,"(560, 4940, 604, 4955, 907.45)",0.0
Amount_shipped,"(560, 4940, 334, 4799, 1285.48)",0.0
Amount_shipped,"(560, 4940, 402, 4762, 1356.12)",0.0
Amount_shipped,"(560, 4960, 604, 4556, 10.77)",0.0
Amount_shipped,"(560, 4960, 545, 4715, 11.01)",0.0
Amount_shipped,"(560, 4960, 598, 4885, 11.15)",0.0
Amount_shipped,"(560, 4960, 622, 4729, 11.5)",0.0
Amount_shipped,"(560, 4960, 136, 4692, 11.61)",0.0
Amount_shipped,"(560, 4960, 494, 4926, 11.95)",0.0
Amount_shipped,"(560, 4960, 627, 4796, 12.52)",0.0
Amount_shipped,"(560, 4960, 604, 4624, 12.57)",0.0
Amount_shipped,"(560, 4960, 497, 4720, 12.7)",0.0
Amount_shipped,"(560, 4960, 503, 4807, 16.06)",0.0
Amount_shipped,"(560, 4960, 612, 4678, 16.32)",0.0
Amount_shipped,"(560, 4960, 345, 4695, 23.25)",0.0
Amount_shipped,"(560, 4960, 696, 4535, 23.59)",0.0
Amount_shipped,"(560, 4960, 250, 4682, 28.56)",0.0
Amount_shipped,"(560, 4960, 572, 4680, 30.45)",0.0
Amount_shipped,"(560, 4960, 371, 4764, 52.72)",0.0
Amount_shipped,"(560, 4960, 312, 4747, 62.13)",0.0
Amount_shipped,"(560, 4960, 417, 4874, 76.13)",0.0
Amount_shipped,"(560, 4960, 350, 4738, 111.96)",0.0
Amount_shipped,"(560, 4960, 327, 4722, 125.89)",0.0
Amount_shipped,"(560, 4960, 555, 4937, 127.49)",0.0
Amount_shipped,"(560, 4960, 239, 4765, 151.68)",0.0
Amount_shipped,"(560, 4960, 558, 4583, 208.94)",0.0
Amount_shipped,"(560, 4960, 592, 4773, 272.69)",0.0
Amount_shipped,"(560, 4960, 303, 4682, 594.76)",0.0
Amount_shipped,"(560, 4960, 519, 4618, 758.82)",0.0
Amount_shipped,"(560, 4960, 190, 4740, 907.18)",0.0
Amount_shipped,"(560, 4960, 604, 4955, 907.45)",0.0
Amount_shipped,"(560, 4960, 334, 4799, 1285.48)",0.0
Amount_shipped,"(560, 4960, 402, 4762, 1356.12)",0.0
Amount_shipped,"(560, 4980, 604, 4556, 10.77)",0.0
Amount_shipped,"(560, 4980, 545, 4715, 11.01)",0.0
Amount_shipped,"(560, 4980, 598, 4885, 11.15)",0.0
Amount_shipped,"(560, 4980, 622, 4729, 11.5)",0.0
Amount_shipped,"(560, 4980, 136, 4692, 11.61)",0.0
Amount_shipped,"(560, 4980, 494, 4926, 11.95)",0.0
Amount_shipped,"(560, 4980, 627, 4796, 12.52)",0.0
Amount_shipped,"(560, 4980, 604, 4624, 12.57)",0.0
Amount_shipped,"(560, 4980, 497, 4720, 12.7)",0.0
Amount_shipped,"(560, 4980, 503, 4807, 16.06)",0.0
Amount_shipped,"(560, 4980, 612, 4678, 16.32)",0.0
Amount_shipped,"(560, 4980, 345, 4695, 23.25)",0.0
Amount_shipped,"(560, 4980, 696, 4535, 23.59)",0.0
Amount_shipped,"(560, 4980, 250, 4682, 28.56)",0.0
Amount_shipped,"(560, 4980, 572, 4680, 30.45)",0.0
Amount_shipped,"(560, 4980, 371, 4764, 52.72)",0.0
Amount_shipped,"(560, 4980, 312, 4747, 62.13)",0.0
Amount_shipped,"(560, 4980, 417, 4874, 76.13)",0.0
Amount_shipped,"(560, 4980, 350, 4738, 111.96)",0.0
Amount_shipped,"(560, 4980, 327, 4722, 125.89)",0.0
Amount_shipped,"(560, 4980, 555, 4937, 127.49)",0.0
Amount_shipped,"(560, 4980, 239, 4765, 151.68)",0.0
Amount_shipped,"(560, 4980, 558, 4583, 208.94)",0.0
Amount_shipped,"(560, 4980, 592, 4773, 272.69)",0.0
Amount_shipped,"(560, 4980, 303, 4682, 594.76)",0.0
Amount_shipped,"(560, 4980, 519, 4618, 758.82)",0.0
Amount_shipped,"(560, 4980, 190, 4740, 907.18)",0.0
Amount_shipped,"(560, 4980, 604, 4955, 907.45)",0.0
Amount_shipped,"(560, 4980, 334, 4799, 1285.48)",0.0
Amount_shipped,"(560, 4980, 402, 4762, 1356.12)",0.0
Amount_shipped,"(580, 4440, 604, 4556, 10.77)",0.0
Amount_shipped,"(580, 4440, 545, 4715, 11.01)",0.0
Amount_shipped,"(580, 4440, 598, 4885, 11.15)",0.0
Amount_shipped,"(580, 4440, 622, 4729, 11.5)",0.0
Amount_shipped,"(580, 4440, 136, 4692, 11.61)",0.0
Amount_shipped,"(580, 4440, 494, 4926, 11.95)",0.0
Amount_shipped,"(580, 4440, 627, 4796, 12.52)",0.0
Amount_shipped,"(580, 4440, 604, 4624, 12.57)",0.0
Amount_shipped,"(580, 4440, 497, 4720, 12.7)",0.0
Amount_shipped,"(580, 4440, 503, 4807, 16.06)",0.0
Amount_shipped,"(580, 4440, 612, 4678, 16.32)",0.0
Amount_shipped,"(580, 4440, 345, 4695, 23.25)",0.0
Amount_shipped,"(580, 4440, 696, 4535, 23.59)",0.0
Amount_shipped,"(580, 4440, 250, 4682, 28.56)",0.0
Amount_shipped,"(580, 4440, 572, 4680, 30.45)",0.0
Amount_shipped,"(580, 4440, 371, 4764, 52.72)",0.0
Amount_shipped,"(580, 4440, 312, 4747, 62.13)",0.0
Amount_shipped,"(580, 4440, 417, 4874, 76.13)",0.0
Amount_shipped,"(580, 4440, 350, 4738, 111.96)",0.0
Amount_shipped,"(580, 4440, 327, 4722, 125.89)",0.0
Amount_shipped,"(580, 4440, 555, 4937, 127.49)",0.0
Amount_shipped,"(580, 4440, 239, 4765, 151.68)",0.0
Amount_shipped,"(580, 4440, 558, 4583, 208.94)",0.0
Amount_shipped,"(580, 4440, 592, 4773, 272.69)",0.0
Amount_shipped,"(580, 4440, 303, 4682, 594.76)",0.0
Amount_shipped,"(580, 4440, 519, 4618, 758.82)",0.0
Amount_shipped,"(580, 4440, 190, 4740, 907.18)",0.0
Amount_shipped,"(580, 4440, 604, 4955, 907.45)",0.0
Amount_shipped,"(580, 4440, 334, 4799, 1285.48)",0.0
Amount_shipped,"(580, 4440, 402, 4762, 1356.12)",0.0
Amount_shipped,"(580, 4460, 604, 4556, 10.77)",0.0
Amount_shipped,"(580, 4460, 545, 4715, 11.01)",0.0
Amount_shipped,"(580, 4460, 598, 4885, 11.15)",0.0
Amount_shipped,"(580, 4460, 622, 4729, 11.5)",0.0
Amount_shipped,"(580, 4460, 136, 4692, 11.61)",0.0
Amount_shipped,"(580, 4460, 494, 4926, 11.95)",0.0
Amount_shipped,"(580, 4460, 627, 4796, 12.52)",0.0
Amount_shipped,"(580, 4460, 604, 4624, 12.57)",0.0
Amount_shipped,"(580, 4460, 497, 4720, 12.7)",0.0
Amount_shipped,"(580, 4460, 503, 4807, 16.06)",0.0
Amount_shipped,"(580, 4460, 612, 4678, 16.32)",0.0
Amount_shipped,"(580, 4460, 345, 4695, 23.25)",0.0
Amount_shipped,"(580, 4460, 696, 4535, 23.59)",0.0
Amount_shipped,"(580, 4460, 250, 4682, 28.56)",0.0
Amount_shipped,"(580, 4460, 572, 4680, 30.45)",0.0
Amount_shipped,"(580, 4460, 371, 4764, 52.72)",0.0
Amount_shipped,"(580, 4460, 312, 4747, 62.13)",0.0
Amount_shipped,"(580, 4460, 417, 4874, 76.13)",0.0
Amount_shipped,"(580, 4460, 350, 4738, 111.96)",0.0
Amount_shipped,"(580, 4460, 327, 4722, 125.89)",0.0
Amount_shipped,"(580, 4460, 555, 4937, 127.49)",0.0
Amount_shipped,"(580, 4460, 239, 4765, 151.68)",0.0
Amount_shipped,"(580, 4460, 558, 4583, 208.94)",0.0
Amount_shipped,"(580, 4460, 592, 4773, 272.69)",0.0
Amount_shipped,"(580, 4460, 303, 4682, 594.76)",0.0
Amount_shipped,"(580, 4460, 519, 4618, 758.82)",0.0
Amount_shipped,"(580, 4460, 190, 4740, 907.18)",0.0
Amount_shipped,"(580, 4460, 604, 4955, 907.45)",0.0
Amount_shipped,"(580, 4460, 334, 4799, 1285.48)",0.0
Amount_shipped,"(580, 4460, 402, 4762, 1356.12)",0.0
Amount_shipped,"(580, 4480, 604, 4556, 10.77)",0.0
Amount_shipped,"(580, 4480, 545, 4715, 11.01)",0.0
Amount_shipped,"(580, 4480, 598, 4885, 11.15)",0.0
Amount_shipped,"(580, 4480, 622, 4729, 11.5)",0.0
Amount_shipped,"(580, 4480, 136, 4692, 11.61)",0.0
Amount_shipped,"(580, 4480, 494, 4926, 11.95)",0.0
Amount_shipped,"(580, 4480, 627, 4796, 12.52)",0.0
Amount_shipped,"(580, 4480, 604, 4624, 12.57)",0.0
Amount_shipped,"(580, 4480, 497, 4720, 12.7)",0.0
Amount_shipped,"(580, 4480, 503, 4807, 16.06)",0.0
Amount_shipped,"(580, 4480, 612, 4678, 16.32)",0.0
Amount_shipped,"(580, 4480, 345, 4695, 23.25)",0.0
Amount_shipped,"(580, 4480, 696, 4535, 23.59)",0.0
Amount_shipped,"(580, 4480, 250, 4682, 28.56)",0.0
Amount_shipped,"(580, 4480, 572, 4680, 30.45)",0.0
Amount_shipped,"(580, 4480, 371, 4764, 52.72)",0.0
Amount_shipped,"(580, 4480, 312, 4747, 62.13)",0.0
Amount_shipped,"(580, 4480, 417, 4874, 76.13)",0.0
Amount_shipped,"(580, 4480, 350, 4738, 111.96)",0.0
Amount_shipped,"(580, 4480, 327, 4722, 125.89)",0.0
Amount_shipped,"(580, 4480, 555, 4937, 127.49)",0.0
Amount_shipped,"(580, 4480, 239, 4765, 151.68)",0.0
Amount_shipped,"(580, 4480, 558, 4583, 208.94)",0.0
Amount_shipped,"(580, 4480, 592, 4773, 272.69)",0.0
Amount_shipped,"(580, 4480, 303, 4682, 594.76)",0.0
Amount_shipped,"(580, 4480, 519, 4618, 758.82)",0.0
Amount_shipped,"(580, 4480, 190, 4740, 907.18)",0.0
Amount_shipped,"(580, 4480, 604, 4955, 907.45)",0.0
Amount_shipped,"(580, 4480, 334, 4799, 1285.48)",0.0
Amount_shipped,"(580, 4480, 402, 4762, 1356.12)",0.0
Amount_shipped,"(580, 4500, 604, 4556, 10.77)",0.0
Amount_shipped,"(580, 4500, 545, 4715, 11.01)",0.0
Amount_shipped,"(580, 4500, 598, 4885, 11.15)",0.0
Amount_shipped,"(580, 4500, 622, 4729, 11.5)",0.0
Amount_shipped,"(580, 4500, 136, 4692, 11.61)",0.0
Amount_shipped,"(580, 4500, 494, 4926, 11.95)",0.0
Amount_shipped,"(580, 4500, 627, 4796, 12.52)",0.0
Amount_shipped,"(580, 4500, 604, 4624, 12.57)",0.0
Amount_shipped,"(580, 4500, 497, 4720, 12.7)",0.0
Amount_shipped,"(580, 4500, 503, 4807, 16.06)",0.0
Amount_shipped,"(580, 4500, 612, 4678, 16.32)",0.0
Amount_shipped,"(580, 4500, 345, 4695, 23.25)",0.0
Amount_shipped,"(580, 4500, 696, 4535, 23.59)",0.0
Amount_shipped,"(580, 4500, 250, 4682, 28.56)",0.0
Amount_shipped,"(580, 4500, 572, 4680, 30.45)",0.0
Amount_shipped,"(580, 4500, 371, 4764, 52.72)",0.0
Amount_shipped,"(580, 4500, 312, 4747, 62.13)",0.0
Amount_shipped,"(580, 4500, 417, 4874, 76.13)",0.0
Amount_shipped,"(580, 4500, 350, 4738, 111.96)",0.0
Amount_shipped,"(580, 4500, 327, 4722, 125.89)",0.0
Amount_shipped,"(580, 4500, 555, 4937, 127.49)",0.0
Amount_shipped,"(580, 4500, 239, 4765, 151.68)",0.0
Amount_shipped,"(580, 4500, 558, 4583, 208.94)",0.0
Amount_shipped,"(580, 4500, 592, 4773, 272.69)",0.0
Amount_shipped,"(580, 4500, 303, 4682, 594.76)",0.0
Amount_shipped,"(580, 4500, 519, 4618, 758.82)",0.0
Amount_shipped,"(580, 4500, 190, 4740, 907.18)",0.0
Amount_shipped,"(580, 4500, 604, 4955, 907.45)",0.0
Amount_shipped,"(580, 4500, 334, 4799, 1285.48)",0.0
Amount_shipped,"(580, 4500, 402, 4762, 1356.12)",0.0
Amount_shipped,"(580, 4520, 604, 4556, 10.77)",0.0
Amount_shipped,"(580, 4520, 545, 4715, 11.01)",0.0
Amount_shipped,"(580, 4520, 598, 4885, 11.15)",0.0
Amount_shipped,"(580, 4520, 622, 4729, 11.5)",0.0
Amount_shipped,"(580, 4520, 136, 4692, 11.61)",0.0
Amount_shipped,"(580, 4520, 494, 4926, 11.95)",0.0
Amount_shipped,"(580, 4520, 627, 4796, 12.52)",0.0
Amount_shipped,"(580, 4520, 604, 4624, 12.57)",0.0
Amount_shipped,"(580, 4520, 497, 4720, 12.7)",0.0
Amount_shipped,"(580, 4520, 503, 4807, 16.06)",0.0
Amount_shipped,"(580, 4520, 612, 4678, 16.32)",0.0
Amount_shipped,"(580, 4520, 345, 4695, 23.25)",0.0
Amount_shipped,"(580, 4520, 696, 4535, 23.59)",0.0
Amount_shipped,"(580, 4520, 250, 4682, 28.56)",0.0
Amount_shipped,"(580, 4520, 572, 4680, 30.45)",0.0
Amount_shipped,"(580, 4520, 371, 4764, 52.72)",0.0
Amount_shipped,"(580, 4520, 312, 4747, 62.13)",0.0
Amount_shipped,"(580, 4520, 417, 4874, 76.13)",0.0
Amount_shipped,"(580, 4520, 350, 4738, 111.96)",0.0
Amount_shipped,"(580, 4520, 327, 4722, 125.89)",0.0
Amount_shipped,"(580, 4520, 555, 4937, 127.49)",0.0
Amount_shipped,"(580, 4520, 239, 4765, 151.68)",0.0
Amount_shipped,"(580, 4520, 558, 4583, 208.94)",0.0
Amount_shipped,"(580, 4520, 592, 4773, 272.69)",0.0
Amount_shipped,"(580, 4520, 303, 4682, 594.76)",0.0
Amount_shipped,"(580, 4520, 519, 4618, 758.82)",0.0
Amount_shipped,"(580, 4520, 190, 4740, 907.18)",0.0
Amount_shipped,"(580, 4520, 604, 4955, 907.45)",0.0
Amount_shipped,"(580, 4520, 334, 4799, 1285.48)",0.0
Amount_shipped,"(580, 4520, 402, 4762, 1356.12)",0.0
Amount_shipped,"(580, 4540, 604, 4556, 10.77)",0.0
Amount_shipped,"(580, 4540, 545, 4715, 11.01)",0.0
Amount_shipped,"(580, 4540, 598, 4885, 11.15)",0.0
Amount_shipped,"(580, 4540, 622, 4729, 11.5)",0.0
Amount_shipped,"(580, 4540, 136, 4692, 11.61)",0.0
Amount_shipped,"(580, 4540, 494, 4926, 11.95)",0.0
Amount_shipped,"(580, 4540, 627, 4796, 12.52)",0.0
Amount_shipped,"(580, 4540, 604, 4624, 12.57)",0.0
Amount_shipped,"(580, 4540, 497, 4720, 12.7)",0.0
Amount_shipped,"(580, 4540, 503, 4807, 16.06)",0.0
Amount_shipped,"(580, 4540, 612, 4678, 16.32)",0.0
Amount_shipped,"(580, 4540, 345, 4695, 23.25)",0.0
Amount_shipped,"(580, 4540, 696, 4535, 23.59)",0.0
Amount_shipped,"(580, 4540, 250, 4682, 28.56)",0.0
Amount_shipped,"(580, 4540, 572, 4680, 30.45)",0.0
Amount_shipped,"(580, 4540, 371, 4764, 52.72)",0.0
Amount_shipped,"(580, 4540, 312, 4747, 62.13)",0.0
Amount_shipped,"(580, 4540, 417, 4874, 76.13)",0.0
Amount_shipped,"(580, 4540, 350, 4738, 111.96)",0.0
Amount_shipped,"(580, 4540, 327, 4722, 125.89)",0.0
Amount_shipped,"(580, 4540, 555, 4937, 127.49)",0.0
Amount_shipped,"(580, 4540, 239, 4765, 151.68)",0.0
Amount_shipped,"(580, 4540, 558, 4583, 208.94)",0.0
Amount_shipped,"(580, 4540, 592, 4773, 272.69)",0.0
Amount_shipped,"(580, 4540, 303, 4682, 594.76)",0.0
Amount_shipped,"(580, 4540, 519, 4618, 758.82)",0.0
Amount_shipped,"(580, 4540, 190, 4740, 907.18)",0.0
Amount_shipped,"(580, 4540, 604, 4955, 907.45)",0.0
Amount_shipped,"(580, 4540, 334, 4799, 1285.48)",0.0
Amount_shipped,"(580, 4540, 402, 4762, 1356.12)",0.0
Amount_shipped,"(580, 4560, 604, 4556, 10.77)",0.0
Amount_shipped,"(580, 4560, 545, 4715, 11.01)",0.0
Amount_shipped,"(580, 4560, 598, 4885, 11.15)",0.0
Amount_shipped,"(580, 4560, 622, 4729, 11.5)",0.0
Amount_shipped,"(580, 4560, 136, 4692, 11.61)",0.0
Amount_shipped,"(580, 4560, 494, 4926, 11.95)",0.0
Amount_shipped,"(580, 4560, 627, 4796, 12.52)",0.0
Amount_shipped,"(580, 4560, 604, 4624, 12.57)",0.0
Amount_shipped,"(580, 4560, 497, 4720, 12.7)",0.0
Amount_shipped,"(580, 4560, 503, 4807, 16.06)",0.0
Amount_shipped,"(580, 4560, 612, 4678, 16.32)",0.0
Amount_shipped,"(580, 4560, 345, 4695, 23.25)",0.0
Amount_shipped,"(580, 4560, 696, 4535, 23.59)",0.0
Amount_shipped,"(580, 4560, 250, 4682, 28.56)",0.0
Amount_shipped,"(580, 4560, 572, 4680, 30.45)",0.0
Amount_shipped,"(580, 4560, 371, 4764, 52.72)",0.0
Amount_shipped,"(580, 4560, 312, 4747, 62.13)",0.0
Amount_shipped,"(580, 4560, 417, 4874, 76.13)",0.0
Amount_shipped,"(580, 4560, 350, 4738, 111.96)",0.0
Amount_shipped,"(580, 4560, 327, 4722, 125.89)",0.0
Amount_shipped,"(580, 4560, 555, 4937, 127.49)",0.0
Amount_shipped,"(580, 4560, 239, 4765, 151.68)",0.0
Amount_shipped,"(580, 4560, 558, 4583, 208.94)",0.0
Amount_shipped,"(580, 4560, 592, 4773, 272.69)",0.0
Amount_shipped,"(580, 4560, 303, 4682, 594.76)",0.0
Amount_shipped,"(580, 4560, 519, 4618, 758.82)",0.0
Amount_shipped,"(580, 4560, 190, 4740, 907.18)",0.0
Amount_shipped,"(580, 4560, 604, 4955, 907.45)",0.0
Amount_shipped,"(580, 4560, 334, 4799, 1285.48)",0.0
Amount_shipped,"(580, 4560, 402, 4762, 1356.12)",0.0
Amount_shipped,"(580, 4580, 604, 4556, 10.77)",0.0
Amount_shipped,"(580, 4580, 545, 4715, 11.01)",0.0
Amount_shipped,"(580, 4580, 598, 4885, 11.15)",0.0
Amount_shipped,"(580, 4580, 622, 4729, 11.5)",0.0
Amount_shipped,"(580, 4580, 136, 4692, 11.61)",0.0
Amount_shipped,"(580, 4580, 494, 4926, 11.95)",0.0
Amount_shipped,"(580, 4580, 627, 4796, 12.52)",0.0
Amount_shipped,"(580, 4580, 604, 4624, 12.57)",0.0
Amount_shipped,"(580, 4580, 497, 4720, 12.7)",0.0
Amount_shipped,"(580, 4580, 503, 4807, 16.06)",0.0
Amount_shipped,"(580, 4580, 612, 4678, 16.32)",0.0
Amount_shipped,"(580, 4580, 345, 4695, 23.25)",0.0
Amount_shipped,"(580, 4580, 696, 4535, 23.59)",0.0
Amount_shipped,"(580, 4580, 250, 4682, 28.56)",0.0
Amount_shipped,"(580, 4580, 572, 4680, 30.45)",0.0
Amount_shipped,"(580, 4580, 371, 4764, 52.72)",0.0
Amount_shipped,"(580, 4580, 312, 4747, 62.13)",0.0
Amount_shipped,"(580, 4580, 417, 4874, 76.13)",0.0
Amount_shipped,"(580, 4580, 350, 4738, 111.96)",0.0
Amount_shipped,"(580, 4580, 327, 4722, 125.89)",0.0
Amount_shipped,"(580, 4580, 555, 4937, 127.49)",0.0
Amount_shipped,"(580, 4580, 239, 4765, 151.68)",0.0
Amount_shipped,"(580, 4580, 558, 4583, 208.94)",0.0
Amount_shipped,"(580, 4580, 592, 4773, 272.69)",0.0
Amount_shipped,"(580, 4580, 303, 4682, 594.76)",0.0
Amount_shipped,"(580, 4580, 519, 4618, 758.82)",0.0
Amount_shipped,"(580, 4580, 190, 4740, 907.18)",0.0
Amount_shipped,"(580, 4580, 604, 4955, 907.45)",0.0
Amount_shipped,"(580, 4580, 334, 4799, 1285.48)",0.0
Amount_shipped,"(580, 4580, 402, 4762, 1356.12)",0.0
Amount_shipped,"(580, 4600, 604, 4556, 10.77)",0.0
Amount_shipped,"(580, 4600, 545, 4715, 11.01)",0.0
Amount_shipped,"(580, 4600, 598, 4885, 11.15)",0.0
Amount_shipped,"(580, 4600, 622, 4729, 11.5)",0.0
Amount_shipped,"(580, 4600, 136, 4692, 11.61)",0.0
Amount_shipped,"(580, 4600, 494, 4926, 11.95)",0.0
Amount_shipped,"(580, 4600, 627, 4796, 12.52)",0.0
Amount_shipped,"(580, 4600, 604, 4624, 12.57)",0.0
Amount_shipped,"(580, 4600, 497, 4720, 12.7)",0.0
Amount_shipped,"(580, 4600, 503, 4807, 16.06)",0.0
Amount_shipped,"(580, 4600, 612, 4678, 16.32)",0.0
Amount_shipped,"(580, 4600, 345, 4695, 23.25)",0.0
Amount_shipped,"(580, 4600, 696, 4535, 23.59)",0.0
Amount_shipped,"(580, 4600, 250, 4682, 28.56)",0.0
Amount_shipped,"(580, 4600, 572, 4680, 30.45)",0.0
Amount_shipped,"(580, 4600, 371, 4764, 52.72)",0.0
Amount_shipped,"(580, 4600, 312, 4747, 62.13)",0.0
Amount_shipped,"(580, 4600, 417, 4874, 76.13)",0.0
Amount_shipped,"(580, 4600, 350, 4738, 111.96)",0.0
Amount_shipped,"(580, 4600, 327, 4722, 125.89)",0.0
Amount_shipped,"(580, 4600, 555, 4937, 127.49)",0.0
Amount_shipped,"(580, 4600, 239, 4765, 151.68)",0.0
Amount_shipped,"(580, 4600, 558, 4583, 208.94)",0.0
Amount_shipped,"(580, 4600, 592, 4773, 272.69)",0.0
Amount_shipped,"(580, 4600, 303, 4682, 594.76)",0.0
Amount_shipped,"(580, 4600, 519, 4618, 758.82)",0.0
Amount_shipped,"(580, 4600, 190, 4740, 907.18)",0.0
Amount_shipped,"(580, 4600, 604, 4955, 907.45)",0.0
Amount_shipped,"(580, 4600, 334, 4799, 1285.48)",0.0
Amount_shipped,"(580, 4600, 402, 4762, 1356.12)",0.0
Amount_shipped,"(580, 4620, 604, 4556, 10.77)",0.0
Amount_shipped,"(580, 4620, 545, 4715, 11.01)",0.0
Amount_shipped,"(580, 4620, 598, 4885, 11.15)",0.0
Amount_shipped,"(580, 4620, 622, 4729, 11.5)",0.0
Amount_shipped,"(580, 4620, 136, 4692, 11.61)",0.0
Amount_shipped,"(580, 4620, 494, 4926, 11.95)",0.0
Amount_shipped,"(580, 4620, 627, 4796, 12.52)",0.0
Amount_shipped,"(580, 4620, 604, 4624, 12.57)",0.0
Amount_shipped,"(580, 4620, 497, 4720, 12.7)",0.0
Amount_shipped,"(580, 4620, 503, 4807, 16.06)",0.0
Amount_shipped,"(580, 4620, 612, 4678, 16.32)",0.0
Amount_shipped,"(580, 4620, 345, 4695, 23.25)",0.0
Amount_shipped,"(580, 4620, 696, 4535, 23.59)",0.0
Amount_shipped,"(580, 4620, 250, 4682, 28.56)",0.0
Amount_shipped,"(580, 4620, 572, 4680, 30.45)",0.0
Amount_shipped,"(580, 4620, 371, 4764, 52.72)",0.0
Amount_shipped,"(580, 4620, 312, 4747, 62.13)",0.0
Amount_shipped,"(580, 4620, 417, 4874, 76.13)",0.0
Amount_shipped,"(580, 4620, 350, 4738, 111.96)",0.0
Amount_shipped,"(580, 4620, 327, 4722, 125.89)",0.0
Amount_shipped,"(580, 4620, 555, 4937, 127.49)",0.0
Amount_shipped,"(580, 4620, 239, 4765, 151.68)",0.0
Amount_shipped,"(580, 4620, 558, 4583, 208.94)",0.0
Amount_shipped,"(580, 4620, 592, 4773, 272.69)",0.0
Amount_shipped,"(580, 4620, 303, 4682, 594.76)",0.0
Amount_shipped,"(580, 4620, 519, 4618, 758.82)",0.0
Amount_shipped,"(580, 4620, 190, 4740, 907.18)",0.0
Amount_shipped,"(580, 4620, 604, 4955, 907.45)",0.0
Amount_shipped,"(580, 4620, 334, 4799, 1285.48)",0.0
Amount_shipped,"(580, 4620, 402, 4762, 1356.12)",0.0
Amount_shipped,"(580, 4640, 604, 4556, 10.77)",0.0
Amount_shipped,"(580, 4640, 545, 4715, 11.01)",0.0
Amount_shipped,"(580, 4640, 598, 4885, 11.15)",0.0
Amount_shipped,"(580, 4640, 622, 4729, 11.5)",0.0
Amount_shipped,"(580, 4640, 136, 4692, 11.61)",0.0
Amount_shipped,"(580, 4640, 494, 4926, 11.95)",0.0
Amount_shipped,"(580, 4640, 627, 4796, 12.52)",0.0
Amount_shipped,"(580, 4640, 604, 4624, 12.57)",0.0
Amount_shipped,"(580, 4640, 497, 4720, 12.7)",0.0
Amount_shipped,"(580, 4640, 503, 4807, 16.06)",0.0
Amount_shipped,"(580, 4640, 612, 4678, 16.32)",0.0
Amount_shipped,"(580, 4640, 345, 4695, 23.25)",0.0
Amount_shipped,"(580, 4640, 696, 4535, 23.59)",0.0
Amount_shipped,"(580, 4640, 250, 4682, 28.56)",0.0
Amount_shipped,"(580, 4640, 572, 4680, 30.45)",0.0
Amount_shipped,"(580, 4640, 371, 4764, 52.72)",0.0
Amount_shipped,"(580, 4640, 312, 4747, 62.13)",0.0
Amount_shipped,"(580, 4640, 417, 4874, 76.13)",0.0
Amount_shipped,"(580, 4640, 350, 4738, 111.96)",0.0
Amount_shipped,"(580, 4640, 327, 4722, 125.89)",0.0
Amount_shipped,"(580, 4640, 555, 4937, 127.49)",0.0
Amount_shipped,"(580, 4640, 239, 4765, 151.68)",0.0
Amount_shipped,"(580, 4640, 558, 4583, 208.94)",0.0
Amount_shipped,"(580, 4640, 592, 4773, 272.69)",0.0
Amount_shipped,"(580, 4640, 303, 4682, 594.76)",0.0
Amount_shipped,"(580, 4640, 519, 4618, 758.82)",0.0
Amount_shipped,"(580, 4640, 190, 4740, 907.18)",0.0
Amount_shipped,"(580, 4640, 604, 4955, 907.45)",0.0
Amount_shipped,"(580, 4640, 334, 4799, 1285.48)",0.0
Amount_shipped,"(580, 4640, 402, 4762, 1356.12)",0.0
Amount_shipped,"(580, 4660, 604, 4556, 10.77)",0.0
Amount_shipped,"(580, 4660, 545, 4715, 11.01)",0.0
Amount_shipped,"(580, 4660, 598, 4885, 11.15)",0.0
Amount_shipped,"(580, 4660, 622, 4729, 11.5)",0.0
Amount_shipped,"(580, 4660, 136, 4692, 11.61)",0.0
Amount_shipped,"(580, 4660, 494, 4926, 11.95)",0.0
Amount_shipped,"(580, 4660, 627, 4796, 12.52)",0.0
Amount_shipped,"(580, 4660, 604, 4624, 12.57)",0.0
Amount_shipped,"(580, 4660, 497, 4720, 12.7)",0.0
Amount_shipped,"(580, 4660, 503, 4807, 16.06)",0.0
Amount_shipped,"(580, 4660, 612, 4678, 16.32)",0.0
Amount_shipped,"(580, 4660, 345, 4695, 23.25)",0.0
Amount_shipped,"(580, 4660, 696, 4535, 23.59)",0.0
Amount_shipped,"(580, 4660, 250, 4682, 28.56)",0.0
Amount_shipped,"(580, 4660, 572, 4680, 30.45)",0.0
Amount_shipped,"(580, 4660, 371, 4764, 52.72)",0.0
Amount_shipped,"(580, 4660, 312, 4747, 62.13)",0.0
Amount_shipped,"(580, 4660, 417, 4874, 76.13)",0.0
Amount_shipped,"(580, 4660, 350, 4738, 111.96)",0.0
Amount_shipped,"(580, 4660, 327, 4722, 125.89)",0.0
Amount_shipped,"(580, 4660, 555, 4937, 127.49)",0.0
Amount_shipped,"(580, 4660, 239, 4765, 151.68)",0.0
Amount_shipped,"(580, 4660, 558, 4583, 208.94)",0.0
Amount_shipped,"(580, 4660, 592, 4773, 272.69)",0.0
Amount_shipped,"(580, 4660, 303, 4682, 594.76)",0.0
Amount_shipped,"(580, 4660, 519, 4618, 758.82)",0.0
Amount_shipped,"(580, 4660, 190, 4740, 907.18)",0.0
Amount_shipped,"(580, 4660, 604, 4955, 907.45)",0.0
Amount_shipped,"(580, 4660, 334, 4799, 1285.48)",0.0
Amount_shipped,"(580, 4660, 402, 4762, 1356.12)",0.0
Amount_shipped,"(580, 4680, 604, 4556, 10.77)",0.0
Amount_shipped,"(580, 4680, 545, 4715, 11.01)",0.0
Amount_shipped,"(580, 4680, 598, 4885, 11.15)",0.0
Amount_shipped,"(580, 4680, 622, 4729, 11.5)",0.0
Amount_shipped,"(580, 4680, 136, 4692, 11.61)",0.0
Amount_shipped,"(580, 4680, 494, 4926, 11.95)",0.0
Amount_shipped,"(580, 4680, 627, 4796, 12.52)",0.0
Amount_shipped,"(580, 4680, 604, 4624, 12.57)",0.0
Amount_shipped,"(580, 4680, 497, 4720, 12.7)",0.0
Amount_shipped,"(580, 4680, 503, 4807, 16.06)",0.0
Amount_shipped,"(580, 4680, 612, 4678, 16.32)",0.0
Amount_shipped,"(580, 4680, 345, 4695, 23.25)",0.0
Amount_shipped,"(580, 4680, 696, 4535, 23.59)",0.0
Amount_shipped,"(580, 4680, 250, 4682, 28.56)",0.0
Amount_shipped,"(580, 4680, 572, 4680, 30.45)",0.0
Amount_shipped,"(580, 4680, 371, 4764, 52.72)",0.0
Amount_shipped,"(580, 4680, 312, 4747, 62.13)",0.0
Amount_shipped,"(580, 4680, 417, 4874, 76.13)",0.0
Amount_shipped,"(580, 4680, 350, 4738, 111.96)",0.0
Amount_shipped,"(580, 4680, 327, 4722, 125.89)",0.0
Amount_shipped,"(580, 4680, 555, 4937, 127.49)",0.0
Amount_shipped,"(580, 4680, 239, 4765, 151.68)",0.0
Amount_shipped,"(580, 4680, 558, 4583, 208.94)",0.0
Amount_shipped,"(580, 4680, 592, 4773, 272.69)",0.0
Amount_shipped,"(580, 4680, 303, 4682, 594.76)",0.0
Amount_shipped,"(580, 4680, 519, 4618, 758.82)",0.0
Amount_shipped,"(580, 4680, 190, 4740, 907.18)",0.0
Amount_shipped,"(580, 4680, 604, 4955, 907.45)",0.0
Amount_shipped,"(580, 4680, 334, 4799, 1285.48)",0.0
Amount_shipped,"(580, 4680, 402, 4762, 1356.12)",0.0
Amount_shipped,"(580, 4700, 604, 4556, 10.77)",0.0
Amount_shipped,"(580, 4700, 545, 4715, 11.01)",0.0
Amount_shipped,"(580, 4700, 598, 4885, 11.15)",0.0
Amount_shipped,"(580, 4700, 622, 4729, 11.5)",0.0
Amount_shipped,"(580, 4700, 136, 4692, 11.61)",0.0
Amount_shipped,"(580, 4700, 494, 4926, 11.95)",0.0
Amount_shipped,"(580, 4700, 627, 4796, 12.52)",0.0
Amount_shipped,"(580, 4700, 604, 4624, 12.57)",0.0
Amount_shipped,"(580, 4700, 497, 4720, 12.7)",0.0
Amount_shipped,"(580, 4700, 503, 4807, 16.06)",0.0
Amount_shipped,"(580, 4700, 612, 4678, 16.32)",0.0
Amount_shipped,"(580, 4700, 345, 4695, 23.25)",0.0
Amount_shipped,"(580, 4700, 696, 4535, 23.59)",0.0
Amount_shipped,"(580, 4700, 250, 4682, 28.56)",0.0
Amount_shipped,"(580, 4700, 572, 4680, 30.45)",0.0
Amount_shipped,"(580, 4700, 371, 4764, 52.72)",0.0
Amount_shipped,"(580, 4700, 312, 4747, 62.13)",0.0
Amount_shipped,"(580, 4700, 417, 4874, 76.13)",0.0
Amount_shipped,"(580, 4700, 350, 4738, 111.96)",0.0
Amount_shipped,"(580, 4700, 327, 4722, 125.89)",0.0
Amount_shipped,"(580, 4700, 555, 4937, 127.49)",0.0
Amount_shipped,"(580, 4700, 239, 4765, 151.68)",0.0
Amount_shipped,"(580, 4700, 558, 4583, 208.94)",0.0
Amount_shipped,"(580, 4700, 592, 4773, 272.69)",0.0
Amount_shipped,"(580, 4700, 303, 4682, 594.76)",0.0
Amount_shipped,"(580, 4700, 519, 4618, 758.82)",0.0
Amount_shipped,"(580, 4700, 190, 4740, 907.18)",0.0
Amount_shipped,"(580, 4700, 604, 4955, 907.45)",0.0
Amount_shipped,"(580, 4700, 334, 4799, 1285.48)",0.0
Amount_shipped,"(580, 4700, 402, 4762, 1356.12)",0.0
Amount_shipped,"(580, 4720, 604, 4556, 10.77)",0.0
Amount_shipped,"(580, 4720, 545, 4715, 11.01)",0.0
Amount_shipped,"(580, 4720, 598, 4885, 11.15)",0.0
Amount_shipped,"(580, 4720, 622, 4729, 11.5)",0.0
Amount_shipped,"(580, 4720, 136, 4692, 11.61)",0.0
Amount_shipped,"(580, 4720, 494, 4926, 11.95)",0.0
Amount_shipped,"(580, 4720, 627, 4796, 12.52)",0.0
Amount_shipped,"(580, 4720, 604, 4624, 12.57)",0.0
Amount_shipped,"(580, 4720, 497, 4720, 12.7)",0.0
Amount_shipped,"(580, 4720, 503, 4807, 16.06)",0.0
Amount_shipped,"(580, 4720, 612, 4678, 16.32)",0.0
Amount_shipped,"(580, 4720, 345, 4695, 23.25)",0.0
Amount_shipped,"(580, 4720, 696, 4535, 23.59)",0.0
Amount_shipped,"(580, 4720, 250, 4682, 28.56)",0.0
Amount_shipped,"(580, 4720, 572, 4680, 30.45)",0.0
Amount_shipped,"(580, 4720, 371, 4764, 52.72)",0.0
Amount_shipped,"(580, 4720, 312, 4747, 62.13)",0.0
Amount_shipped,"(580, 4720, 417, 4874, 76.13)",0.0
Amount_shipped,"(580, 4720, 350, 4738, 111.96)",0.0
Amount_shipped,"(580, 4720, 327, 4722, 125.89)",0.0
Amount_shipped,"(580, 4720, 555, 4937, 127.49)",0.0
Amount_shipped,"(580, 4720, 239, 4765, 151.68)",0.0
Amount_shipped,"(580, 4720, 558, 4583, 208.94)",0.0
Amount_shipped,"(580, 4720, 592, 4773, 272.69)",0.0
Amount_shipped,"(580, 4720, 303, 4682, 594.76)",0.0
Amount_shipped,"(580, 4720, 519, 4618, 758.82)",0.0
Amount_shipped,"(580, 4720, 190, 4740, 907.18)",0.0
Amount_shipped,"(580, 4720, 604, 4955, 907.45)",0.0
Amount_shipped,"(580, 4720, 334, 4799, 1285.48)",0.0
Amount_shipped,"(580, 4720, 402, 4762, 1356.12)",0.0
Amount_shipped,"(580, 4740, 604, 4556, 10.77)",0.0
Amount_shipped,"(580, 4740, 545, 4715, 11.01)",0.0
Amount_shipped,"(580, 4740, 598, 4885, 11.15)",0.0
Amount_shipped,"(580, 4740, 622, 4729, 11.5)",0.0
Amount_shipped,"(580, 4740, 136, 4692, 11.61)",0.0
Amount_shipped,"(580, 4740, 494, 4926, 11.95)",0.0
Amount_shipped,"(580, 4740, 627, 4796, 12.52)",0.0
Amount_shipped,"(580, 4740, 604, 4624, 12.57)",0.0
Amount_shipped,"(580, 4740, 497, 4720, 12.7)",0.0
Amount_shipped,"(580, 4740, 503, 4807, 16.06)",0.0
Amount_shipped,"(580, 4740, 612, 4678, 16.32)",0.0
Amount_shipped,"(580, 4740, 345, 4695, 23.25)",0.0
Amount_shipped,"(580, 4740, 696, 4535, 23.59)",0.0
Amount_shipped,"(580, 4740, 250, 4682, 28.56)",0.0
Amount_shipped,"(580, 4740, 572, 4680, 30.45)",0.0
Amount_shipped,"(580, 4740, 371, 4764, 52.72)",0.0
Amount_shipped,"(580, 4740, 312, 4747, 62.13)",0.0
Amount_shipped,"(580, 4740, 417, 4874, 76.13)",0.0
Amount_shipped,"(580, 4740, 350, 4738, 111.96)",0.0
Amount_shipped,"(580, 4740, 327, 4722, 125.89)",0.0
Amount_shipped,"(580, 4740, 555, 4937, 127.49)",0.0
Amount_shipped,"(580, 4740, 239, 4765, 151.68)",0.0
Amount_shipped,"(580, 4740, 558, 4583, 208.94)",0.0
Amount_shipped,"(580, 4740, 592, 4773, 272.69)",0.0
Amount_shipped,"(580, 4740, 303, 4682, 594.76)",0.0
Amount_shipped,"(580, 4740, 519, 4618, 758.82)",0.0
Amount_shipped,"(580, 4740, 190, 4740, 907.18)",0.0
Amount_shipped,"(580, 4740, 604, 4955, 907.45)",0.0
Amount_shipped,"(580, 4740, 334, 4799, 1285.48)",0.0
Amount_shipped,"(580, 4740, 402, 4762, 1356.12)",0.0
Amount_shipped,"(580, 4760, 604, 4556, 10.77)",0.0
Amount_shipped,"(580, 4760, 545, 4715, 11.01)",0.0
Amount_shipped,"(580, 4760, 598, 4885, 11.15)",0.0
Amount_shipped,"(580, 4760, 622, 4729, 11.5)",0.0
Amount_shipped,"(580, 4760, 136, 4692, 11.61)",0.0
Amount_shipped,"(580, 4760, 494, 4926, 11.95)",0.0
Amount_shipped,"(580, 4760, 627, 4796, 12.52)",0.0
Amount_shipped,"(580, 4760, 604, 4624, 12.57)",0.0
Amount_shipped,"(580, 4760, 497, 4720, 12.7)",0.0
Amount_shipped,"(580, 4760, 503, 4807, 16.06)",0.0
Amount_shipped,"(580, 4760, 612, 4678, 16.32)",0.0
Amount_shipped,"(580, 4760, 345, 4695, 23.25)",0.0
Amount_shipped,"(580, 4760, 696, 4535, 23.59)",0.0
Amount_shipped,"(580, 4760, 250, 4682, 28.56)",0.0
Amount_shipped,"(580, 4760, 572, 4680, 30.45)",0.0
Amount_shipped,"(580, 4760, 371, 4764, 52.72)",0.0
Amount_shipped,"(580, 4760, 312, 4747, 62.13)",0.0
Amount_shipped,"(580, 4760, 417, 4874, 76.13)",0.0
Amount_shipped,"(580, 4760, 350, 4738, 111.96)",0.0
Amount_shipped,"(580, 4760, 327, 4722, 125.89)",0.0
Amount_shipped,"(580, 4760, 555, 4937, 127.49)",0.0
Amount_shipped,"(580, 4760, 239, 4765, 151.68)",0.0
Amount_shipped,"(580, 4760, 558, 4583, 208.94)",0.0
Amount_shipped,"(580, 4760, 592, 4773, 272.69)",0.0
Amount_shipped,"(580, 4760, 303, 4682, 594.76)",0.0
Amount_shipped,"(580, 4760, 519, 4618, 758.82)",0.0
Amount_shipped,"(580, 4760, 190, 4740, 907.18)",0.0
Amount_shipped,"(580, 4760, 604, 4955, 907.45)",0.0
Amount_shipped,"(580, 4760, 334, 4799, 1285.48)",0.0
Amount_shipped,"(580, 4760, 402, 4762, 1356.12)",0.0
Amount_shipped,"(580, 4780, 604, 4556, 10.77)",0.0
Amount_shipped,"(580, 4780, 545, 4715, 11.01)",0.0
Amount_shipped,"(580, 4780, 598, 4885, 11.15)",0.0
Amount_shipped,"(580, 4780, 622, 4729, 11.5)",0.0
Amount_shipped,"(580, 4780, 136, 4692, 11.61)",0.0
Amount_shipped,"(580, 4780, 494, 4926, 11.95)",0.0
Amount_shipped,"(580, 4780, 627, 4796, 12.52)",0.0
Amount_shipped,"(580, 4780, 604, 4624, 12.57)",0.0
Amount_shipped,"(580, 4780, 497, 4720, 12.7)",0.0
Amount_shipped,"(580, 4780, 503, 4807, 16.06)",0.0
Amount_shipped,"(580, 4780, 612, 4678, 16.32)",0.0
Amount_shipped,"(580, 4780, 345, 4695, 23.25)",0.0
Amount_shipped,"(580, 4780, 696, 4535, 23.59)",0.0
Amount_shipped,"(580, 4780, 250, 4682, 28.56)",0.0
Amount_shipped,"(580, 4780, 572, 4680, 30.45)",0.0
Amount_shipped,"(580, 4780, 371, 4764, 52.72)",0.0
Amount_shipped,"(580, 4780, 312, 4747, 62.13)",0.0
Amount_shipped,"(580, 4780, 417, 4874, 76.13)",0.0
Amount_shipped,"(580, 4780, 350, 4738, 111.96)",0.0
Amount_shipped,"(580, 4780, 327, 4722, 125.89)",0.0
Amount_shipped,"(580, 4780, 555, 4937, 127.49)",0.0
Amount_shipped,"(580, 4780, 239, 4765, 151.68)",0.0
Amount_shipped,"(580, 4780, 558, 4583, 208.94)",0.0
Amount_shipped,"(580, 4780, 592, 4773, 272.69)",0.0
Amount_shipped,"(580, 4780, 303, 4682, 594.76)",0.0
Amount_shipped,"(580, 4780, 519, 4618, 758.82)",0.0
Amount_shipped,"(580, 4780, 190, 4740, 907.18)",0.0
Amount_shipped,"(580, 4780, 604, 4955, 907.45)",0.0
Amount_shipped,"(580, 4780, 334, 4799, 1285.48)",0.0
Amount_shipped,"(580, 4780, 402, 4762, 1356.12)",0.0
Amount_shipped,"(580, 4800, 604, 4556, 10.77)",0.0
Amount_shipped,"(580, 4800, 545, 4715, 11.01)",0.0
Amount_shipped,"(580, 4800, 598, 4885, 11.15)",0.0
Amount_shipped,"(580, 4800, 622, 4729, 11.5)",0.0
Amount_shipped,"(580, 4800, 136, 4692, 11.61)",0.0
Amount_shipped,"(580, 4800, 494, 4926, 11.95)",0.0
Amount_shipped,"(580, 4800, 627, 4796, 12.52)",0.0
Amount_shipped,"(580, 4800, 604, 4624, 12.57)",0.0
Amount_shipped,"(580, 4800, 497, 4720, 12.7)",0.0
Amount_shipped,"(580, 4800, 503, 4807, 16.06)",0.0
Amount_shipped,"(580, 4800, 612, 4678, 16.32)",0.0
Amount_shipped,"(580, 4800, 345, 4695, 23.25)",0.0
Amount_shipped,"(580, 4800, 696, 4535, 23.59)",0.0
Amount_shipped,"(580, 4800, 250, 4682, 28.56)",0.0
Amount_shipped,"(580, 4800, 572, 4680, 30.45)",0.0
Amount_shipped,"(580, 4800, 371, 4764, 52.72)",0.0
Amount_shipped,"(580, 4800, 312, 4747, 62.13)",0.0
Amount_shipped,"(580, 4800, 417, 4874, 76.13)",0.0
Amount_shipped,"(580, 4800, 350, 4738, 111.96)",0.0
Amount_shipped,"(580, 4800, 327, 4722, 125.89)",0.0
Amount_shipped,"(580, 4800, 555, 4937, 127.49)",0.0
Amount_shipped,"(580, 4800, 239, 4765, 151.68)",0.0
Amount_shipped,"(580, 4800, 558, 4583, 208.94)",0.0
Amount_shipped,"(580, 4800, 592, 4773, 272.69)",0.0
Amount_shipped,"(580, 4800, 303, 4682, 594.76)",0.0
Amount_shipped,"(580, 4800, 519, 4618, 758.82)",0.0
Amount_shipped,"(580, 4800, 190, 4740, 907.18)",0.0
Amount_shipped,"(580, 4800, 604, 4955, 907.45)",0.0
Amount_shipped,"(580, 4800, 334, 4799, 1285.48)",0.0
Amount_shipped,"(580, 4800, 402, 4762, 1356.12)",0.0
Amount_shipped,"(580, 4820, 604, 4556, 10.77)",0.0
Amount_shipped,"(580, 4820, 545, 4715, 11.01)",0.0
Amount_shipped,"(580, 4820, 598, 4885, 11.15)",0.0
Amount_shipped,"(580, 4820, 622, 4729, 11.5)",0.0
Amount_shipped,"(580, 4820, 136, 4692, 11.61)",0.0
Amount_shipped,"(580, 4820, 494, 4926, 11.95)",0.0
Amount_shipped,"(580, 4820, 627, 4796, 12.52)",0.0
Amount_shipped,"(580, 4820, 604, 4624, 12.57)",0.0
Amount_shipped,"(580, 4820, 497, 4720, 12.7)",0.0
Amount_shipped,"(580, 4820, 503, 4807, 16.06)",0.0
Amount_shipped,"(580, 4820, 612, 4678, 16.32)",0.0
Amount_shipped,"(580, 4820, 345, 4695, 23.25)",0.0
Amount_shipped,"(580, 4820, 696, 4535, 23.59)",0.0
Amount_shipped,"(580, 4820, 250, 4682, 28.56)",0.0
Amount_shipped,"(580, 4820, 572, 4680, 30.45)",0.0
Amount_shipped,"(580, 4820, 371, 4764, 52.72)",0.0
Amount_shipped,"(580, 4820, 312, 4747, 62.13)",0.0
Amount_shipped,"(580, 4820, 417, 4874, 76.13)",0.0
Amount_shipped,"(580, 4820, 350, 4738, 111.96)",0.0
Amount_shipped,"(580, 4820, 327, 4722, 125.89)",0.0
Amount_shipped,"(580, 4820, 555, 4937, 127.49)",0.0
Amount_shipped,"(580, 4820, 239, 4765, 151.68)",0.0
Amount_shipped,"(580, 4820, 558, 4583, 208.94)",0.0
Amount_shipped,"(580, 4820, 592, 4773, 272.69)",0.0
Amount_shipped,"(580, 4820, 303, 4682, 594.76)",0.0
Amount_shipped,"(580, 4820, 519, 4618, 758.82)",0.0
Amount_shipped,"(580, 4820, 190, 4740, 907.18)",0.0
Amount_shipped,"(580, 4820, 604, 4955, 907.45)",0.0
Amount_shipped,"(580, 4820, 334, 4799, 1285.48)",0.0
Amount_shipped,"(580, 4820, 402, 4762, 1356.12)",0.0
Amount_shipped,"(580, 4840, 604, 4556, 10.77)",0.0
Amount_shipped,"(580, 4840, 545, 4715, 11.01)",0.0
Amount_shipped,"(580, 4840, 598, 4885, 11.15)",0.0
Amount_shipped,"(580, 4840, 622, 4729, 11.5)",0.0
Amount_shipped,"(580, 4840, 136, 4692, 11.61)",0.0
Amount_shipped,"(580, 4840, 494, 4926, 11.95)",0.0
Amount_shipped,"(580, 4840, 627, 4796, 12.52)",0.0
Amount_shipped,"(580, 4840, 604, 4624, 12.57)",0.0
Amount_shipped,"(580, 4840, 497, 4720, 12.7)",0.0
Amount_shipped,"(580, 4840, 503, 4807, 16.06)",0.0
Amount_shipped,"(580, 4840, 612, 4678, 16.32)",0.0
Amount_shipped,"(580, 4840, 345, 4695, 23.25)",0.0
Amount_shipped,"(580, 4840, 696, 4535, 23.59)",0.0
Amount_shipped,"(580, 4840, 250, 4682, 28.56)",0.0
Amount_shipped,"(580, 4840, 572, 4680, 30.45)",0.0
Amount_shipped,"(580, 4840, 371, 4764, 52.72)",0.0
Amount_shipped,"(580, 4840, 312, 4747, 62.13)",0.0
Amount_shipped,"(580, 4840, 417, 4874, 76.13)",0.0
Amount_shipped,"(580, 4840, 350, 4738, 111.96)",0.0
Amount_shipped,"(580, 4840, 327, 4722, 125.89)",0.0
Amount_shipped,"(580, 4840, 555, 4937, 127.49)",0.0
Amount_shipped,"(580, 4840, 239, 4765, 151.68)",0.0
Amount_shipped,"(580, 4840, 558, 4583, 208.94)",0.0
Amount_shipped,"(580, 4840, 592, 4773, 272.69)",0.0
Amount_shipped,"(580, 4840, 303, 4682, 594.76)",0.0
Amount_shipped,"(580, 4840, 519, 4618, 758.82)",0.0
Amount_shipped,"(580, 4840, 190, 4740, 907.18)",0.0
Amount_shipped,"(580, 4840, 604, 4955, 907.45)",0.0
Amount_shipped,"(580, 4840, 334, 4799, 1285.48)",0.0
Amount_shipped,"(580, 4840, 402, 4762, 1356.12)",0.0
Amount_shipped,"(580, 4860, 604, 4556, 10.77)",0.0
Amount_shipped,"(580, 4860, 545, 4715, 11.01)",0.0
Amount_shipped,"(580, 4860, 598, 4885, 11.15)",0.0
Amount_shipped,"(580, 4860, 622, 4729, 11.5)",0.0
Amount_shipped,"(580, 4860, 136, 4692, 11.61)",0.0
Amount_shipped,"(580, 4860, 494, 4926, 11.95)",0.0
Amount_shipped,"(580, 4860, 627, 4796, 12.52)",0.0
Amount_shipped,"(580, 4860, 604, 4624, 12.57)",0.0
Amount_shipped,"(580, 4860, 497, 4720, 12.7)",0.0
Amount_shipped,"(580, 4860, 503, 4807, 16.06)",0.0
Amount_shipped,"(580, 4860, 612, 4678, 16.32)",0.0
Amount_shipped,"(580, 4860, 345, 4695, 23.25)",0.0
Amount_shipped,"(580, 4860, 696, 4535, 23.59)",0.0
Amount_shipped,"(580, 4860, 250, 4682, 28.56)",0.0
Amount_shipped,"(580, 4860, 572, 4680, 30.45)",0.0
Amount_shipped,"(580, 4860, 371, 4764, 52.72)",0.0
Amount_shipped,"(580, 4860, 312, 4747, 62.13)",0.0
Amount_shipped,"(580, 4860, 417, 4874, 76.13)",0.0
Amount_shipped,"(580, 4860, 350, 4738, 111.96)",0.0
Amount_shipped,"(580, 4860, 327, 4722, 125.89)",0.0
Amount_shipped,"(580, 4860, 555, 4937, 127.49)",0.0
Amount_shipped,"(580, 4860, 239, 4765, 151.68)",0.0
Amount_shipped,"(580, 4860, 558, 4583, 208.94)",0.0
Amount_shipped,"(580, 4860, 592, 4773, 272.69)",0.0
Amount_shipped,"(580, 4860, 303, 4682, 594.76)",0.0
Amount_shipped,"(580, 4860, 519, 4618, 758.82)",0.0
Amount_shipped,"(580, 4860, 190, 4740, 907.18)",0.0
Amount_shipped,"(580, 4860, 604, 4955, 907.45)",0.0
Amount_shipped,"(580, 4860, 334, 4799, 1285.48)",0.0
Amount_shipped,"(580, 4860, 402, 4762, 1356.12)",0.0
Amount_shipped,"(580, 4880, 604, 4556, 10.77)",0.0
Amount_shipped,"(580, 4880, 545, 4715, 11.01)",0.0
Amount_shipped,"(580, 4880, 598, 4885, 11.15)",0.0
Amount_shipped,"(580, 4880, 622, 4729, 11.5)",0.0
Amount_shipped,"(580, 4880, 136, 4692, 11.61)",0.0
Amount_shipped,"(580, 4880, 494, 4926, 11.95)",0.0
Amount_shipped,"(580, 4880, 627, 4796, 12.52)",0.0
Amount_shipped,"(580, 4880, 604, 4624, 12.57)",0.0
Amount_shipped,"(580, 4880, 497, 4720, 12.7)",0.0
Amount_shipped,"(580, 4880, 503, 4807, 16.06)",0.0
Amount_shipped,"(580, 4880, 612, 4678, 16.32)",0.0
Amount_shipped,"(580, 4880, 345, 4695, 23.25)",0.0
Amount_shipped,"(580, 4880, 696, 4535, 23.59)",0.0
Amount_shipped,"(580, 4880, 250, 4682, 28.56)",0.0
Amount_shipped,"(580, 4880, 572, 4680, 30.45)",0.0
Amount_shipped,"(580, 4880, 371, 4764, 52.72)",0.0
Amount_shipped,"(580, 4880, 312, 4747, 62.13)",0.0
Amount_shipped,"(580, 4880, 417, 4874, 76.13)",0.0
Amount_shipped,"(580, 4880, 350, 4738, 111.96)",0.0
Amount_shipped,"(580, 4880, 327, 4722, 125.89)",0.0
Amount_shipped,"(580, 4880, 555, 4937, 127.49)",0.0
Amount_shipped,"(580, 4880, 239, 4765, 151.68)",0.0
Amount_shipped,"(580, 4880, 558, 4583, 208.94)",0.0
Amount_shipped,"(580, 4880, 592, 4773, 272.69)",0.0
Amount_shipped,"(580, 4880, 303, 4682, 594.76)",0.0
Amount_shipped,"(580, 4880, 519, 4618, 758.82)",0.0
Amount_shipped,"(580, 4880, 190, 4740, 907.18)",0.0
Amount_shipped,"(580, 4880, 604, 4955, 907.45)",0.0
Amount_shipped,"(580, 4880, 334, 4799, 1285.48)",0.0
Amount_shipped,"(580, 4880, 402, 4762, 1356.12)",0.0
Amount_shipped,"(580, 4900, 604, 4556, 10.77)",0.0
Amount_shipped,"(580, 4900, 545, 4715, 11.01)",0.0
Amount_shipped,"(580, 4900, 598, 4885, 11.15)",0.0
Amount_shipped,"(580, 4900, 622, 4729, 11.5)",0.0
Amount_shipped,"(580, 4900, 136, 4692, 11.61)",0.0
Amount_shipped,"(580, 4900, 494, 4926, 11.95)",0.0
Amount_shipped,"(580, 4900, 627, 4796, 12.52)",0.0
Amount_shipped,"(580, 4900, 604, 4624, 12.57)",0.0
Amount_shipped,"(580, 4900, 497, 4720, 12.7)",0.0
Amount_shipped,"(580, 4900, 503, 4807, 16.06)",0.0
Amount_shipped,"(580, 4900, 612, 4678, 16.32)",0.0
Amount_shipped,"(580, 4900, 345, 4695, 23.25)",0.0
Amount_shipped,"(580, 4900, 696, 4535, 23.59)",0.0
Amount_shipped,"(580, 4900, 250, 4682, 28.56)",0.0
Amount_shipped,"(580, 4900, 572, 4680, 30.45)",0.0
Amount_shipped,"(580, 4900, 371, 4764, 52.72)",0.0
Amount_shipped,"(580, 4900, 312, 4747, 62.13)",0.0
Amount_shipped,"(580, 4900, 417, 4874, 76.13)",0.0
Amount_shipped,"(580, 4900, 350, 4738, 111.96)",0.0
Amount_shipped,"(580, 4900, 327, 4722, 125.89)",0.0
Amount_shipped,"(580, 4900, 555, 4937, 127.49)",0.0
Amount_shipped,"(580, 4900, 239, 4765, 151.68)",0.0
Amount_shipped,"(580, 4900, 558, 4583, 208.94)",0.0
Amount_shipped,"(580, 4900, 592, 4773, 272.69)",0.0
Amount_shipped,"(580, 4900, 303, 4682, 594.76)",0.0
Amount_shipped,"(580, 4900, 519, 4618, 758.82)",0.0
Amount_shipped,"(580, 4900, 190, 4740, 907.18)",0.0
Amount_shipped,"(580, 4900, 604, 4955, 907.45)",0.0
Amount_shipped,"(580, 4900, 334, 4799, 1285.48)",0.0
Amount_shipped,"(580, 4900, 402, 4762, 1356.12)",0.0
Amount_shipped,"(580, 4920, 604, 4556, 10.77)",0.0
Amount_shipped,"(580, 4920, 545, 4715, 11.01)",0.0
Amount_shipped,"(580, 4920, 598, 4885, 11.15)",0.0
Amount_shipped,"(580, 4920, 622, 4729, 11.5)",0.0
Amount_shipped,"(580, 4920, 136, 4692, 11.61)",0.0
Amount_shipped,"(580, 4920, 494, 4926, 11.95)",0.0
Amount_shipped,"(580, 4920, 627, 4796, 12.52)",0.0
Amount_shipped,"(580, 4920, 604, 4624, 12.57)",0.0
Amount_shipped,"(580, 4920, 497, 4720, 12.7)",0.0
Amount_shipped,"(580, 4920, 503, 4807, 16.06)",0.0
Amount_shipped,"(580, 4920, 612, 4678, 16.32)",0.0
Amount_shipped,"(580, 4920, 345, 4695, 23.25)",0.0
Amount_shipped,"(580, 4920, 696, 4535, 23.59)",0.0
Amount_shipped,"(580, 4920, 250, 4682, 28.56)",0.0
Amount_shipped,"(580, 4920, 572, 4680, 30.45)",0.0
Amount_shipped,"(580, 4920, 371, 4764, 52.72)",0.0
Amount_shipped,"(580, 4920, 312, 4747, 62.13)",0.0
Amount_shipped,"(580, 4920, 417, 4874, 76.13)",0.0
Amount_shipped,"(580, 4920, 350, 4738, 111.96)",0.0
Amount_shipped,"(580, 4920, 327, 4722, 125.89)",0.0
Amount_shipped,"(580, 4920, 555, 4937, 127.49)",0.0
Amount_shipped,"(580, 4920, 239, 4765, 151.68)",0.0
Amount_shipped,"(580, 4920, 558, 4583, 208.94)",0.0
Amount_shipped,"(580, 4920, 592, 4773, 272.69)",0.0
Amount_shipped,"(580, 4920, 303, 4682, 594.76)",0.0
Amount_shipped,"(580, 4920, 519, 4618, 758.82)",0.0
Amount_shipped,"(580, 4920, 190, 4740, 907.18)",0.0
Amount_shipped,"(580, 4920, 604, 4955, 907.45)",0.0
Amount_shipped,"(580, 4920, 334, 4799, 1285.48)",0.0
Amount_shipped,"(580, 4920, 402, 4762, 1356.12)",0.0
Amount_shipped,"(580, 4940, 604, 4556, 10.77)",0.0
Amount_shipped,"(580, 4940, 545, 4715, 11.01)",0.0
Amount_shipped,"(580, 4940, 598, 4885, 11.15)",0.0
Amount_shipped,"(580, 4940, 622, 4729, 11.5)",0.0
Amount_shipped,"(580, 4940, 136, 4692, 11.61)",0.0
Amount_shipped,"(580, 4940, 494, 4926, 11.95)",0.0
Amount_shipped,"(580, 4940, 627, 4796, 12.52)",0.0
Amount_shipped,"(580, 4940, 604, 4624, 12.57)",0.0
Amount_shipped,"(580, 4940, 497, 4720, 12.7)",0.0
Amount_shipped,"(580, 4940, 503, 4807, 16.06)",0.0
Amount_shipped,"(580, 4940, 612, 4678, 16.32)",0.0
Amount_shipped,"(580, 4940, 345, 4695, 23.25)",0.0
Amount_shipped,"(580, 4940, 696, 4535, 23.59)",0.0
Amount_shipped,"(580, 4940, 250, 4682, 28.56)",0.0
Amount_shipped,"(580, 4940, 572, 4680, 30.45)",0.0
Amount_shipped,"(580, 4940, 371, 4764, 52.72)",0.0
Amount_shipped,"(580, 4940, 312, 4747, 62.13)",0.0
Amount_shipped,"(580, 4940, 417, 4874, 76.13)",0.0
Amount_shipped,"(580, 4940, 350, 4738, 111.96)",0.0
Amount_shipped,"(580, 4940, 327, 4722, 125.89)",0.0
Amount_shipped,"(580, 4940, 555, 4937, 127.49)",0.0
Amount_shipped,"(580, 4940, 239, 4765, 151.68)",0.0
Amount_shipped,"(580, 4940, 558, 4583, 208.94)",0.0
Amount_shipped,"(580, 4940, 592, 4773, 272.69)",0.0
Amount_shipped,"(580, 4940, 303, 4682, 594.76)",0.0
Amount_shipped,"(580, 4940, 519, 4618, 758.82)",0.0
Amount_shipped,"(580, 4940, 190, 4740, 907.18)",0.0
Amount_shipped,"(580, 4940, 604, 4955, 907.45)",0.0
Amount_shipped,"(580, 4940, 334, 4799, 1285.48)",0.0
Amount_shipped,"(580, 4940, 402, 4762, 1356.12)",0.0
Amount_shipped,"(580, 4960, 604, 4556, 10.77)",0.0
Amount_shipped,"(580, 4960, 545, 4715, 11.01)",0.0
Amount_shipped,"(580, 4960, 598, 4885, 11.15)",0.0
Amount_shipped,"(580, 4960, 622, 4729, 11.5)",0.0
Amount_shipped,"(580, 4960, 136, 4692, 11.61)",0.0
Amount_shipped,"(580, 4960, 494, 4926, 11.95)",0.0
Amount_shipped,"(580, 4960, 627, 4796, 12.52)",0.0
Amount_shipped,"(580, 4960, 604, 4624, 12.57)",0.0
Amount_shipped,"(580, 4960, 497, 4720, 12.7)",0.0
Amount_shipped,"(580, 4960, 503, 4807, 16.06)",0.0
Amount_shipped,"(580, 4960, 612, 4678, 16.32)",0.0
Amount_shipped,"(580, 4960, 345, 4695, 23.25)",0.0
Amount_shipped,"(580, 4960, 696, 4535, 23.59)",0.0
Amount_shipped,"(580, 4960, 250, 4682, 28.56)",0.0
Amount_shipped,"(580, 4960, 572, 4680, 30.45)",0.0
Amount_shipped,"(580, 4960, 371, 4764, 52.72)",0.0
Amount_shipped,"(580, 4960, 312, 4747, 62.13)",0.0
Amount_shipped,"(580, 4960, 417, 4874, 76.13)",0.0
Amount_shipped,"(580, 4960, 350, 4738, 111.96)",0.0
Amount_shipped,"(580, 4960, 327, 4722, 125.89)",0.0
Amount_shipped,"(580, 4960, 555, 4937, 127.49)",0.0
Amount_shipped,"(580, 4960, 239, 4765, 151.68)",0.0
Amount_shipped,"(580, 4960, 558, 4583, 208.94)",0.0
Amount_shipped,"(580, 4960, 592, 4773, 272.69)",0.0
Amount_shipped,"(580, 4960, 303, 4682, 594.76)",0.0
Amount_shipped,"(580, 4960, 519, 4618, 758.82)",0.0
Amount_shipped,"(580, 4960, 190, 4740, 907.18)",0.0
Amount_shipped,"(580, 4960, 604, 4955, 907.45)",0.0
Amount_shipped,"(580, 4960, 334, 4799, 1285.48)",0.0
Amount_shipped,"(580, 4960, 402, 4762, 1356.12)",0.0
Amount_shipped,"(580, 4980, 604, 4556, 10.77)",0.0
Amount_shipped,"(580, 4980, 545, 4715, 11.01)",0.0
Amount_shipped,"(580, 4980, 598, 4885, 11.15)",0.0
Amount_shipped,"(580, 4980, 622, 4729, 11.5)",0.0
Amount_shipped,"(580, 4980, 136, 4692, 11.61)",0.0
Amount_shipped,"(580, 4980, 494, 4926, 11.95)",0.0
Amount_shipped,"(580, 4980, 627, 4796, 12.52)",0.0
Amount_shipped,"(580, 4980, 604, 4624, 12.57)",0.0
Amount_shipped,"(580, 4980, 497, 4720, 12.7)",0.0
Amount_shipped,"(580, 4980, 503, 4807, 16.06)",0.0
Amount_shipped,"(580, 4980, 612, 4678, 16.32)",0.0
Amount_shipped,"(580, 4980, 345, 4695, 23.25)",0.0
Amount_shipped,"(580, 4980, 696, 4535, 23.59)",0.0
Amount_shipped,"(580, 4980, 250, 4682, 28.56)",0.0
Amount_shipped,"(580, 4980, 572, 4680, 30.45)",0.0
Amount_shipped,"(580, 4980, 371, 4764, 52.72)",0.0
Amount_shipped,"(580, 4980, 312, 4747, 62.13)",0.0
Amount_shipped,"(580, 4980, 417, 4874, 76.13)",0.0
Amount_shipped,"(580, 4980, 350, 4738, 111.96)",0.0
Amount_shipped,"(580, 4980, 327, 4722, 125.89)",0.0
Amount_shipped,"(580, 4980, 555, 4937, 127.49)",0.0
Amount_shipped,"(580, 4980, 239, 4765, 151.68)",0.0
Amount_shipped,"(580, 4980, 558, 4583, 208.94)",0.0
Amount_shipped,"(580, 4980, 592, 4773, 272.69)",0.0
Amount_shipped,"(580, 4980, 303, 4682, 594.76)",0.0
Amount_shipped,"(580, 4980, 519, 4618, 758.82)",0.0
Amount_shipped,"(580, 4980, 190, 4740, 907.18)",0.0
Amount_shipped,"(580, 4980, 604, 4955, 907.45)",0.0
Amount_shipped,"(580, 4980, 334, 4799, 1285.48)",0.0
Amount_shipped,"(580, 4980, 402, 4762, 1356.12)",0.0
Amount_shipped,"(600, 4440, 604, 4556, 10.77)",0.0
Amount_shipped,"(600, 4440, 545, 4715, 11.01)",0.0
Amount_shipped,"(600, 4440, 598, 4885, 11.15)",0.0
Amount_shipped,"(600, 4440, 622, 4729, 11.5)",0.0
Amount_shipped,"(600, 4440, 136, 4692, 11.61)",0.0
Amount_shipped,"(600, 4440, 494, 4926, 11.95)",0.0
Amount_shipped,"(600, 4440, 627, 4796, 12.52)",0.0
Amount_shipped,"(600, 4440, 604, 4624, 12.57)",0.0
Amount_shipped,"(600, 4440, 497, 4720, 12.7)",0.0
Amount_shipped,"(600, 4440, 503, 4807, 16.06)",0.0
Amount_shipped,"(600, 4440, 612, 4678, 16.32)",0.0
Amount_shipped,"(600, 4440, 345, 4695, 23.25)",0.0
Amount_shipped,"(600, 4440, 696, 4535, 23.59)",0.0
Amount_shipped,"(600, 4440, 250, 4682, 28.56)",0.0
Amount_shipped,"(600, 4440, 572, 4680, 30.45)",0.0
Amount_shipped,"(600, 4440, 371, 4764, 52.72)",0.0
Amount_shipped,"(600, 4440, 312, 4747, 62.13)",0.0
Amount_shipped,"(600, 4440, 417, 4874, 76.13)",0.0
Amount_shipped,"(600, 4440, 350, 4738, 111.96)",0.0
Amount_shipped,"(600, 4440, 327, 4722, 125.89)",0.0
Amount_shipped,"(600, 4440, 555, 4937, 127.49)",0.0
Amount_shipped,"(600, 4440, 239, 4765, 151.68)",0.0
Amount_shipped,"(600, 4440, 558, 4583, 208.94)",0.0
Amount_shipped,"(600, 4440, 592, 4773, 272.69)",0.0
Amount_shipped,"(600, 4440, 303, 4682, 594.76)",0.0
Amount_shipped,"(600, 4440, 519, 4618, 758.82)",0.0
Amount_shipped,"(600, 4440, 190, 4740, 907.18)",0.0
Amount_shipped,"(600, 4440, 604, 4955, 907.45)",0.0
Amount_shipped,"(600, 4440, 334, 4799, 1285.48)",0.0
Amount_shipped,"(600, 4440, 402, 4762, 1356.12)",0.0
Amount_shipped,"(600, 4460, 604, 4556, 10.77)",0.0
Amount_shipped,"(600, 4460, 545, 4715, 11.01)",0.0
Amount_shipped,"(600, 4460, 598, 4885, 11.15)",0.0
Amount_shipped,"(600, 4460, 622, 4729, 11.5)",0.0
Amount_shipped,"(600, 4460, 136, 4692, 11.61)",0.0
Amount_shipped,"(600, 4460, 494, 4926, 11.95)",0.0
Amount_shipped,"(600, 4460, 627, 4796, 12.52)",0.0
Amount_shipped,"(600, 4460, 604, 4624, 12.57)",0.0
Amount_shipped,"(600, 4460, 497, 4720, 12.7)",0.0
Amount_shipped,"(600, 4460, 503, 4807, 16.06)",0.0
Amount_shipped,"(600, 4460, 612, 4678, 16.32)",0.0
Amount_shipped,"(600, 4460, 345, 4695, 23.25)",0.0
Amount_shipped,"(600, 4460, 696, 4535, 23.59)",0.0
Amount_shipped,"(600, 4460, 250, 4682, 28.56)",0.0
Amount_shipped,"(600, 4460, 572, 4680, 30.45)",0.0
Amount_shipped,"(600, 4460, 371, 4764, 52.72)",0.0
Amount_shipped,"(600, 4460, 312, 4747, 62.13)",0.0
Amount_shipped,"(600, 4460, 417, 4874, 76.13)",0.0
Amount_shipped,"(600, 4460, 350, 4738, 111.96)",0.0
Amount_shipped,"(600, 4460, 327, 4722, 125.89)",0.0
Amount_shipped,"(600, 4460, 555, 4937, 127.49)",0.0
Amount_shipped,"(600, 4460, 239, 4765, 151.68)",0.0
Amount_shipped,"(600, 4460, 558, 4583, 208.94)",0.0
Amount_shipped,"(600, 4460, 592, 4773, 272.69)",0.0
Amount_shipped,"(600, 4460, 303, 4682, 594.76)",0.0
Amount_shipped,"(600, 4460, 519, 4618, 758.82)",0.0
Amount_shipped,"(600, 4460, 190, 4740, 907.18)",0.0
Amount_shipped,"(600, 4460, 604, 4955, 907.45)",0.0
Amount_shipped,"(600, 4460, 334, 4799, 1285.48)",0.0
Amount_shipped,"(600, 4460, 402, 4762, 1356.12)",0.0
Amount_shipped,"(600, 4480, 604, 4556, 10.77)",0.0
Amount_shipped,"(600, 4480, 545, 4715, 11.01)",0.0
Amount_shipped,"(600, 4480, 598, 4885, 11.15)",0.0
Amount_shipped,"(600, 4480, 622, 4729, 11.5)",0.0
Amount_shipped,"(600, 4480, 136, 4692, 11.61)",0.0
Amount_shipped,"(600, 4480, 494, 4926, 11.95)",0.0
Amount_shipped,"(600, 4480, 627, 4796, 12.52)",0.0
Amount_shipped,"(600, 4480, 604, 4624, 12.57)",0.0
Amount_shipped,"(600, 4480, 497, 4720, 12.7)",0.0
Amount_shipped,"(600, 4480, 503, 4807, 16.06)",0.0
Amount_shipped,"(600, 4480, 612, 4678, 16.32)",0.0
Amount_shipped,"(600, 4480, 345, 4695, 23.25)",0.0
Amount_shipped,"(600, 4480, 696, 4535, 23.59)",0.0
Amount_shipped,"(600, 4480, 250, 4682, 28.56)",0.0
Amount_shipped,"(600, 4480, 572, 4680, 30.45)",0.0
Amount_shipped,"(600, 4480, 371, 4764, 52.72)",0.0
Amount_shipped,"(600, 4480, 312, 4747, 62.13)",0.0
Amount_shipped,"(600, 4480, 417, 4874, 76.13)",0.0
Amount_shipped,"(600, 4480, 350, 4738, 111.96)",0.0
Amount_shipped,"(600, 4480, 327, 4722, 125.89)",0.0
Amount_shipped,"(600, 4480, 555, 4937, 127.49)",0.0
Amount_shipped,"(600, 4480, 239, 4765, 151.68)",0.0
Amount_shipped,"(600, 4480, 558, 4583, 208.94)",0.0
Amount_shipped,"(600, 4480, 592, 4773, 272.69)",0.0
Amount_shipped,"(600, 4480, 303, 4682, 594.76)",0.0
Amount_shipped,"(600, 4480, 519, 4618, 758.82)",0.0
Amount_shipped,"(600, 4480, 190, 4740, 907.18)",0.0
Amount_shipped,"(600, 4480, 604, 4955, 907.45)",0.0
Amount_shipped,"(600, 4480, 334, 4799, 1285.48)",0.0
Amount_shipped,"(600, 4480, 402, 4762, 1356.12)",0.0
Amount_shipped,"(600, 4500, 604, 4556, 10.77)",0.0
Amount_shipped,"(600, 4500, 545, 4715, 11.01)",0.0
Amount_shipped,"(600, 4500, 598, 4885, 11.15)",0.0
Amount_shipped,"(600, 4500, 622, 4729, 11.5)",0.0
Amount_shipped,"(600, 4500, 136, 4692, 11.61)",0.0
Amount_shipped,"(600, 4500, 494, 4926, 11.95)",0.0
Amount_shipped,"(600, 4500, 627, 4796, 12.52)",0.0
Amount_shipped,"(600, 4500, 604, 4624, 12.57)",0.0
Amount_shipped,"(600, 4500, 497, 4720, 12.7)",0.0
Amount_shipped,"(600, 4500, 503, 4807, 16.06)",0.0
Amount_shipped,"(600, 4500, 612, 4678, 16.32)",0.0
Amount_shipped,"(600, 4500, 345, 4695, 23.25)",0.0
Amount_shipped,"(600, 4500, 696, 4535, 23.59)",0.0
Amount_shipped,"(600, 4500, 250, 4682, 28.56)",0.0
Amount_shipped,"(600, 4500, 572, 4680, 30.45)",0.0
Amount_shipped,"(600, 4500, 371, 4764, 52.72)",0.0
Amount_shipped,"(600, 4500, 312, 4747, 62.13)",0.0
Amount_shipped,"(600, 4500, 417, 4874, 76.13)",0.0
Amount_shipped,"(600, 4500, 350, 4738, 111.96)",0.0
Amount_shipped,"(600, 4500, 327, 4722, 125.89)",0.0
Amount_shipped,"(600, 4500, 555, 4937, 127.49)",0.0
Amount_shipped,"(600, 4500, 239, 4765, 151.68)",0.0
Amount_shipped,"(600, 4500, 558, 4583, 208.94)",0.0
Amount_shipped,"(600, 4500, 592, 4773, 272.69)",0.0
Amount_shipped,"(600, 4500, 303, 4682, 594.76)",0.0
Amount_shipped,"(600, 4500, 519, 4618, 758.82)",0.0
Amount_shipped,"(600, 4500, 190, 4740, 907.18)",0.0
Amount_shipped,"(600, 4500, 604, 4955, 907.45)",0.0
Amount_shipped,"(600, 4500, 334, 4799, 1285.48)",0.0
Amount_shipped,"(600, 4500, 402, 4762, 1356.12)",0.0
Amount_shipped,"(600, 4520, 604, 4556, 10.77)",0.0
Amount_shipped,"(600, 4520, 545, 4715, 11.01)",0.0
Amount_shipped,"(600, 4520, 598, 4885, 11.15)",0.0
Amount_shipped,"(600, 4520, 622, 4729, 11.5)",0.0
Amount_shipped,"(600, 4520, 136, 4692, 11.61)",0.0
Amount_shipped,"(600, 4520, 494, 4926, 11.95)",0.0
Amount_shipped,"(600, 4520, 627, 4796, 12.52)",0.0
Amount_shipped,"(600, 4520, 604, 4624, 12.57)",0.0
Amount_shipped,"(600, 4520, 497, 4720, 12.7)",0.0
Amount_shipped,"(600, 4520, 503, 4807, 16.06)",0.0
Amount_shipped,"(600, 4520, 612, 4678, 16.32)",0.0
Amount_shipped,"(600, 4520, 345, 4695, 23.25)",0.0
Amount_shipped,"(600, 4520, 696, 4535, 23.59)",0.0
Amount_shipped,"(600, 4520, 250, 4682, 28.56)",0.0
Amount_shipped,"(600, 4520, 572, 4680, 30.45)",0.0
Amount_shipped,"(600, 4520, 371, 4764, 52.72)",0.0
Amount_shipped,"(600, 4520, 312, 4747, 62.13)",0.0
Amount_shipped,"(600, 4520, 417, 4874, 76.13)",0.0
Amount_shipped,"(600, 4520, 350, 4738, 111.96)",0.0
Amount_shipped,"(600, 4520, 327, 4722, 125.89)",0.0
Amount_shipped,"(600, 4520, 555, 4937, 127.49)",0.0
Amount_shipped,"(600, 4520, 239, 4765, 151.68)",0.0
Amount_shipped,"(600, 4520, 558, 4583, 208.94)",0.0
Amount_shipped,"(600, 4520, 592, 4773, 272.69)",0.0
Amount_shipped,"(600, 4520, 303, 4682, 594.76)",0.0
Amount_shipped,"(600, 4520, 519, 4618, 758.82)",0.0
Amount_shipped,"(600, 4520, 190, 4740, 907.18)",0.0
Amount_shipped,"(600, 4520, 604, 4955, 907.45)",0.0
Amount_shipped,"(600, 4520, 334, 4799, 1285.48)",0.0
Amount_shipped,"(600, 4520, 402, 4762, 1356.12)",0.0
Amount_shipped,"(600, 4540, 604, 4556, 10.77)",0.0
Amount_shipped,"(600, 4540, 545, 4715, 11.01)",0.0
Amount_shipped,"(600, 4540, 598, 4885, 11.15)",0.0
Amount_shipped,"(600, 4540, 622, 4729, 11.5)",0.0
Amount_shipped,"(600, 4540, 136, 4692, 11.61)",0.0
Amount_shipped,"(600, 4540, 494, 4926, 11.95)",0.0
Amount_shipped,"(600, 4540, 627, 4796, 12.52)",0.0
Amount_shipped,"(600, 4540, 604, 4624, 12.57)",0.0
Amount_shipped,"(600, 4540, 497, 4720, 12.7)",0.0
Amount_shipped,"(600, 4540, 503, 4807, 16.06)",0.0
Amount_shipped,"(600, 4540, 612, 4678, 16.32)",0.0
Amount_shipped,"(600, 4540, 345, 4695, 23.25)",0.0
Amount_shipped,"(600, 4540, 696, 4535, 23.59)",0.0
Amount_shipped,"(600, 4540, 250, 4682, 28.56)",0.0
Amount_shipped,"(600, 4540, 572, 4680, 30.45)",0.0
Amount_shipped,"(600, 4540, 371, 4764, 52.72)",0.0
Amount_shipped,"(600, 4540, 312, 4747, 62.13)",0.0
Amount_shipped,"(600, 4540, 417, 4874, 76.13)",0.0
Amount_shipped,"(600, 4540, 350, 4738, 111.96)",0.0
Amount_shipped,"(600, 4540, 327, 4722, 125.89)",0.0
Amount_shipped,"(600, 4540, 555, 4937, 127.49)",0.0
Amount_shipped,"(600, 4540, 239, 4765, 151.68)",0.0
Amount_shipped,"(600, 4540, 558, 4583, 208.94)",0.0
Amount_shipped,"(600, 4540, 592, 4773, 272.69)",0.0
Amount_shipped,"(600, 4540, 303, 4682, 594.76)",0.0
Amount_shipped,"(600, 4540, 519, 4618, 758.82)",0.0
Amount_shipped,"(600, 4540, 190, 4740, 907.18)",0.0
Amount_shipped,"(600, 4540, 604, 4955, 907.45)",0.0
Amount_shipped,"(600, 4540, 334, 4799, 1285.48)",0.0
Amount_shipped,"(600, 4540, 402, 4762, 1356.12)",0.0
Amount_shipped,"(600, 4560, 604, 4556, 10.77)",0.0
Amount_shipped,"(600, 4560, 545, 4715, 11.01)",0.0
Amount_shipped,"(600, 4560, 598, 4885, 11.15)",0.0
Amount_shipped,"(600, 4560, 622, 4729, 11.5)",0.0
Amount_shipped,"(600, 4560, 136, 4692, 11.61)",0.0
Amount_shipped,"(600, 4560, 494, 4926, 11.95)",0.0
Amount_shipped,"(600, 4560, 627, 4796, 12.52)",0.0
Amount_shipped,"(600, 4560, 604, 4624, 12.57)",0.0
Amount_shipped,"(600, 4560, 497, 4720, 12.7)",0.0
Amount_shipped,"(600, 4560, 503, 4807, 16.06)",0.0
Amount_shipped,"(600, 4560, 612, 4678, 16.32)",0.0
Amount_shipped,"(600, 4560, 345, 4695, 23.25)",0.0
Amount_shipped,"(600, 4560, 696, 4535, 23.59)",0.0
Amount_shipped,"(600, 4560, 250, 4682, 28.56)",0.0
Amount_shipped,"(600, 4560, 572, 4680, 30.45)",0.0
Amount_shipped,"(600, 4560, 371, 4764, 52.72)",0.0
Amount_shipped,"(600, 4560, 312, 4747, 62.13)",0.0
Amount_shipped,"(600, 4560, 417, 4874, 76.13)",0.0
Amount_shipped,"(600, 4560, 350, 4738, 111.96)",0.0
Amount_shipped,"(600, 4560, 327, 4722, 125.89)",0.0
Amount_shipped,"(600, 4560, 555, 4937, 127.49)",0.0
Amount_shipped,"(600, 4560, 239, 4765, 151.68)",0.0
Amount_shipped,"(600, 4560, 558, 4583, 208.94)",0.0
Amount_shipped,"(600, 4560, 592, 4773, 272.69)",0.0
Amount_shipped,"(600, 4560, 303, 4682, 594.76)",0.0
Amount_shipped,"(600, 4560, 519, 4618, 758.82)",0.0
Amount_shipped,"(600, 4560, 190, 4740, 907.18)",0.0
Amount_shipped,"(600, 4560, 604, 4955, 907.45)",0.0
Amount_shipped,"(600, 4560, 334, 4799, 1285.48)",0.0
Amount_shipped,"(600, 4560, 402, 4762, 1356.12)",0.0
Amount_shipped,"(600, 4580, 604, 4556, 10.77)",0.0
Amount_shipped,"(600, 4580, 545, 4715, 11.01)",0.0
Amount_shipped,"(600, 4580, 598, 4885, 11.15)",0.0
Amount_shipped,"(600, 4580, 622, 4729, 11.5)",0.0
Amount_shipped,"(600, 4580, 136, 4692, 11.61)",0.0
Amount_shipped,"(600, 4580, 494, 4926, 11.95)",0.0
Amount_shipped,"(600, 4580, 627, 4796, 12.52)",0.0
Amount_shipped,"(600, 4580, 604, 4624, 12.57)",0.0
Amount_shipped,"(600, 4580, 497, 4720, 12.7)",0.0
Amount_shipped,"(600, 4580, 503, 4807, 16.06)",0.0
Amount_shipped,"(600, 4580, 612, 4678, 16.32)",0.0
Amount_shipped,"(600, 4580, 345, 4695, 23.25)",0.0
Amount_shipped,"(600, 4580, 696, 4535, 23.59)",0.0
Amount_shipped,"(600, 4580, 250, 4682, 28.56)",0.0
Amount_shipped,"(600, 4580, 572, 4680, 30.45)",0.0
Amount_shipped,"(600, 4580, 371, 4764, 52.72)",0.0
Amount_shipped,"(600, 4580, 312, 4747, 62.13)",0.0
Amount_shipped,"(600, 4580, 417, 4874, 76.13)",0.0
Amount_shipped,"(600, 4580, 350, 4738, 111.96)",0.0
Amount_shipped,"(600, 4580, 327, 4722, 125.89)",0.0
Amount_shipped,"(600, 4580, 555, 4937, 127.49)",0.0
Amount_shipped,"(600, 4580, 239, 4765, 151.68)",0.0
Amount_shipped,"(600, 4580, 558, 4583, 208.94)",0.0
Amount_shipped,"(600, 4580, 592, 4773, 272.69)",0.0
Amount_shipped,"(600, 4580, 303, 4682, 594.76)",0.0
Amount_shipped,"(600, 4580, 519, 4618, 758.82)",0.0
Amount_shipped,"(600, 4580, 190, 4740, 907.18)",0.0
Amount_shipped,"(600, 4580, 604, 4955, 907.45)",0.0
Amount_shipped,"(600, 4580, 334, 4799, 1285.48)",0.0
Amount_shipped,"(600, 4580, 402, 4762, 1356.12)",0.0
Amount_shipped,"(600, 4600, 604, 4556, 10.77)",0.0
Amount_shipped,"(600, 4600, 545, 4715, 11.01)",0.0
Amount_shipped,"(600, 4600, 598, 4885, 11.15)",0.0
Amount_shipped,"(600, 4600, 622, 4729, 11.5)",0.0
Amount_shipped,"(600, 4600, 136, 4692, 11.61)",0.0
Amount_shipped,"(600, 4600, 494, 4926, 11.95)",0.0
Amount_shipped,"(600, 4600, 627, 4796, 12.52)",0.0
Amount_shipped,"(600, 4600, 604, 4624, 12.57)",0.0
Amount_shipped,"(600, 4600, 497, 4720, 12.7)",0.0
Amount_shipped,"(600, 4600, 503, 4807, 16.06)",0.0
Amount_shipped,"(600, 4600, 612, 4678, 16.32)",0.0
Amount_shipped,"(600, 4600, 345, 4695, 23.25)",0.0
Amount_shipped,"(600, 4600, 696, 4535, 23.59)",0.0
Amount_shipped,"(600, 4600, 250, 4682, 28.56)",0.0
Amount_shipped,"(600, 4600, 572, 4680, 30.45)",0.0
Amount_shipped,"(600, 4600, 371, 4764, 52.72)",0.0
Amount_shipped,"(600, 4600, 312, 4747, 62.13)",0.0
Amount_shipped,"(600, 4600, 417, 4874, 76.13)",0.0
Amount_shipped,"(600, 4600, 350, 4738, 111.96)",0.0
Amount_shipped,"(600, 4600, 327, 4722, 125.89)",0.0
Amount_shipped,"(600, 4600, 555, 4937, 127.49)",0.0
Amount_shipped,"(600, 4600, 239, 4765, 151.68)",0.0
Amount_shipped,"(600, 4600, 558, 4583, 208.94)",0.0
Amount_shipped,"(600, 4600, 592, 4773, 272.69)",0.0
Amount_shipped,"(600, 4600, 303, 4682, 594.76)",0.0
Amount_shipped,"(600, 4600, 519, 4618, 758.82)",0.0
Amount_shipped,"(600, 4600, 190, 4740, 907.18)",0.0
Amount_shipped,"(600, 4600, 604, 4955, 907.45)",0.0
Amount_shipped,"(600, 4600, 334, 4799, 1285.48)",0.0
Amount_shipped,"(600, 4600, 402, 4762, 1356.12)",0.0
Amount_shipped,"(600, 4620, 604, 4556, 10.77)",0.0
Amount_shipped,"(600, 4620, 545, 4715, 11.01)",0.0
Amount_shipped,"(600, 4620, 598, 4885, 11.15)",0.0
Amount_shipped,"(600, 4620, 622, 4729, 11.5)",0.0
Amount_shipped,"(600, 4620, 136, 4692, 11.61)",0.0
Amount_shipped,"(600, 4620, 494, 4926, 11.95)",0.0
Amount_shipped,"(600, 4620, 627, 4796, 12.52)",0.0
Amount_shipped,"(600, 4620, 604, 4624, 12.57)",0.0
Amount_shipped,"(600, 4620, 497, 4720, 12.7)",0.0
Amount_shipped,"(600, 4620, 503, 4807, 16.06)",0.0
Amount_shipped,"(600, 4620, 612, 4678, 16.32)",0.0
Amount_shipped,"(600, 4620, 345, 4695, 23.25)",0.0
Amount_shipped,"(600, 4620, 696, 4535, 23.59)",0.0
Amount_shipped,"(600, 4620, 250, 4682, 28.56)",0.0
Amount_shipped,"(600, 4620, 572, 4680, 30.45)",0.0
Amount_shipped,"(600, 4620, 371, 4764, 52.72)",0.0
Amount_shipped,"(600, 4620, 312, 4747, 62.13)",0.0
Amount_shipped,"(600, 4620, 417, 4874, 76.13)",0.0
Amount_shipped,"(600, 4620, 350, 4738, 111.96)",0.0
Amount_shipped,"(600, 4620, 327, 4722, 125.89)",0.0
Amount_shipped,"(600, 4620, 555, 4937, 127.49)",0.0
Amount_shipped,"(600, 4620, 239, 4765, 151.68)",0.0
Amount_shipped,"(600, 4620, 558, 4583, 208.94)",0.0
Amount_shipped,"(600, 4620, 592, 4773, 272.69)",0.0
Amount_shipped,"(600, 4620, 303, 4682, 594.76)",0.0
Amount_shipped,"(600, 4620, 519, 4618, 758.82)",0.0
Amount_shipped,"(600, 4620, 190, 4740, 907.18)",0.0
Amount_shipped,"(600, 4620, 604, 4955, 907.45)",0.0
Amount_shipped,"(600, 4620, 334, 4799, 1285.48)",0.0
Amount_shipped,"(600, 4620, 402, 4762, 1356.12)",0.0
Amount_shipped,"(600, 4640, 604, 4556, 10.77)",0.0
Amount_shipped,"(600, 4640, 545, 4715, 11.01)",0.0
Amount_shipped,"(600, 4640, 598, 4885, 11.15)",0.0
Amount_shipped,"(600, 4640, 622, 4729, 11.5)",0.0
Amount_shipped,"(600, 4640, 136, 4692, 11.61)",0.0
Amount_shipped,"(600, 4640, 494, 4926, 11.95)",0.0
Amount_shipped,"(600, 4640, 627, 4796, 12.52)",0.0
Amount_shipped,"(600, 4640, 604, 4624, 12.57)",0.0
Amount_shipped,"(600, 4640, 497, 4720, 12.7)",0.0
Amount_shipped,"(600, 4640, 503, 4807, 16.06)",0.0
Amount_shipped,"(600, 4640, 612, 4678, 16.32)",0.0
Amount_shipped,"(600, 4640, 345, 4695, 23.25)",0.0
Amount_shipped,"(600, 4640, 696, 4535, 23.59)",0.0
Amount_shipped,"(600, 4640, 250, 4682, 28.56)",0.0
Amount_shipped,"(600, 4640, 572, 4680, 30.45)",0.0
Amount_shipped,"(600, 4640, 371, 4764, 52.72)",0.0
Amount_shipped,"(600, 4640, 312, 4747, 62.13)",0.0
Amount_shipped,"(600, 4640, 417, 4874, 76.13)",0.0
Amount_shipped,"(600, 4640, 350, 4738, 111.96)",0.0
Amount_shipped,"(600, 4640, 327, 4722, 125.89)",0.0
Amount_shipped,"(600, 4640, 555, 4937, 127.49)",0.0
Amount_shipped,"(600, 4640, 239, 4765, 151.68)",0.0
Amount_shipped,"(600, 4640, 558, 4583, 208.94)",0.0
Amount_shipped,"(600, 4640, 592, 4773, 272.69)",0.0
Amount_shipped,"(600, 4640, 303, 4682, 594.76)",0.0
Amount_shipped,"(600, 4640, 519, 4618, 758.82)",0.0
Amount_shipped,"(600, 4640, 190, 4740, 907.18)",0.0
Amount_shipped,"(600, 4640, 604, 4955, 907.45)",0.0
Amount_shipped,"(600, 4640, 334, 4799, 1285.48)",0.0
Amount_shipped,"(600, 4640, 402, 4762, 1356.12)",0.0
Amount_shipped,"(600, 4660, 604, 4556, 10.77)",0.0
Amount_shipped,"(600, 4660, 545, 4715, 11.01)",0.0
Amount_shipped,"(600, 4660, 598, 4885, 11.15)",0.0
Amount_shipped,"(600, 4660, 622, 4729, 11.5)",0.0
Amount_shipped,"(600, 4660, 136, 4692, 11.61)",0.0
Amount_shipped,"(600, 4660, 494, 4926, 11.95)",0.0
Amount_shipped,"(600, 4660, 627, 4796, 12.52)",0.0
Amount_shipped,"(600, 4660, 604, 4624, 12.57)",0.0
Amount_shipped,"(600, 4660, 497, 4720, 12.7)",0.0
Amount_shipped,"(600, 4660, 503, 4807, 16.06)",0.0
Amount_shipped,"(600, 4660, 612, 4678, 16.32)",0.0
Amount_shipped,"(600, 4660, 345, 4695, 23.25)",0.0
Amount_shipped,"(600, 4660, 696, 4535, 23.59)",0.0
Amount_shipped,"(600, 4660, 250, 4682, 28.56)",0.0
Amount_shipped,"(600, 4660, 572, 4680, 30.45)",0.0
Amount_shipped,"(600, 4660, 371, 4764, 52.72)",0.0
Amount_shipped,"(600, 4660, 312, 4747, 62.13)",0.0
Amount_shipped,"(600, 4660, 417, 4874, 76.13)",0.0
Amount_shipped,"(600, 4660, 350, 4738, 111.96)",0.0
Amount_shipped,"(600, 4660, 327, 4722, 125.89)",0.0
Amount_shipped,"(600, 4660, 555, 4937, 127.49)",0.0
Amount_shipped,"(600, 4660, 239, 4765, 151.68)",0.0
Amount_shipped,"(600, 4660, 558, 4583, 208.94)",0.0
Amount_shipped,"(600, 4660, 592, 4773, 272.69)",0.0
Amount_shipped,"(600, 4660, 303, 4682, 594.76)",0.0
Amount_shipped,"(600, 4660, 519, 4618, 758.82)",0.0
Amount_shipped,"(600, 4660, 190, 4740, 907.18)",0.0
Amount_shipped,"(600, 4660, 604, 4955, 907.45)",0.0
Amount_shipped,"(600, 4660, 334, 4799, 1285.48)",0.0
Amount_shipped,"(600, 4660, 402, 4762, 1356.12)",0.0
Amount_shipped,"(600, 4680, 604, 4556, 10.77)",0.0
Amount_shipped,"(600, 4680, 545, 4715, 11.01)",0.0
Amount_shipped,"(600, 4680, 598, 4885, 11.15)",0.0
Amount_shipped,"(600, 4680, 622, 4729, 11.5)",0.0
Amount_shipped,"(600, 4680, 136, 4692, 11.61)",0.0
Amount_shipped,"(600, 4680, 494, 4926, 11.95)",0.0
Amount_shipped,"(600, 4680, 627, 4796, 12.52)",0.0
Amount_shipped,"(600, 4680, 604, 4624, 12.57)",0.0
Amount_shipped,"(600, 4680, 497, 4720, 12.7)",0.0
Amount_shipped,"(600, 4680, 503, 4807, 16.06)",0.0
Amount_shipped,"(600, 4680, 612, 4678, 16.32)",0.0
Amount_shipped,"(600, 4680, 345, 4695, 23.25)",0.0
Amount_shipped,"(600, 4680, 696, 4535, 23.59)",0.0
Amount_shipped,"(600, 4680, 250, 4682, 28.56)",0.0
Amount_shipped,"(600, 4680, 572, 4680, 30.45)",0.0
Amount_shipped,"(600, 4680, 371, 4764, 52.72)",0.0
Amount_shipped,"(600, 4680, 312, 4747, 62.13)",0.0
Amount_shipped,"(600, 4680, 417, 4874, 76.13)",0.0
Amount_shipped,"(600, 4680, 350, 4738, 111.96)",0.0
Amount_shipped,"(600, 4680, 327, 4722, 125.89)",0.0
Amount_shipped,"(600, 4680, 555, 4937, 127.49)",0.0
Amount_shipped,"(600, 4680, 239, 4765, 151.68)",0.0
Amount_shipped,"(600, 4680, 558, 4583, 208.94)",0.0
Amount_shipped,"(600, 4680, 592, 4773, 272.69)",0.0
Amount_shipped,"(600, 4680, 303, 4682, 594.76)",0.0
Amount_shipped,"(600, 4680, 519, 4618, 758.82)",0.0
Amount_shipped,"(600, 4680, 190, 4740, 907.18)",0.0
Amount_shipped,"(600, 4680, 604, 4955, 907.45)",0.0
Amount_shipped,"(600, 4680, 334, 4799, 1285.48)",0.0
Amount_shipped,"(600, 4680, 402, 4762, 1356.12)",0.0
Amount_shipped,"(600, 4700, 604, 4556, 10.77)",0.0
Amount_shipped,"(600, 4700, 545, 4715, 11.01)",0.0
Amount_shipped,"(600, 4700, 598, 4885, 11.15)",0.0
Amount_shipped,"(600, 4700, 622, 4729, 11.5)",0.0
Amount_shipped,"(600, 4700, 136, 4692, 11.61)",0.0
Amount_shipped,"(600, 4700, 494, 4926, 11.95)",0.0
Amount_shipped,"(600, 4700, 627, 4796, 12.52)",0.0
Amount_shipped,"(600, 4700, 604, 4624, 12.57)",0.0
Amount_shipped,"(600, 4700, 497, 4720, 12.7)",0.0
Amount_shipped,"(600, 4700, 503, 4807, 16.06)",0.0
Amount_shipped,"(600, 4700, 612, 4678, 16.32)",0.0
Amount_shipped,"(600, 4700, 345, 4695, 23.25)",0.0
Amount_shipped,"(600, 4700, 696, 4535, 23.59)",0.0
Amount_shipped,"(600, 4700, 250, 4682, 28.56)",0.0
Amount_shipped,"(600, 4700, 572, 4680, 30.45)",0.0
Amount_shipped,"(600, 4700, 371, 4764, 52.72)",0.0
Amount_shipped,"(600, 4700, 312, 4747, 62.13)",0.0
Amount_shipped,"(600, 4700, 417, 4874, 76.13)",0.0
Amount_shipped,"(600, 4700, 350, 4738, 111.96)",0.0
Amount_shipped,"(600, 4700, 327, 4722, 125.89)",0.0
Amount_shipped,"(600, 4700, 555, 4937, 127.49)",0.0
Amount_shipped,"(600, 4700, 239, 4765, 151.68)",0.0
Amount_shipped,"(600, 4700, 558, 4583, 208.94)",0.0
Amount_shipped,"(600, 4700, 592, 4773, 272.69)",0.0
Amount_shipped,"(600, 4700, 303, 4682, 594.76)",0.0
Amount_shipped,"(600, 4700, 519, 4618, 758.82)",0.0
Amount_shipped,"(600, 4700, 190, 4740, 907.18)",0.0
Amount_shipped,"(600, 4700, 604, 4955, 907.45)",0.0
Amount_shipped,"(600, 4700, 334, 4799, 1285.48)",0.0
Amount_shipped,"(600, 4700, 402, 4762, 1356.12)",0.0
Amount_shipped,"(600, 4720, 604, 4556, 10.77)",0.0
Amount_shipped,"(600, 4720, 545, 4715, 11.01)",0.0
Amount_shipped,"(600, 4720, 598, 4885, 11.15)",0.0
Amount_shipped,"(600, 4720, 622, 4729, 11.5)",0.0
Amount_shipped,"(600, 4720, 136, 4692, 11.61)",0.0
Amount_shipped,"(600, 4720, 494, 4926, 11.95)",0.0
Amount_shipped,"(600, 4720, 627, 4796, 12.52)",0.0
Amount_shipped,"(600, 4720, 604, 4624, 12.57)",0.0
Amount_shipped,"(600, 4720, 497, 4720, 12.7)",0.0
Amount_shipped,"(600, 4720, 503, 4807, 16.06)",0.0
Amount_shipped,"(600, 4720, 612, 4678, 16.32)",0.0
Amount_shipped,"(600, 4720, 345, 4695, 23.25)",0.0
Amount_shipped,"(600, 4720, 696, 4535, 23.59)",0.0
Amount_shipped,"(600, 4720, 250, 4682, 28.56)",0.0
Amount_shipped,"(600, 4720, 572, 4680, 30.45)",0.0
Amount_shipped,"(600, 4720, 371, 4764, 52.72)",0.0
Amount_shipped,"(600, 4720, 312, 4747, 62.13)",0.0
Amount_shipped,"(600, 4720, 417, 4874, 76.13)",0.0
Amount_shipped,"(600, 4720, 350, 4738, 111.96)",0.0
Amount_shipped,"(600, 4720, 327, 4722, 125.89)",0.0
Amount_shipped,"(600, 4720, 555, 4937, 127.49)",0.0
Amount_shipped,"(600, 4720, 239, 4765, 151.68)",0.0
Amount_shipped,"(600, 4720, 558, 4583, 208.94)",0.0
Amount_shipped,"(600, 4720, 592, 4773, 272.69)",0.0
Amount_shipped,"(600, 4720, 303, 4682, 594.76)",0.0
Amount_shipped,"(600, 4720, 519, 4618, 758.82)",0.0
Amount_shipped,"(600, 4720, 190, 4740, 907.18)",0.0
Amount_shipped,"(600, 4720, 604, 4955, 907.45)",0.0
Amount_shipped,"(600, 4720, 334, 4799, 1285.48)",0.0
Amount_shipped,"(600, 4720, 402, 4762, 1356.12)",0.0
Amount_shipped,"(600, 4740, 604, 4556, 10.77)",0.0
Amount_shipped,"(600, 4740, 545, 4715, 11.01)",0.0
Amount_shipped,"(600, 4740, 598, 4885, 11.15)",0.0
Amount_shipped,"(600, 4740, 622, 4729, 11.5)",0.0
Amount_shipped,"(600, 4740, 136, 4692, 11.61)",0.0
Amount_shipped,"(600, 4740, 494, 4926, 11.95)",0.0
Amount_shipped,"(600, 4740, 627, 4796, 12.52)",0.0
Amount_shipped,"(600, 4740, 604, 4624, 12.57)",0.0
Amount_shipped,"(600, 4740, 497, 4720, 12.7)",0.0
Amount_shipped,"(600, 4740, 503, 4807, 16.06)",0.0
Amount_shipped,"(600, 4740, 612, 4678, 16.32)",0.0
Amount_shipped,"(600, 4740, 345, 4695, 23.25)",0.0
Amount_shipped,"(600, 4740, 696, 4535, 23.59)",0.0
Amount_shipped,"(600, 4740, 250, 4682, 28.56)",0.0
Amount_shipped,"(600, 4740, 572, 4680, 30.45)",0.0
Amount_shipped,"(600, 4740, 371, 4764, 52.72)",0.0
Amount_shipped,"(600, 4740, 312, 4747, 62.13)",0.0
Amount_shipped,"(600, 4740, 417, 4874, 76.13)",0.0
Amount_shipped,"(600, 4740, 350, 4738, 111.96)",0.0
Amount_shipped,"(600, 4740, 327, 4722, 125.89)",0.0
Amount_shipped,"(600, 4740, 555, 4937, 127.49)",0.0
Amount_shipped,"(600, 4740, 239, 4765, 151.68)",0.0
Amount_shipped,"(600, 4740, 558, 4583, 208.94)",0.0
Amount_shipped,"(600, 4740, 592, 4773, 272.69)",0.0
Amount_shipped,"(600, 4740, 303, 4682, 594.76)",0.0
Amount_shipped,"(600, 4740, 519, 4618, 758.82)",0.0
Amount_shipped,"(600, 4740, 190, 4740, 907.18)",0.0
Amount_shipped,"(600, 4740, 604, 4955, 907.45)",0.0
Amount_shipped,"(600, 4740, 334, 4799, 1285.48)",0.0
Amount_shipped,"(600, 4740, 402, 4762, 1356.12)",0.0
Amount_shipped,"(600, 4760, 604, 4556, 10.77)",0.0
Amount_shipped,"(600, 4760, 545, 4715, 11.01)",0.0
Amount_shipped,"(600, 4760, 598, 4885, 11.15)",0.0
Amount_shipped,"(600, 4760, 622, 4729, 11.5)",0.0
Amount_shipped,"(600, 4760, 136, 4692, 11.61)",0.0
Amount_shipped,"(600, 4760, 494, 4926, 11.95)",0.0
Amount_shipped,"(600, 4760, 627, 4796, 12.52)",0.0
Amount_shipped,"(600, 4760, 604, 4624, 12.57)",0.0
Amount_shipped,"(600, 4760, 497, 4720, 12.7)",0.0
Amount_shipped,"(600, 4760, 503, 4807, 16.06)",0.0
Amount_shipped,"(600, 4760, 612, 4678, 16.32)",0.0
Amount_shipped,"(600, 4760, 345, 4695, 23.25)",0.0
Amount_shipped,"(600, 4760, 696, 4535, 23.59)",0.0
Amount_shipped,"(600, 4760, 250, 4682, 28.56)",0.0
Amount_shipped,"(600, 4760, 572, 4680, 30.45)",0.0
Amount_shipped,"(600, 4760, 371, 4764, 52.72)",0.0
Amount_shipped,"(600, 4760, 312, 4747, 62.13)",0.0
Amount_shipped,"(600, 4760, 417, 4874, 76.13)",0.0
Amount_shipped,"(600, 4760, 350, 4738, 111.96)",0.0
Amount_shipped,"(600, 4760, 327, 4722, 125.89)",0.0
Amount_shipped,"(600, 4760, 555, 4937, 127.49)",0.0
Amount_shipped,"(600, 4760, 239, 4765, 151.68)",0.0
Amount_shipped,"(600, 4760, 558, 4583, 208.94)",0.0
Amount_shipped,"(600, 4760, 592, 4773, 272.69)",0.0
Amount_shipped,"(600, 4760, 303, 4682, 594.76)",0.0
Amount_shipped,"(600, 4760, 519, 4618, 758.82)",0.0
Amount_shipped,"(600, 4760, 190, 4740, 907.18)",0.0
Amount_shipped,"(600, 4760, 604, 4955, 907.45)",0.0
Amount_shipped,"(600, 4760, 334, 4799, 1285.48)",0.0
Amount_shipped,"(600, 4760, 402, 4762, 1356.12)",0.0
Amount_shipped,"(600, 4780, 604, 4556, 10.77)",0.0
Amount_shipped,"(600, 4780, 545, 4715, 11.01)",0.0
Amount_shipped,"(600, 4780, 598, 4885, 11.15)",0.0
Amount_shipped,"(600, 4780, 622, 4729, 11.5)",0.0
Amount_shipped,"(600, 4780, 136, 4692, 11.61)",0.0
Amount_shipped,"(600, 4780, 494, 4926, 11.95)",0.0
Amount_shipped,"(600, 4780, 627, 4796, 12.52)",0.0
Amount_shipped,"(600, 4780, 604, 4624, 12.57)",0.0
Amount_shipped,"(600, 4780, 497, 4720, 12.7)",0.0
Amount_shipped,"(600, 4780, 503, 4807, 16.06)",0.0
Amount_shipped,"(600, 4780, 612, 4678, 16.32)",0.0
Amount_shipped,"(600, 4780, 345, 4695, 23.25)",0.0
Amount_shipped,"(600, 4780, 696, 4535, 23.59)",0.0
Amount_shipped,"(600, 4780, 250, 4682, 28.56)",0.0
Amount_shipped,"(600, 4780, 572, 4680, 30.45)",0.0
Amount_shipped,"(600, 4780, 371, 4764, 52.72)",0.0
Amount_shipped,"(600, 4780, 312, 4747, 62.13)",0.0
Amount_shipped,"(600, 4780, 417, 4874, 76.13)",0.0
Amount_shipped,"(600, 4780, 350, 4738, 111.96)",0.0
Amount_shipped,"(600, 4780, 327, 4722, 125.89)",0.0
Amount_shipped,"(600, 4780, 555, 4937, 127.49)",0.0
Amount_shipped,"(600, 4780, 239, 4765, 151.68)",0.0
Amount_shipped,"(600, 4780, 558, 4583, 208.94)",0.0
Amount_shipped,"(600, 4780, 592, 4773, 272.69)",0.0
Amount_shipped,"(600, 4780, 303, 4682, 594.76)",0.0
Amount_shipped,"(600, 4780, 519, 4618, 758.82)",0.0
Amount_shipped,"(600, 4780, 190, 4740, 907.18)",0.0
Amount_shipped,"(600, 4780, 604, 4955, 907.45)",0.0
Amount_shipped,"(600, 4780, 334, 4799, 1285.48)",0.0
Amount_shipped,"(600, 4780, 402, 4762, 1356.12)",0.0
Amount_shipped,"(600, 4800, 604, 4556, 10.77)",0.0
Amount_shipped,"(600, 4800, 545, 4715, 11.01)",0.0
Amount_shipped,"(600, 4800, 598, 4885, 11.15)",0.0
Amount_shipped,"(600, 4800, 622, 4729, 11.5)",0.0
Amount_shipped,"(600, 4800, 136, 4692, 11.61)",0.0
Amount_shipped,"(600, 4800, 494, 4926, 11.95)",0.0
Amount_shipped,"(600, 4800, 627, 4796, 12.52)",0.0
Amount_shipped,"(600, 4800, 604, 4624, 12.57)",0.0
Amount_shipped,"(600, 4800, 497, 4720, 12.7)",0.0
Amount_shipped,"(600, 4800, 503, 4807, 16.06)",0.0
Amount_shipped,"(600, 4800, 612, 4678, 16.32)",0.0
Amount_shipped,"(600, 4800, 345, 4695, 23.25)",0.0
Amount_shipped,"(600, 4800, 696, 4535, 23.59)",0.0
Amount_shipped,"(600, 4800, 250, 4682, 28.56)",0.0
Amount_shipped,"(600, 4800, 572, 4680, 30.45)",0.0
Amount_shipped,"(600, 4800, 371, 4764, 52.72)",0.0
Amount_shipped,"(600, 4800, 312, 4747, 62.13)",0.0
Amount_shipped,"(600, 4800, 417, 4874, 76.13)",0.0
Amount_shipped,"(600, 4800, 350, 4738, 111.96)",0.0
Amount_shipped,"(600, 4800, 327, 4722, 125.89)",0.0
Amount_shipped,"(600, 4800, 555, 4937, 127.49)",0.0
Amount_shipped,"(600, 4800, 239, 4765, 151.68)",0.0
Amount_shipped,"(600, 4800, 558, 4583, 208.94)",0.0
Amount_shipped,"(600, 4800, 592, 4773, 272.69)",0.0
Amount_shipped,"(600, 4800, 303, 4682, 594.76)",0.0
Amount_shipped,"(600, 4800, 519, 4618, 758.82)",0.0
Amount_shipped,"(600, 4800, 190, 4740, 907.18)",0.0
Amount_shipped,"(600, 4800, 604, 4955, 907.45)",0.0
Amount_shipped,"(600, 4800, 334, 4799, 1285.48)",0.0
Amount_shipped,"(600, 4800, 402, 4762, 1356.12)",0.0
Amount_shipped,"(600, 4820, 604, 4556, 10.77)",0.0
Amount_shipped,"(600, 4820, 545, 4715, 11.01)",0.0
Amount_shipped,"(600, 4820, 598, 4885, 11.15)",0.0
Amount_shipped,"(600, 4820, 622, 4729, 11.5)",0.0
Amount_shipped,"(600, 4820, 136, 4692, 11.61)",0.0
Amount_shipped,"(600, 4820, 494, 4926, 11.95)",0.0
Amount_shipped,"(600, 4820, 627, 4796, 12.52)",0.0
Amount_shipped,"(600, 4820, 604, 4624, 12.57)",0.0
Amount_shipped,"(600, 4820, 497, 4720, 12.7)",0.0
Amount_shipped,"(600, 4820, 503, 4807, 16.06)",0.0
Amount_shipped,"(600, 4820, 612, 4678, 16.32)",0.0
Amount_shipped,"(600, 4820, 345, 4695, 23.25)",0.0
Amount_shipped,"(600, 4820, 696, 4535, 23.59)",0.0
Amount_shipped,"(600, 4820, 250, 4682, 28.56)",0.0
Amount_shipped,"(600, 4820, 572, 4680, 30.45)",0.0
Amount_shipped,"(600, 4820, 371, 4764, 52.72)",0.0
Amount_shipped,"(600, 4820, 312, 4747, 62.13)",0.0
Amount_shipped,"(600, 4820, 417, 4874, 76.13)",0.0
Amount_shipped,"(600, 4820, 350, 4738, 111.96)",0.0
Amount_shipped,"(600, 4820, 327, 4722, 125.89)",0.0
Amount_shipped,"(600, 4820, 555, 4937, 127.49)",0.0
Amount_shipped,"(600, 4820, 239, 4765, 151.68)",0.0
Amount_shipped,"(600, 4820, 558, 4583, 208.94)",0.0
Amount_shipped,"(600, 4820, 592, 4773, 272.69)",0.0
Amount_shipped,"(600, 4820, 303, 4682, 594.76)",0.0
Amount_shipped,"(600, 4820, 519, 4618, 758.82)",0.0
Amount_shipped,"(600, 4820, 190, 4740, 907.18)",0.0
Amount_shipped,"(600, 4820, 604, 4955, 907.45)",0.0
Amount_shipped,"(600, 4820, 334, 4799, 1285.48)",0.0
Amount_shipped,"(600, 4820, 402, 4762, 1356.12)",0.0
Amount_shipped,"(600, 4840, 604, 4556, 10.77)",0.0
Amount_shipped,"(600, 4840, 545, 4715, 11.01)",0.0
Amount_shipped,"(600, 4840, 598, 4885, 11.15)",0.0
Amount_shipped,"(600, 4840, 622, 4729, 11.5)",0.0
Amount_shipped,"(600, 4840, 136, 4692, 11.61)",0.0
Amount_shipped,"(600, 4840, 494, 4926, 11.95)",0.0
Amount_shipped,"(600, 4840, 627, 4796, 12.52)",0.0
Amount_shipped,"(600, 4840, 604, 4624, 12.57)",0.0
Amount_shipped,"(600, 4840, 497, 4720, 12.7)",0.0
Amount_shipped,"(600, 4840, 503, 4807, 16.06)",0.0
Amount_shipped,"(600, 4840, 612, 4678, 16.32)",0.0
Amount_shipped,"(600, 4840, 345, 4695, 23.25)",0.0
Amount_shipped,"(600, 4840, 696, 4535, 23.59)",0.0
Amount_shipped,"(600, 4840, 250, 4682, 28.56)",0.0
Amount_shipped,"(600, 4840, 572, 4680, 30.45)",0.0
Amount_shipped,"(600, 4840, 371, 4764, 52.72)",0.0
Amount_shipped,"(600, 4840, 312, 4747, 62.13)",0.0
Amount_shipped,"(600, 4840, 417, 4874, 76.13)",0.0
Amount_shipped,"(600, 4840, 350, 4738, 111.96)",0.0
Amount_shipped,"(600, 4840, 327, 4722, 125.89)",0.0
Amount_shipped,"(600, 4840, 555, 4937, 127.49)",0.0
Amount_shipped,"(600, 4840, 239, 4765, 151.68)",0.0
Amount_shipped,"(600, 4840, 558, 4583, 208.94)",0.0
Amount_shipped,"(600, 4840, 592, 4773, 272.69)",0.0
Amount_shipped,"(600, 4840, 303, 4682, 594.76)",0.0
Amount_shipped,"(600, 4840, 519, 4618, 758.82)",0.0
Amount_shipped,"(600, 4840, 190, 4740, 907.18)",0.0
Amount_shipped,"(600, 4840, 604, 4955, 907.45)",0.0
Amount_shipped,"(600, 4840, 334, 4799, 1285.48)",0.0
Amount_shipped,"(600, 4840, 402, 4762, 1356.12)",0.0
Amount_shipped,"(600, 4860, 604, 4556, 10.77)",0.0
Amount_shipped,"(600, 4860, 545, 4715, 11.01)",0.0
Amount_shipped,"(600, 4860, 598, 4885, 11.15)",0.0
Amount_shipped,"(600, 4860, 622, 4729, 11.5)",0.0
Amount_shipped,"(600, 4860, 136, 4692, 11.61)",0.0
Amount_shipped,"(600, 4860, 494, 4926, 11.95)",0.0
Amount_shipped,"(600, 4860, 627, 4796, 12.52)",0.0
Amount_shipped,"(600, 4860, 604, 4624, 12.57)",0.0
Amount_shipped,"(600, 4860, 497, 4720, 12.7)",0.0
Amount_shipped,"(600, 4860, 503, 4807, 16.06)",0.0
Amount_shipped,"(600, 4860, 612, 4678, 16.32)",0.0
Amount_shipped,"(600, 4860, 345, 4695, 23.25)",0.0
Amount_shipped,"(600, 4860, 696, 4535, 23.59)",0.0
Amount_shipped,"(600, 4860, 250, 4682, 28.56)",0.0
Amount_shipped,"(600, 4860, 572, 4680, 30.45)",0.0
Amount_shipped,"(600, 4860, 371, 4764, 52.72)",0.0
Amount_shipped,"(600, 4860, 312, 4747, 62.13)",0.0
Amount_shipped,"(600, 4860, 417, 4874, 76.13)",0.0
Amount_shipped,"(600, 4860, 350, 4738, 111.96)",0.0
Amount_shipped,"(600, 4860, 327, 4722, 125.89)",0.0
Amount_shipped,"(600, 4860, 555, 4937, 127.49)",0.0
Amount_shipped,"(600, 4860, 239, 4765, 151.68)",0.0
Amount_shipped,"(600, 4860, 558, 4583, 208.94)",0.0
Amount_shipped,"(600, 4860, 592, 4773, 272.69)",0.0
Amount_shipped,"(600, 4860, 303, 4682, 594.76)",0.0
Amount_shipped,"(600, 4860, 519, 4618, 758.82)",0.0
Amount_shipped,"(600, 4860, 190, 4740, 907.18)",0.0
Amount_shipped,"(600, 4860, 604, 4955, 907.45)",0.0
Amount_shipped,"(600, 4860, 334, 4799, 1285.48)",0.0
Amount_shipped,"(600, 4860, 402, 4762, 1356.12)",0.0
Amount_shipped,"(600, 4880, 604, 4556, 10.77)",0.0
Amount_shipped,"(600, 4880, 545, 4715, 11.01)",0.0
Amount_shipped,"(600, 4880, 598, 4885, 11.15)",0.0
Amount_shipped,"(600, 4880, 622, 4729, 11.5)",0.0
Amount_shipped,"(600, 4880, 136, 4692, 11.61)",0.0
Amount_shipped,"(600, 4880, 494, 4926, 11.95)",0.0
Amount_shipped,"(600, 4880, 627, 4796, 12.52)",0.0
Amount_shipped,"(600, 4880, 604, 4624, 12.57)",0.0
Amount_shipped,"(600, 4880, 497, 4720, 12.7)",0.0
Amount_shipped,"(600, 4880, 503, 4807, 16.06)",0.0
Amount_shipped,"(600, 4880, 612, 4678, 16.32)",0.0
Amount_shipped,"(600, 4880, 345, 4695, 23.25)",0.0
Amount_shipped,"(600, 4880, 696, 4535, 23.59)",0.0
Amount_shipped,"(600, 4880, 250, 4682, 28.56)",0.0
Amount_shipped,"(600, 4880, 572, 4680, 30.45)",0.0
Amount_shipped,"(600, 4880, 371, 4764, 52.72)",0.0
Amount_shipped,"(600, 4880, 312, 4747, 62.13)",0.0
Amount_shipped,"(600, 4880, 417, 4874, 76.13)",0.0
Amount_shipped,"(600, 4880, 350, 4738, 111.96)",0.0
Amount_shipped,"(600, 4880, 327, 4722, 125.89)",0.0
Amount_shipped,"(600, 4880, 555, 4937, 127.49)",0.0
Amount_shipped,"(600, 4880, 239, 4765, 151.68)",0.0
Amount_shipped,"(600, 4880, 558, 4583, 208.94)",0.0
Amount_shipped,"(600, 4880, 592, 4773, 272.69)",0.0
Amount_shipped,"(600, 4880, 303, 4682, 594.76)",0.0
Amount_shipped,"(600, 4880, 519, 4618, 758.82)",0.0
Amount_shipped,"(600, 4880, 190, 4740, 907.18)",0.0
Amount_shipped,"(600, 4880, 604, 4955, 907.45)",0.0
Amount_shipped,"(600, 4880, 334, 4799, 1285.48)",0.0
Amount_shipped,"(600, 4880, 402, 4762, 1356.12)",0.0
Amount_shipped,"(600, 4900, 604, 4556, 10.77)",0.0
Amount_shipped,"(600, 4900, 545, 4715, 11.01)",0.0
Amount_shipped,"(600, 4900, 598, 4885, 11.15)",0.0
Amount_shipped,"(600, 4900, 622, 4729, 11.5)",0.0
Amount_shipped,"(600, 4900, 136, 4692, 11.61)",0.0
Amount_shipped,"(600, 4900, 494, 4926, 11.95)",0.0
Amount_shipped,"(600, 4900, 627, 4796, 12.52)",0.0
Amount_shipped,"(600, 4900, 604, 4624, 12.57)",0.0
Amount_shipped,"(600, 4900, 497, 4720, 12.7)",0.0
Amount_shipped,"(600, 4900, 503, 4807, 16.06)",0.0
Amount_shipped,"(600, 4900, 612, 4678, 16.32)",0.0
Amount_shipped,"(600, 4900, 345, 4695, 23.25)",0.0
Amount_shipped,"(600, 4900, 696, 4535, 23.59)",0.0
Amount_shipped,"(600, 4900, 250, 4682, 28.56)",0.0
Amount_shipped,"(600, 4900, 572, 4680, 30.45)",0.0
Amount_shipped,"(600, 4900, 371, 4764, 52.72)",0.0
Amount_shipped,"(600, 4900, 312, 4747, 62.13)",0.0
Amount_shipped,"(600, 4900, 417, 4874, 76.13)",0.0
Amount_shipped,"(600, 4900, 350, 4738, 111.96)",0.0
Amount_shipped,"(600, 4900, 327, 4722, 125.89)",0.0
Amount_shipped,"(600, 4900, 555, 4937, 127.49)",0.0
Amount_shipped,"(600, 4900, 239, 4765, 151.68)",0.0
Amount_shipped,"(600, 4900, 558, 4583, 208.94)",0.0
Amount_shipped,"(600, 4900, 592, 4773, 272.69)",0.0
Amount_shipped,"(600, 4900, 303, 4682, 594.76)",0.0
Amount_shipped,"(600, 4900, 519, 4618, 758.82)",0.0
Amount_shipped,"(600, 4900, 190, 4740, 907.18)",0.0
Amount_shipped,"(600, 4900, 604, 4955, 907.45)",0.0
Amount_shipped,"(600, 4900, 334, 4799, 1285.48)",0.0
Amount_shipped,"(600, 4900, 402, 4762, 1356.12)",0.0
Amount_shipped,"(600, 4920, 604, 4556, 10.77)",0.0
Amount_shipped,"(600, 4920, 545, 4715, 11.01)",0.0
Amount_shipped,"(600, 4920, 598, 4885, 11.15)",0.0
Amount_shipped,"(600, 4920, 622, 4729, 11.5)",0.0
Amount_shipped,"(600, 4920, 136, 4692, 11.61)",0.0
Amount_shipped,"(600, 4920, 494, 4926, 11.95)",0.0
Amount_shipped,"(600, 4920, 627, 4796, 12.52)",0.0
Amount_shipped,"(600, 4920, 604, 4624, 12.57)",0.0
Amount_shipped,"(600, 4920, 497, 4720, 12.7)",0.0
Amount_shipped,"(600, 4920, 503, 4807, 16.06)",0.0
Amount_shipped,"(600, 4920, 612, 4678, 16.32)",0.0
Amount_shipped,"(600, 4920, 345, 4695, 23.25)",0.0
Amount_shipped,"(600, 4920, 696, 4535, 23.59)",0.0
Amount_shipped,"(600, 4920, 250, 4682, 28.56)",0.0
Amount_shipped,"(600, 4920, 572, 4680, 30.45)",0.0
Amount_shipped,"(600, 4920, 371, 4764, 52.72)",0.0
Amount_shipped,"(600, 4920, 312, 4747, 62.13)",0.0
Amount_shipped,"(600, 4920, 417, 4874, 76.13)",0.0
Amount_shipped,"(600, 4920, 350, 4738, 111.96)",0.0
Amount_shipped,"(600, 4920, 327, 4722, 125.89)",0.0
Amount_shipped,"(600, 4920, 555, 4937, 127.49)",0.0
Amount_shipped,"(600, 4920, 239, 4765, 151.68)",0.0
Amount_shipped,"(600, 4920, 558, 4583, 208.94)",0.0
Amount_shipped,"(600, 4920, 592, 4773, 272.69)",0.0
Amount_shipped,"(600, 4920, 303, 4682, 594.76)",0.0
Amount_shipped,"(600, 4920, 519, 4618, 758.82)",0.0
Amount_shipped,"(600, 4920, 190, 4740, 907.18)",0.0
Amount_shipped,"(600, 4920, 604, 4955, 907.45)",0.0
Amount_shipped,"(600, 4920, 334, 4799, 1285.48)",0.0
Amount_shipped,"(600, 4920, 402, 4762, 1356.12)",0.0
Amount_shipped,"(600, 4940, 604, 4556, 10.77)",0.0
Amount_shipped,"(600, 4940, 545, 4715, 11.01)",0.0
Amount_shipped,"(600, 4940, 598, 4885, 11.15)",0.0
Amount_shipped,"(600, 4940, 622, 4729, 11.5)",0.0
Amount_shipped,"(600, 4940, 136, 4692, 11.61)",0.0
Amount_shipped,"(600, 4940, 494, 4926, 11.95)",0.0
Amount_shipped,"(600, 4940, 627, 4796, 12.52)",0.0
Amount_shipped,"(600, 4940, 604, 4624, 12.57)",0.0
Amount_shipped,"(600, 4940, 497, 4720, 12.7)",0.0
Amount_shipped,"(600, 4940, 503, 4807, 16.06)",0.0
Amount_shipped,"(600, 4940, 612, 4678, 16.32)",0.0
Amount_shipped,"(600, 4940, 345, 4695, 23.25)",0.0
Amount_shipped,"(600, 4940, 696, 4535, 23.59)",0.0
Amount_shipped,"(600, 4940, 250, 4682, 28.56)",0.0
Amount_shipped,"(600, 4940, 572, 4680, 30.45)",0.0
Amount_shipped,"(600, 4940, 371, 4764, 52.72)",0.0
Amount_shipped,"(600, 4940, 312, 4747, 62.13)",0.0
Amount_shipped,"(600, 4940, 417, 4874, 76.13)",0.0
Amount_shipped,"(600, 4940, 350, 4738, 111.96)",0.0
Amount_shipped,"(600, 4940, 327, 4722, 125.89)",0.0
Amount_shipped,"(600, 4940, 555, 4937, 127.49)",0.0
Amount_shipped,"(600, 4940, 239, 4765, 151.68)",0.0
Amount_shipped,"(600, 4940, 558, 4583, 208.94)",0.0
Amount_shipped,"(600, 4940, 592, 4773, 272.69)",0.0
Amount_shipped,"(600, 4940, 303, 4682, 594.76)",0.0
Amount_shipped,"(600, 4940, 519, 4618, 758.82)",0.0
Amount_shipped,"(600, 4940, 190, 4740, 907.18)",0.0
Amount_shipped,"(600, 4940, 604, 4955, 907.45)",0.0
Amount_shipped,"(600, 4940, 334, 4799, 1285.48)",0.0
Amount_shipped,"(600, 4940, 402, 4762, 1356.12)",0.0
Amount_shipped,"(600, 4960, 604, 4556, 10.77)",0.0
Amount_shipped,"(600, 4960, 545, 4715, 11.01)",0.0
Amount_shipped,"(600, 4960, 598, 4885, 11.15)",11.15
Amount_shipped,"(600, 4960, 622, 4729, 11.5)",0.0
Amount_shipped,"(600, 4960, 136, 4692, 11.61)",0.0
Amount_shipped,"(600, 4960, 494, 4926, 11.95)",0.0
Amount_shipped,"(600, 4960, 627, 4796, 12.52)",0.0
Amount_shipped,"(600, 4960, 604, 4624, 12.57)",0.0
Amount_shipped,"(600, 4960, 497, 4720, 12.7)",0.0
Amount_shipped,"(600, 4960, 503, 4807, 16.06)",0.0
Amount_shipped,"(600, 4960, 612, 4678, 16.32)",0.0
Amount_shipped,"(600, 4960, 345, 4695, 23.25)",0.0
Amount_shipped,"(600, 4960, 696, 4535, 23.59)",0.0
Amount_shipped,"(600, 4960, 250, 4682, 28.56)",0.0
Amount_shipped,"(600, 4960, 572, 4680, 30.45)",0.0
Amount_shipped,"(600, 4960, 371, 4764, 52.72)",0.0
Amount_shipped,"(600, 4960, 312, 4747, 62.13)",0.0
Amount_shipped,"(600, 4960, 417, 4874, 76.13)",0.0
Amount_shipped,"(600, 4960, 350, 4738, 111.96)",0.0
Amount_shipped,"(600, 4960, 327, 4722, 125.89)",0.0
Amount_shipped,"(600, 4960, 555, 4937, 127.49)",127.48999999999998
Amount_shipped,"(600, 4960, 239, 4765, 151.68)",0.0
Amount_shipped,"(600, 4960, 558, 4583, 208.94)",0.0
Amount_shipped,"(600, 4960, 592, 4773, 272.69)",0.0
Amount_shipped,"(600, 4960, 303, 4682, 594.76)",0.0
Amount_shipped,"(600, 4960, 519, 4618, 758.82)",0.0
Amount_shipped,"(600, 4960, 190, 4740, 907.18)",0.0
Amount_shipped,"(600, 4960, 604, 4955, 907.45)",907.45
Amount_shipped,"(600, 4960, 334, 4799, 1285.48)",0.0
Amount_shipped,"(600, 4960, 402, 4762, 1356.12)",0.0
Amount_shipped,"(600, 4980, 604, 4556, 10.77)",0.0
Amount_shipped,"(600, 4980, 545, 4715, 11.01)",0.0
Amount_shipped,"(600, 4980, 598, 4885, 11.15)",0.0
Amount_shipped,"(600, 4980, 622, 4729, 11.5)",0.0
Amount_shipped,"(600, 4980, 136, 4692, 11.61)",0.0
Amount_shipped,"(600, 4980, 494, 4926, 11.95)",0.0
Amount_shipped,"(600, 4980, 627, 4796, 12.52)",0.0
Amount_shipped,"(600, 4980, 604, 4624, 12.57)",0.0
Amount_shipped,"(600, 4980, 497, 4720, 12.7)",0.0
Amount_shipped,"(600, 4980, 503, 4807, 16.06)",0.0
Amount_shipped,"(600, 4980, 612, 4678, 16.32)",0.0
Amount_shipped,"(600, 4980, 345, 4695, 23.25)",0.0
Amount_shipped,"(600, 4980, 696, 4535, 23.59)",0.0
Amount_shipped,"(600, 4980, 250, 4682, 28.56)",0.0
Amount_shipped,"(600, 4980, 572, 4680, 30.45)",0.0
Amount_shipped,"(600, 4980, 371, 4764, 52.72)",0.0
Amount_shipped,"(600, 4980, 312, 4747, 62.13)",0.0
Amount_shipped,"(600, 4980, 417, 4874, 76.13)",0.0
Amount_shipped,"(600, 4980, 350, 4738, 111.96)",0.0
Amount_shipped,"(600, 4980, 327, 4722, 125.89)",0.0
Amount_shipped,"(600, 4980, 555, 4937, 127.49)",0.0
Amount_shipped,"(600, 4980, 239, 4765, 151.68)",0.0
Amount_shipped,"(600, 4980, 558, 4583, 208.94)",0.0
Amount_shipped,"(600, 4980, 592, 4773, 272.69)",0.0
Amount_shipped,"(600, 4980, 303, 4682, 594.76)",0.0
Amount_shipped,"(600, 4980, 519, 4618, 758.82)",0.0
Amount_shipped,"(600, 4980, 190, 4740, 907.18)",0.0
Amount_shipped,"(600, 4980, 604, 4955, 907.45)",0.0
Amount_shipped,"(600, 4980, 334, 4799, 1285.48)",0.0
Amount_shipped,"(600, 4980, 402, 4762, 1356.12)",0.0
Amount_shipped,"(620, 4440, 604, 4556, 10.77)",0.0
Amount_shipped,"(620, 4440, 545, 4715, 11.01)",0.0
Amount_shipped,"(620, 4440, 598, 4885, 11.15)",0.0
Amount_shipped,"(620, 4440, 622, 4729, 11.5)",0.0
Amount_shipped,"(620, 4440, 136, 4692, 11.61)",0.0
Amount_shipped,"(620, 4440, 494, 4926, 11.95)",0.0
Amount_shipped,"(620, 4440, 627, 4796, 12.52)",0.0
Amount_shipped,"(620, 4440, 604, 4624, 12.57)",0.0
Amount_shipped,"(620, 4440, 497, 4720, 12.7)",0.0
Amount_shipped,"(620, 4440, 503, 4807, 16.06)",0.0
Amount_shipped,"(620, 4440, 612, 4678, 16.32)",0.0
Amount_shipped,"(620, 4440, 345, 4695, 23.25)",0.0
Amount_shipped,"(620, 4440, 696, 4535, 23.59)",0.0
Amount_shipped,"(620, 4440, 250, 4682, 28.56)",0.0
Amount_shipped,"(620, 4440, 572, 4680, 30.45)",0.0
Amount_shipped,"(620, 4440, 371, 4764, 52.72)",0.0
Amount_shipped,"(620, 4440, 312, 4747, 62.13)",0.0
Amount_shipped,"(620, 4440, 417, 4874, 76.13)",0.0
Amount_shipped,"(620, 4440, 350, 4738, 111.96)",0.0
Amount_shipped,"(620, 4440, 327, 4722, 125.89)",0.0
Amount_shipped,"(620, 4440, 555, 4937, 127.49)",0.0
Amount_shipped,"(620, 4440, 239, 4765, 151.68)",0.0
Amount_shipped,"(620, 4440, 558, 4583, 208.94)",0.0
Amount_shipped,"(620, 4440, 592, 4773, 272.69)",0.0
Amount_shipped,"(620, 4440, 303, 4682, 594.76)",0.0
Amount_shipped,"(620, 4440, 519, 4618, 758.82)",0.0
Amount_shipped,"(620, 4440, 190, 4740, 907.18)",0.0
Amount_shipped,"(620, 4440, 604, 4955, 907.45)",0.0
Amount_shipped,"(620, 4440, 334, 4799, 1285.48)",0.0
Amount_shipped,"(620, 4440, 402, 4762, 1356.12)",0.0
Amount_shipped,"(620, 4460, 604, 4556, 10.77)",0.0
Amount_shipped,"(620, 4460, 545, 4715, 11.01)",0.0
Amount_shipped,"(620, 4460, 598, 4885, 11.15)",0.0
Amount_shipped,"(620, 4460, 622, 4729, 11.5)",0.0
Amount_shipped,"(620, 4460, 136, 4692, 11.61)",0.0
Amount_shipped,"(620, 4460, 494, 4926, 11.95)",0.0
Amount_shipped,"(620, 4460, 627, 4796, 12.52)",0.0
Amount_shipped,"(620, 4460, 604, 4624, 12.57)",0.0
Amount_shipped,"(620, 4460, 497, 4720, 12.7)",0.0
Amount_shipped,"(620, 4460, 503, 4807, 16.06)",0.0
Amount_shipped,"(620, 4460, 612, 4678, 16.32)",0.0
Amount_shipped,"(620, 4460, 345, 4695, 23.25)",0.0
Amount_shipped,"(620, 4460, 696, 4535, 23.59)",0.0
Amount_shipped,"(620, 4460, 250, 4682, 28.56)",0.0
Amount_shipped,"(620, 4460, 572, 4680, 30.45)",0.0
Amount_shipped,"(620, 4460, 371, 4764, 52.72)",0.0
Amount_shipped,"(620, 4460, 312, 4747, 62.13)",0.0
Amount_shipped,"(620, 4460, 417, 4874, 76.13)",0.0
Amount_shipped,"(620, 4460, 350, 4738, 111.96)",0.0
Amount_shipped,"(620, 4460, 327, 4722, 125.89)",0.0
Amount_shipped,"(620, 4460, 555, 4937, 127.49)",0.0
Amount_shipped,"(620, 4460, 239, 4765, 151.68)",0.0
Amount_shipped,"(620, 4460, 558, 4583, 208.94)",0.0
Amount_shipped,"(620, 4460, 592, 4773, 272.69)",0.0
Amount_shipped,"(620, 4460, 303, 4682, 594.76)",0.0
Amount_shipped,"(620, 4460, 519, 4618, 758.82)",0.0
Amount_shipped,"(620, 4460, 190, 4740, 907.18)",0.0
Amount_shipped,"(620, 4460, 604, 4955, 907.45)",0.0
Amount_shipped,"(620, 4460, 334, 4799, 1285.48)",0.0
Amount_shipped,"(620, 4460, 402, 4762, 1356.12)",0.0
Amount_shipped,"(620, 4480, 604, 4556, 10.77)",0.0
Amount_shipped,"(620, 4480, 545, 4715, 11.01)",0.0
Amount_shipped,"(620, 4480, 598, 4885, 11.15)",0.0
Amount_shipped,"(620, 4480, 622, 4729, 11.5)",0.0
Amount_shipped,"(620, 4480, 136, 4692, 11.61)",0.0
Amount_shipped,"(620, 4480, 494, 4926, 11.95)",0.0
Amount_shipped,"(620, 4480, 627, 4796, 12.52)",0.0
Amount_shipped,"(620, 4480, 604, 4624, 12.57)",0.0
Amount_shipped,"(620, 4480, 497, 4720, 12.7)",0.0
Amount_shipped,"(620, 4480, 503, 4807, 16.06)",0.0
Amount_shipped,"(620, 4480, 612, 4678, 16.32)",0.0
Amount_shipped,"(620, 4480, 345, 4695, 23.25)",0.0
Amount_shipped,"(620, 4480, 696, 4535, 23.59)",0.0
Amount_shipped,"(620, 4480, 250, 4682, 28.56)",0.0
Amount_shipped,"(620, 4480, 572, 4680, 30.45)",0.0
Amount_shipped,"(620, 4480, 371, 4764, 52.72)",0.0
Amount_shipped,"(620, 4480, 312, 4747, 62.13)",0.0
Amount_shipped,"(620, 4480, 417, 4874, 76.13)",0.0
Amount_shipped,"(620, 4480, 350, 4738, 111.96)",0.0
Amount_shipped,"(620, 4480, 327, 4722, 125.89)",0.0
Amount_shipped,"(620, 4480, 555, 4937, 127.49)",0.0
Amount_shipped,"(620, 4480, 239, 4765, 151.68)",0.0
Amount_shipped,"(620, 4480, 558, 4583, 208.94)",0.0
Amount_shipped,"(620, 4480, 592, 4773, 272.69)",0.0
Amount_shipped,"(620, 4480, 303, 4682, 594.76)",0.0
Amount_shipped,"(620, 4480, 519, 4618, 758.82)",0.0
Amount_shipped,"(620, 4480, 190, 4740, 907.18)",0.0
Amount_shipped,"(620, 4480, 604, 4955, 907.45)",0.0
Amount_shipped,"(620, 4480, 334, 4799, 1285.48)",0.0
Amount_shipped,"(620, 4480, 402, 4762, 1356.12)",0.0
Amount_shipped,"(620, 4500, 604, 4556, 10.77)",0.0
Amount_shipped,"(620, 4500, 545, 4715, 11.01)",0.0
Amount_shipped,"(620, 4500, 598, 4885, 11.15)",0.0
Amount_shipped,"(620, 4500, 622, 4729, 11.5)",0.0
Amount_shipped,"(620, 4500, 136, 4692, 11.61)",0.0
Amount_shipped,"(620, 4500, 494, 4926, 11.95)",0.0
Amount_shipped,"(620, 4500, 627, 4796, 12.52)",0.0
Amount_shipped,"(620, 4500, 604, 4624, 12.57)",0.0
Amount_shipped,"(620, 4500, 497, 4720, 12.7)",0.0
Amount_shipped,"(620, 4500, 503, 4807, 16.06)",0.0
Amount_shipped,"(620, 4500, 612, 4678, 16.32)",0.0
Amount_shipped,"(620, 4500, 345, 4695, 23.25)",0.0
Amount_shipped,"(620, 4500, 696, 4535, 23.59)",0.0
Amount_shipped,"(620, 4500, 250, 4682, 28.56)",0.0
Amount_shipped,"(620, 4500, 572, 4680, 30.45)",0.0
Amount_shipped,"(620, 4500, 371, 4764, 52.72)",0.0
Amount_shipped,"(620, 4500, 312, 4747, 62.13)",0.0
Amount_shipped,"(620, 4500, 417, 4874, 76.13)",0.0
Amount_shipped,"(620, 4500, 350, 4738, 111.96)",0.0
Amount_shipped,"(620, 4500, 327, 4722, 125.89)",0.0
Amount_shipped,"(620, 4500, 555, 4937, 127.49)",0.0
Amount_shipped,"(620, 4500, 239, 4765, 151.68)",0.0
Amount_shipped,"(620, 4500, 558, 4583, 208.94)",0.0
Amount_shipped,"(620, 4500, 592, 4773, 272.69)",0.0
Amount_shipped,"(620, 4500, 303, 4682, 594.76)",0.0
Amount_shipped,"(620, 4500, 519, 4618, 758.82)",0.0
Amount_shipped,"(620, 4500, 190, 4740, 907.18)",0.0
Amount_shipped,"(620, 4500, 604, 4955, 907.45)",0.0
Amount_shipped,"(620, 4500, 334, 4799, 1285.48)",0.0
Amount_shipped,"(620, 4500, 402, 4762, 1356.12)",0.0
Amount_shipped,"(620, 4520, 604, 4556, 10.77)",0.0
Amount_shipped,"(620, 4520, 545, 4715, 11.01)",0.0
Amount_shipped,"(620, 4520, 598, 4885, 11.15)",0.0
Amount_shipped,"(620, 4520, 622, 4729, 11.5)",0.0
Amount_shipped,"(620, 4520, 136, 4692, 11.61)",0.0
Amount_shipped,"(620, 4520, 494, 4926, 11.95)",0.0
Amount_shipped,"(620, 4520, 627, 4796, 12.52)",0.0
Amount_shipped,"(620, 4520, 604, 4624, 12.57)",0.0
Amount_shipped,"(620, 4520, 497, 4720, 12.7)",0.0
Amount_shipped,"(620, 4520, 503, 4807, 16.06)",0.0
Amount_shipped,"(620, 4520, 612, 4678, 16.32)",0.0
Amount_shipped,"(620, 4520, 345, 4695, 23.25)",0.0
Amount_shipped,"(620, 4520, 696, 4535, 23.59)",0.0
Amount_shipped,"(620, 4520, 250, 4682, 28.56)",0.0
Amount_shipped,"(620, 4520, 572, 4680, 30.45)",0.0
Amount_shipped,"(620, 4520, 371, 4764, 52.72)",0.0
Amount_shipped,"(620, 4520, 312, 4747, 62.13)",0.0
Amount_shipped,"(620, 4520, 417, 4874, 76.13)",0.0
Amount_shipped,"(620, 4520, 350, 4738, 111.96)",0.0
Amount_shipped,"(620, 4520, 327, 4722, 125.89)",0.0
Amount_shipped,"(620, 4520, 555, 4937, 127.49)",0.0
Amount_shipped,"(620, 4520, 239, 4765, 151.68)",0.0
Amount_shipped,"(620, 4520, 558, 4583, 208.94)",0.0
Amount_shipped,"(620, 4520, 592, 4773, 272.69)",0.0
Amount_shipped,"(620, 4520, 303, 4682, 594.76)",0.0
Amount_shipped,"(620, 4520, 519, 4618, 758.82)",0.0
Amount_shipped,"(620, 4520, 190, 4740, 907.18)",0.0
Amount_shipped,"(620, 4520, 604, 4955, 907.45)",0.0
Amount_shipped,"(620, 4520, 334, 4799, 1285.48)",0.0
Amount_shipped,"(620, 4520, 402, 4762, 1356.12)",0.0
Amount_shipped,"(620, 4540, 604, 4556, 10.77)",0.0
Amount_shipped,"(620, 4540, 545, 4715, 11.01)",0.0
Amount_shipped,"(620, 4540, 598, 4885, 11.15)",0.0
Amount_shipped,"(620, 4540, 622, 4729, 11.5)",0.0
Amount_shipped,"(620, 4540, 136, 4692, 11.61)",0.0
Amount_shipped,"(620, 4540, 494, 4926, 11.95)",0.0
Amount_shipped,"(620, 4540, 627, 4796, 12.52)",0.0
Amount_shipped,"(620, 4540, 604, 4624, 12.57)",0.0
Amount_shipped,"(620, 4540, 497, 4720, 12.7)",0.0
Amount_shipped,"(620, 4540, 503, 4807, 16.06)",0.0
Amount_shipped,"(620, 4540, 612, 4678, 16.32)",0.0
Amount_shipped,"(620, 4540, 345, 4695, 23.25)",0.0
Amount_shipped,"(620, 4540, 696, 4535, 23.59)",0.0
Amount_shipped,"(620, 4540, 250, 4682, 28.56)",0.0
Amount_shipped,"(620, 4540, 572, 4680, 30.45)",0.0
Amount_shipped,"(620, 4540, 371, 4764, 52.72)",0.0
Amount_shipped,"(620, 4540, 312, 4747, 62.13)",0.0
Amount_shipped,"(620, 4540, 417, 4874, 76.13)",0.0
Amount_shipped,"(620, 4540, 350, 4738, 111.96)",0.0
Amount_shipped,"(620, 4540, 327, 4722, 125.89)",0.0
Amount_shipped,"(620, 4540, 555, 4937, 127.49)",0.0
Amount_shipped,"(620, 4540, 239, 4765, 151.68)",0.0
Amount_shipped,"(620, 4540, 558, 4583, 208.94)",0.0
Amount_shipped,"(620, 4540, 592, 4773, 272.69)",0.0
Amount_shipped,"(620, 4540, 303, 4682, 594.76)",0.0
Amount_shipped,"(620, 4540, 519, 4618, 758.82)",0.0
Amount_shipped,"(620, 4540, 190, 4740, 907.18)",0.0
Amount_shipped,"(620, 4540, 604, 4955, 907.45)",0.0
Amount_shipped,"(620, 4540, 334, 4799, 1285.48)",0.0
Amount_shipped,"(620, 4540, 402, 4762, 1356.12)",0.0
Amount_shipped,"(620, 4560, 604, 4556, 10.77)",0.0
Amount_shipped,"(620, 4560, 545, 4715, 11.01)",0.0
Amount_shipped,"(620, 4560, 598, 4885, 11.15)",0.0
Amount_shipped,"(620, 4560, 622, 4729, 11.5)",0.0
Amount_shipped,"(620, 4560, 136, 4692, 11.61)",0.0
Amount_shipped,"(620, 4560, 494, 4926, 11.95)",0.0
Amount_shipped,"(620, 4560, 627, 4796, 12.52)",0.0
Amount_shipped,"(620, 4560, 604, 4624, 12.57)",0.0
Amount_shipped,"(620, 4560, 497, 4720, 12.7)",0.0
Amount_shipped,"(620, 4560, 503, 4807, 16.06)",0.0
Amount_shipped,"(620, 4560, 612, 4678, 16.32)",0.0
Amount_shipped,"(620, 4560, 345, 4695, 23.25)",0.0
Amount_shipped,"(620, 4560, 696, 4535, 23.59)",0.0
Amount_shipped,"(620, 4560, 250, 4682, 28.56)",0.0
Amount_shipped,"(620, 4560, 572, 4680, 30.45)",0.0
Amount_shipped,"(620, 4560, 371, 4764, 52.72)",0.0
Amount_shipped,"(620, 4560, 312, 4747, 62.13)",0.0
Amount_shipped,"(620, 4560, 417, 4874, 76.13)",0.0
Amount_shipped,"(620, 4560, 350, 4738, 111.96)",0.0
Amount_shipped,"(620, 4560, 327, 4722, 125.89)",0.0
Amount_shipped,"(620, 4560, 555, 4937, 127.49)",0.0
Amount_shipped,"(620, 4560, 239, 4765, 151.68)",0.0
Amount_shipped,"(620, 4560, 558, 4583, 208.94)",0.0
Amount_shipped,"(620, 4560, 592, 4773, 272.69)",0.0
Amount_shipped,"(620, 4560, 303, 4682, 594.76)",0.0
Amount_shipped,"(620, 4560, 519, 4618, 758.82)",0.0
Amount_shipped,"(620, 4560, 190, 4740, 907.18)",0.0
Amount_shipped,"(620, 4560, 604, 4955, 907.45)",0.0
Amount_shipped,"(620, 4560, 334, 4799, 1285.48)",0.0
Amount_shipped,"(620, 4560, 402, 4762, 1356.12)",0.0
Amount_shipped,"(620, 4580, 604, 4556, 10.77)",0.0
Amount_shipped,"(620, 4580, 545, 4715, 11.01)",0.0
Amount_shipped,"(620, 4580, 598, 4885, 11.15)",0.0
Amount_shipped,"(620, 4580, 622, 4729, 11.5)",0.0
Amount_shipped,"(620, 4580, 136, 4692, 11.61)",0.0
Amount_shipped,"(620, 4580, 494, 4926, 11.95)",0.0
Amount_shipped,"(620, 4580, 627, 4796, 12.52)",0.0
Amount_shipped,"(620, 4580, 604, 4624, 12.57)",0.0
Amount_shipped,"(620, 4580, 497, 4720, 12.7)",0.0
Amount_shipped,"(620, 4580, 503, 4807, 16.06)",0.0
Amount_shipped,"(620, 4580, 612, 4678, 16.32)",0.0
Amount_shipped,"(620, 4580, 345, 4695, 23.25)",0.0
Amount_shipped,"(620, 4580, 696, 4535, 23.59)",0.0
Amount_shipped,"(620, 4580, 250, 4682, 28.56)",0.0
Amount_shipped,"(620, 4580, 572, 4680, 30.45)",0.0
Amount_shipped,"(620, 4580, 371, 4764, 52.72)",0.0
Amount_shipped,"(620, 4580, 312, 4747, 62.13)",0.0
Amount_shipped,"(620, 4580, 417, 4874, 76.13)",0.0
Amount_shipped,"(620, 4580, 350, 4738, 111.96)",0.0
Amount_shipped,"(620, 4580, 327, 4722, 125.89)",0.0
Amount_shipped,"(620, 4580, 555, 4937, 127.49)",0.0
Amount_shipped,"(620, 4580, 239, 4765, 151.68)",0.0
Amount_shipped,"(620, 4580, 558, 4583, 208.94)",0.0
Amount_shipped,"(620, 4580, 592, 4773, 272.69)",0.0
Amount_shipped,"(620, 4580, 303, 4682, 594.76)",0.0
Amount_shipped,"(620, 4580, 519, 4618, 758.82)",0.0
Amount_shipped,"(620, 4580, 190, 4740, 907.18)",0.0
Amount_shipped,"(620, 4580, 604, 4955, 907.45)",0.0
Amount_shipped,"(620, 4580, 334, 4799, 1285.48)",0.0
Amount_shipped,"(620, 4580, 402, 4762, 1356.12)",0.0
Amount_shipped,"(620, 4600, 604, 4556, 10.77)",0.0
Amount_shipped,"(620, 4600, 545, 4715, 11.01)",0.0
Amount_shipped,"(620, 4600, 598, 4885, 11.15)",0.0
Amount_shipped,"(620, 4600, 622, 4729, 11.5)",0.0
Amount_shipped,"(620, 4600, 136, 4692, 11.61)",0.0
Amount_shipped,"(620, 4600, 494, 4926, 11.95)",0.0
Amount_shipped,"(620, 4600, 627, 4796, 12.52)",0.0
Amount_shipped,"(620, 4600, 604, 4624, 12.57)",0.0
Amount_shipped,"(620, 4600, 497, 4720, 12.7)",0.0
Amount_shipped,"(620, 4600, 503, 4807, 16.06)",0.0
Amount_shipped,"(620, 4600, 612, 4678, 16.32)",0.0
Amount_shipped,"(620, 4600, 345, 4695, 23.25)",0.0
Amount_shipped,"(620, 4600, 696, 4535, 23.59)",0.0
Amount_shipped,"(620, 4600, 250, 4682, 28.56)",0.0
Amount_shipped,"(620, 4600, 572, 4680, 30.45)",0.0
Amount_shipped,"(620, 4600, 371, 4764, 52.72)",0.0
Amount_shipped,"(620, 4600, 312, 4747, 62.13)",0.0
Amount_shipped,"(620, 4600, 417, 4874, 76.13)",0.0
Amount_shipped,"(620, 4600, 350, 4738, 111.96)",0.0
Amount_shipped,"(620, 4600, 327, 4722, 125.89)",0.0
Amount_shipped,"(620, 4600, 555, 4937, 127.49)",0.0
Amount_shipped,"(620, 4600, 239, 4765, 151.68)",0.0
Amount_shipped,"(620, 4600, 558, 4583, 208.94)",0.0
Amount_shipped,"(620, 4600, 592, 4773, 272.69)",0.0
Amount_shipped,"(620, 4600, 303, 4682, 594.76)",0.0
Amount_shipped,"(620, 4600, 519, 4618, 758.82)",0.0
Amount_shipped,"(620, 4600, 190, 4740, 907.18)",0.0
Amount_shipped,"(620, 4600, 604, 4955, 907.45)",0.0
Amount_shipped,"(620, 4600, 334, 4799, 1285.48)",0.0
Amount_shipped,"(620, 4600, 402, 4762, 1356.12)",0.0
Amount_shipped,"(620, 4620, 604, 4556, 10.77)",0.0
Amount_shipped,"(620, 4620, 545, 4715, 11.01)",0.0
Amount_shipped,"(620, 4620, 598, 4885, 11.15)",0.0
Amount_shipped,"(620, 4620, 622, 4729, 11.5)",0.0
Amount_shipped,"(620, 4620, 136, 4692, 11.61)",0.0
Amount_shipped,"(620, 4620, 494, 4926, 11.95)",0.0
Amount_shipped,"(620, 4620, 627, 4796, 12.52)",0.0
Amount_shipped,"(620, 4620, 604, 4624, 12.57)",0.0
Amount_shipped,"(620, 4620, 497, 4720, 12.7)",0.0
Amount_shipped,"(620, 4620, 503, 4807, 16.06)",0.0
Amount_shipped,"(620, 4620, 612, 4678, 16.32)",0.0
Amount_shipped,"(620, 4620, 345, 4695, 23.25)",0.0
Amount_shipped,"(620, 4620, 696, 4535, 23.59)",0.0
Amount_shipped,"(620, 4620, 250, 4682, 28.56)",0.0
Amount_shipped,"(620, 4620, 572, 4680, 30.45)",0.0
Amount_shipped,"(620, 4620, 371, 4764, 52.72)",0.0
Amount_shipped,"(620, 4620, 312, 4747, 62.13)",0.0
Amount_shipped,"(620, 4620, 417, 4874, 76.13)",0.0
Amount_shipped,"(620, 4620, 350, 4738, 111.96)",0.0
Amount_shipped,"(620, 4620, 327, 4722, 125.89)",0.0
Amount_shipped,"(620, 4620, 555, 4937, 127.49)",0.0
Amount_shipped,"(620, 4620, 239, 4765, 151.68)",0.0
Amount_shipped,"(620, 4620, 558, 4583, 208.94)",0.0
Amount_shipped,"(620, 4620, 592, 4773, 272.69)",0.0
Amount_shipped,"(620, 4620, 303, 4682, 594.76)",0.0
Amount_shipped,"(620, 4620, 519, 4618, 758.82)",0.0
Amount_shipped,"(620, 4620, 190, 4740, 907.18)",0.0
Amount_shipped,"(620, 4620, 604, 4955, 907.45)",0.0
Amount_shipped,"(620, 4620, 334, 4799, 1285.48)",0.0
Amount_shipped,"(620, 4620, 402, 4762, 1356.12)",0.0
Amount_shipped,"(620, 4640, 604, 4556, 10.77)",0.0
Amount_shipped,"(620, 4640, 545, 4715, 11.01)",0.0
Amount_shipped,"(620, 4640, 598, 4885, 11.15)",0.0
Amount_shipped,"(620, 4640, 622, 4729, 11.5)",0.0
Amount_shipped,"(620, 4640, 136, 4692, 11.61)",0.0
Amount_shipped,"(620, 4640, 494, 4926, 11.95)",0.0
Amount_shipped,"(620, 4640, 627, 4796, 12.52)",0.0
Amount_shipped,"(620, 4640, 604, 4624, 12.57)",0.0
Amount_shipped,"(620, 4640, 497, 4720, 12.7)",0.0
Amount_shipped,"(620, 4640, 503, 4807, 16.06)",0.0
Amount_shipped,"(620, 4640, 612, 4678, 16.32)",0.0
Amount_shipped,"(620, 4640, 345, 4695, 23.25)",0.0
Amount_shipped,"(620, 4640, 696, 4535, 23.59)",0.0
Amount_shipped,"(620, 4640, 250, 4682, 28.56)",0.0
Amount_shipped,"(620, 4640, 572, 4680, 30.45)",0.0
Amount_shipped,"(620, 4640, 371, 4764, 52.72)",0.0
Amount_shipped,"(620, 4640, 312, 4747, 62.13)",0.0
Amount_shipped,"(620, 4640, 417, 4874, 76.13)",0.0
Amount_shipped,"(620, 4640, 350, 4738, 111.96)",0.0
Amount_shipped,"(620, 4640, 327, 4722, 125.89)",0.0
Amount_shipped,"(620, 4640, 555, 4937, 127.49)",0.0
Amount_shipped,"(620, 4640, 239, 4765, 151.68)",0.0
Amount_shipped,"(620, 4640, 558, 4583, 208.94)",0.0
Amount_shipped,"(620, 4640, 592, 4773, 272.69)",0.0
Amount_shipped,"(620, 4640, 303, 4682, 594.76)",0.0
Amount_shipped,"(620, 4640, 519, 4618, 758.82)",0.0
Amount_shipped,"(620, 4640, 190, 4740, 907.18)",0.0
Amount_shipped,"(620, 4640, 604, 4955, 907.45)",0.0
Amount_shipped,"(620, 4640, 334, 4799, 1285.48)",0.0
Amount_shipped,"(620, 4640, 402, 4762, 1356.12)",0.0
Amount_shipped,"(620, 4660, 604, 4556, 10.77)",0.0
Amount_shipped,"(620, 4660, 545, 4715, 11.01)",0.0
Amount_shipped,"(620, 4660, 598, 4885, 11.15)",0.0
Amount_shipped,"(620, 4660, 622, 4729, 11.5)",0.0
Amount_shipped,"(620, 4660, 136, 4692, 11.61)",0.0
Amount_shipped,"(620, 4660, 494, 4926, 11.95)",0.0
Amount_shipped,"(620, 4660, 627, 4796, 12.52)",0.0
Amount_shipped,"(620, 4660, 604, 4624, 12.57)",0.0
Amount_shipped,"(620, 4660, 497, 4720, 12.7)",0.0
Amount_shipped,"(620, 4660, 503, 4807, 16.06)",0.0
Amount_shipped,"(620, 4660, 612, 4678, 16.32)",0.0
Amount_shipped,"(620, 4660, 345, 4695, 23.25)",0.0
Amount_shipped,"(620, 4660, 696, 4535, 23.59)",0.0
Amount_shipped,"(620, 4660, 250, 4682, 28.56)",0.0
Amount_shipped,"(620, 4660, 572, 4680, 30.45)",0.0
Amount_shipped,"(620, 4660, 371, 4764, 52.72)",0.0
Amount_shipped,"(620, 4660, 312, 4747, 62.13)",0.0
Amount_shipped,"(620, 4660, 417, 4874, 76.13)",0.0
Amount_shipped,"(620, 4660, 350, 4738, 111.96)",0.0
Amount_shipped,"(620, 4660, 327, 4722, 125.89)",0.0
Amount_shipped,"(620, 4660, 555, 4937, 127.49)",0.0
Amount_shipped,"(620, 4660, 239, 4765, 151.68)",0.0
Amount_shipped,"(620, 4660, 558, 4583, 208.94)",0.0
Amount_shipped,"(620, 4660, 592, 4773, 272.69)",0.0
Amount_shipped,"(620, 4660, 303, 4682, 594.76)",0.0
Amount_shipped,"(620, 4660, 519, 4618, 758.82)",0.0
Amount_shipped,"(620, 4660, 190, 4740, 907.18)",0.0
Amount_shipped,"(620, 4660, 604, 4955, 907.45)",0.0
Amount_shipped,"(620, 4660, 334, 4799, 1285.48)",0.0
Amount_shipped,"(620, 4660, 402, 4762, 1356.12)",0.0
Amount_shipped,"(620, 4680, 604, 4556, 10.77)",0.0
Amount_shipped,"(620, 4680, 545, 4715, 11.01)",0.0
Amount_shipped,"(620, 4680, 598, 4885, 11.15)",0.0
Amount_shipped,"(620, 4680, 622, 4729, 11.5)",0.0
Amount_shipped,"(620, 4680, 136, 4692, 11.61)",0.0
Amount_shipped,"(620, 4680, 494, 4926, 11.95)",0.0
Amount_shipped,"(620, 4680, 627, 4796, 12.52)",0.0
Amount_shipped,"(620, 4680, 604, 4624, 12.57)",0.0
Amount_shipped,"(620, 4680, 497, 4720, 12.7)",0.0
Amount_shipped,"(620, 4680, 503, 4807, 16.06)",0.0
Amount_shipped,"(620, 4680, 612, 4678, 16.32)",0.0
Amount_shipped,"(620, 4680, 345, 4695, 23.25)",0.0
Amount_shipped,"(620, 4680, 696, 4535, 23.59)",0.0
Amount_shipped,"(620, 4680, 250, 4682, 28.56)",0.0
Amount_shipped,"(620, 4680, 572, 4680, 30.45)",0.0
Amount_shipped,"(620, 4680, 371, 4764, 52.72)",0.0
Amount_shipped,"(620, 4680, 312, 4747, 62.13)",0.0
Amount_shipped,"(620, 4680, 417, 4874, 76.13)",0.0
Amount_shipped,"(620, 4680, 350, 4738, 111.96)",0.0
Amount_shipped,"(620, 4680, 327, 4722, 125.89)",0.0
Amount_shipped,"(620, 4680, 555, 4937, 127.49)",0.0
Amount_shipped,"(620, 4680, 239, 4765, 151.68)",0.0
Amount_shipped,"(620, 4680, 558, 4583, 208.94)",0.0
Amount_shipped,"(620, 4680, 592, 4773, 272.69)",0.0
Amount_shipped,"(620, 4680, 303, 4682, 594.76)",0.0
Amount_shipped,"(620, 4680, 519, 4618, 758.82)",0.0
Amount_shipped,"(620, 4680, 190, 4740, 907.18)",0.0
Amount_shipped,"(620, 4680, 604, 4955, 907.45)",0.0
Amount_shipped,"(620, 4680, 334, 4799, 1285.48)",0.0
Amount_shipped,"(620, 4680, 402, 4762, 1356.12)",0.0
Amount_shipped,"(620, 4700, 604, 4556, 10.77)",0.0
Amount_shipped,"(620, 4700, 545, 4715, 11.01)",0.0
Amount_shipped,"(620, 4700, 598, 4885, 11.15)",0.0
Amount_shipped,"(620, 4700, 622, 4729, 11.5)",0.0
Amount_shipped,"(620, 4700, 136, 4692, 11.61)",0.0
Amount_shipped,"(620, 4700, 494, 4926, 11.95)",0.0
Amount_shipped,"(620, 4700, 627, 4796, 12.52)",0.0
Amount_shipped,"(620, 4700, 604, 4624, 12.57)",0.0
Amount_shipped,"(620, 4700, 497, 4720, 12.7)",0.0
Amount_shipped,"(620, 4700, 503, 4807, 16.06)",0.0
Amount_shipped,"(620, 4700, 612, 4678, 16.32)",0.0
Amount_shipped,"(620, 4700, 345, 4695, 23.25)",0.0
Amount_shipped,"(620, 4700, 696, 4535, 23.59)",0.0
Amount_shipped,"(620, 4700, 250, 4682, 28.56)",0.0
Amount_shipped,"(620, 4700, 572, 4680, 30.45)",0.0
Amount_shipped,"(620, 4700, 371, 4764, 52.72)",0.0
Amount_shipped,"(620, 4700, 312, 4747, 62.13)",0.0
Amount_shipped,"(620, 4700, 417, 4874, 76.13)",0.0
Amount_shipped,"(620, 4700, 350, 4738, 111.96)",0.0
Amount_shipped,"(620, 4700, 327, 4722, 125.89)",0.0
Amount_shipped,"(620, 4700, 555, 4937, 127.49)",0.0
Amount_shipped,"(620, 4700, 239, 4765, 151.68)",0.0
Amount_shipped,"(620, 4700, 558, 4583, 208.94)",0.0
Amount_shipped,"(620, 4700, 592, 4773, 272.69)",0.0
Amount_shipped,"(620, 4700, 303, 4682, 594.76)",0.0
Amount_shipped,"(620, 4700, 519, 4618, 758.82)",0.0
Amount_shipped,"(620, 4700, 190, 4740, 907.18)",0.0
Amount_shipped,"(620, 4700, 604, 4955, 907.45)",0.0
Amount_shipped,"(620, 4700, 334, 4799, 1285.48)",0.0
Amount_shipped,"(620, 4700, 402, 4762, 1356.12)",0.0
Amount_shipped,"(620, 4720, 604, 4556, 10.77)",0.0
Amount_shipped,"(620, 4720, 545, 4715, 11.01)",0.0
Amount_shipped,"(620, 4720, 598, 4885, 11.15)",0.0
Amount_shipped,"(620, 4720, 622, 4729, 11.5)",0.0
Amount_shipped,"(620, 4720, 136, 4692, 11.61)",0.0
Amount_shipped,"(620, 4720, 494, 4926, 11.95)",0.0
Amount_shipped,"(620, 4720, 627, 4796, 12.52)",0.0
Amount_shipped,"(620, 4720, 604, 4624, 12.57)",0.0
Amount_shipped,"(620, 4720, 497, 4720, 12.7)",0.0
Amount_shipped,"(620, 4720, 503, 4807, 16.06)",0.0
Amount_shipped,"(620, 4720, 612, 4678, 16.32)",0.0
Amount_shipped,"(620, 4720, 345, 4695, 23.25)",0.0
Amount_shipped,"(620, 4720, 696, 4535, 23.59)",0.0
Amount_shipped,"(620, 4720, 250, 4682, 28.56)",0.0
Amount_shipped,"(620, 4720, 572, 4680, 30.45)",0.0
Amount_shipped,"(620, 4720, 371, 4764, 52.72)",0.0
Amount_shipped,"(620, 4720, 312, 4747, 62.13)",0.0
Amount_shipped,"(620, 4720, 417, 4874, 76.13)",0.0
Amount_shipped,"(620, 4720, 350, 4738, 111.96)",0.0
Amount_shipped,"(620, 4720, 327, 4722, 125.89)",0.0
Amount_shipped,"(620, 4720, 555, 4937, 127.49)",0.0
Amount_shipped,"(620, 4720, 239, 4765, 151.68)",0.0
Amount_shipped,"(620, 4720, 558, 4583, 208.94)",0.0
Amount_shipped,"(620, 4720, 592, 4773, 272.69)",0.0
Amount_shipped,"(620, 4720, 303, 4682, 594.76)",0.0
Amount_shipped,"(620, 4720, 519, 4618, 758.82)",0.0
Amount_shipped,"(620, 4720, 190, 4740, 907.18)",0.0
Amount_shipped,"(620, 4720, 604, 4955, 907.45)",0.0
Amount_shipped,"(620, 4720, 334, 4799, 1285.48)",0.0
Amount_shipped,"(620, 4720, 402, 4762, 1356.12)",0.0
Amount_shipped,"(620, 4740, 604, 4556, 10.77)",0.0
Amount_shipped,"(620, 4740, 545, 4715, 11.01)",0.0
Amount_shipped,"(620, 4740, 598, 4885, 11.15)",0.0
Amount_shipped,"(620, 4740, 622, 4729, 11.5)",0.0
Amount_shipped,"(620, 4740, 136, 4692, 11.61)",0.0
Amount_shipped,"(620, 4740, 494, 4926, 11.95)",0.0
Amount_shipped,"(620, 4740, 627, 4796, 12.52)",0.0
Amount_shipped,"(620, 4740, 604, 4624, 12.57)",0.0
Amount_shipped,"(620, 4740, 497, 4720, 12.7)",0.0
Amount_shipped,"(620, 4740, 503, 4807, 16.06)",0.0
Amount_shipped,"(620, 4740, 612, 4678, 16.32)",0.0
Amount_shipped,"(620, 4740, 345, 4695, 23.25)",0.0
Amount_shipped,"(620, 4740, 696, 4535, 23.59)",0.0
Amount_shipped,"(620, 4740, 250, 4682, 28.56)",0.0
Amount_shipped,"(620, 4740, 572, 4680, 30.45)",0.0
Amount_shipped,"(620, 4740, 371, 4764, 52.72)",0.0
Amount_shipped,"(620, 4740, 312, 4747, 62.13)",0.0
Amount_shipped,"(620, 4740, 417, 4874, 76.13)",0.0
Amount_shipped,"(620, 4740, 350, 4738, 111.96)",0.0
Amount_shipped,"(620, 4740, 327, 4722, 125.89)",0.0
Amount_shipped,"(620, 4740, 555, 4937, 127.49)",0.0
Amount_shipped,"(620, 4740, 239, 4765, 151.68)",0.0
Amount_shipped,"(620, 4740, 558, 4583, 208.94)",0.0
Amount_shipped,"(620, 4740, 592, 4773, 272.69)",0.0
Amount_shipped,"(620, 4740, 303, 4682, 594.76)",0.0
Amount_shipped,"(620, 4740, 519, 4618, 758.82)",0.0
Amount_shipped,"(620, 4740, 190, 4740, 907.18)",0.0
Amount_shipped,"(620, 4740, 604, 4955, 907.45)",0.0
Amount_shipped,"(620, 4740, 334, 4799, 1285.48)",0.0
Amount_shipped,"(620, 4740, 402, 4762, 1356.12)",0.0
Amount_shipped,"(620, 4760, 604, 4556, 10.77)",0.0
Amount_shipped,"(620, 4760, 545, 4715, 11.01)",0.0
Amount_shipped,"(620, 4760, 598, 4885, 11.15)",0.0
Amount_shipped,"(620, 4760, 622, 4729, 11.5)",0.0
Amount_shipped,"(620, 4760, 136, 4692, 11.61)",0.0
Amount_shipped,"(620, 4760, 494, 4926, 11.95)",0.0
Amount_shipped,"(620, 4760, 627, 4796, 12.52)",0.0
Amount_shipped,"(620, 4760, 604, 4624, 12.57)",0.0
Amount_shipped,"(620, 4760, 497, 4720, 12.7)",0.0
Amount_shipped,"(620, 4760, 503, 4807, 16.06)",0.0
Amount_shipped,"(620, 4760, 612, 4678, 16.32)",0.0
Amount_shipped,"(620, 4760, 345, 4695, 23.25)",0.0
Amount_shipped,"(620, 4760, 696, 4535, 23.59)",0.0
Amount_shipped,"(620, 4760, 250, 4682, 28.56)",0.0
Amount_shipped,"(620, 4760, 572, 4680, 30.45)",0.0
Amount_shipped,"(620, 4760, 371, 4764, 52.72)",0.0
Amount_shipped,"(620, 4760, 312, 4747, 62.13)",0.0
Amount_shipped,"(620, 4760, 417, 4874, 76.13)",0.0
Amount_shipped,"(620, 4760, 350, 4738, 111.96)",0.0
Amount_shipped,"(620, 4760, 327, 4722, 125.89)",0.0
Amount_shipped,"(620, 4760, 555, 4937, 127.49)",0.0
Amount_shipped,"(620, 4760, 239, 4765, 151.68)",0.0
Amount_shipped,"(620, 4760, 558, 4583, 208.94)",0.0
Amount_shipped,"(620, 4760, 592, 4773, 272.69)",0.0
Amount_shipped,"(620, 4760, 303, 4682, 594.76)",0.0
Amount_shipped,"(620, 4760, 519, 4618, 758.82)",0.0
Amount_shipped,"(620, 4760, 190, 4740, 907.18)",0.0
Amount_shipped,"(620, 4760, 604, 4955, 907.45)",0.0
Amount_shipped,"(620, 4760, 334, 4799, 1285.48)",0.0
Amount_shipped,"(620, 4760, 402, 4762, 1356.12)",0.0
Amount_shipped,"(620, 4780, 604, 4556, 10.77)",0.0
Amount_shipped,"(620, 4780, 545, 4715, 11.01)",0.0
Amount_shipped,"(620, 4780, 598, 4885, 11.15)",0.0
Amount_shipped,"(620, 4780, 622, 4729, 11.5)",0.0
Amount_shipped,"(620, 4780, 136, 4692, 11.61)",0.0
Amount_shipped,"(620, 4780, 494, 4926, 11.95)",0.0
Amount_shipped,"(620, 4780, 627, 4796, 12.52)",0.0
Amount_shipped,"(620, 4780, 604, 4624, 12.57)",0.0
Amount_shipped,"(620, 4780, 497, 4720, 12.7)",0.0
Amount_shipped,"(620, 4780, 503, 4807, 16.06)",0.0
Amount_shipped,"(620, 4780, 612, 4678, 16.32)",0.0
Amount_shipped,"(620, 4780, 345, 4695, 23.25)",0.0
Amount_shipped,"(620, 4780, 696, 4535, 23.59)",0.0
Amount_shipped,"(620, 4780, 250, 4682, 28.56)",0.0
Amount_shipped,"(620, 4780, 572, 4680, 30.45)",0.0
Amount_shipped,"(620, 4780, 371, 4764, 52.72)",0.0
Amount_shipped,"(620, 4780, 312, 4747, 62.13)",0.0
Amount_shipped,"(620, 4780, 417, 4874, 76.13)",0.0
Amount_shipped,"(620, 4780, 350, 4738, 111.96)",0.0
Amount_shipped,"(620, 4780, 327, 4722, 125.89)",0.0
Amount_shipped,"(620, 4780, 555, 4937, 127.49)",0.0
Amount_shipped,"(620, 4780, 239, 4765, 151.68)",0.0
Amount_shipped,"(620, 4780, 558, 4583, 208.94)",0.0
Amount_shipped,"(620, 4780, 592, 4773, 272.69)",0.0
Amount_shipped,"(620, 4780, 303, 4682, 594.76)",0.0
Amount_shipped,"(620, 4780, 519, 4618, 758.82)",0.0
Amount_shipped,"(620, 4780, 190, 4740, 907.18)",0.0
Amount_shipped,"(620, 4780, 604, 4955, 907.45)",0.0
Amount_shipped,"(620, 4780, 334, 4799, 1285.48)",0.0
Amount_shipped,"(620, 4780, 402, 4762, 1356.12)",0.0
Amount_shipped,"(620, 4800, 604, 4556, 10.77)",0.0
Amount_shipped,"(620, 4800, 545, 4715, 11.01)",0.0
Amount_shipped,"(620, 4800, 598, 4885, 11.15)",0.0
Amount_shipped,"(620, 4800, 622, 4729, 11.5)",0.0
Amount_shipped,"(620, 4800, 136, 4692, 11.61)",0.0
Amount_shipped,"(620, 4800, 494, 4926, 11.95)",0.0
Amount_shipped,"(620, 4800, 627, 4796, 12.52)",0.0
Amount_shipped,"(620, 4800, 604, 4624, 12.57)",0.0
Amount_shipped,"(620, 4800, 497, 4720, 12.7)",0.0
Amount_shipped,"(620, 4800, 503, 4807, 16.06)",0.0
Amount_shipped,"(620, 4800, 612, 4678, 16.32)",0.0
Amount_shipped,"(620, 4800, 345, 4695, 23.25)",0.0
Amount_shipped,"(620, 4800, 696, 4535, 23.59)",0.0
Amount_shipped,"(620, 4800, 250, 4682, 28.56)",0.0
Amount_shipped,"(620, 4800, 572, 4680, 30.45)",0.0
Amount_shipped,"(620, 4800, 371, 4764, 52.72)",0.0
Amount_shipped,"(620, 4800, 312, 4747, 62.13)",0.0
Amount_shipped,"(620, 4800, 417, 4874, 76.13)",0.0
Amount_shipped,"(620, 4800, 350, 4738, 111.96)",0.0
Amount_shipped,"(620, 4800, 327, 4722, 125.89)",0.0
Amount_shipped,"(620, 4800, 555, 4937, 127.49)",0.0
Amount_shipped,"(620, 4800, 239, 4765, 151.68)",0.0
Amount_shipped,"(620, 4800, 558, 4583, 208.94)",0.0
Amount_shipped,"(620, 4800, 592, 4773, 272.69)",0.0
Amount_shipped,"(620, 4800, 303, 4682, 594.76)",0.0
Amount_shipped,"(620, 4800, 519, 4618, 758.82)",0.0
Amount_shipped,"(620, 4800, 190, 4740, 907.18)",0.0
Amount_shipped,"(620, 4800, 604, 4955, 907.45)",0.0
Amount_shipped,"(620, 4800, 334, 4799, 1285.48)",0.0
Amount_shipped,"(620, 4800, 402, 4762, 1356.12)",0.0
Amount_shipped,"(620, 4820, 604, 4556, 10.77)",0.0
Amount_shipped,"(620, 4820, 545, 4715, 11.01)",0.0
Amount_shipped,"(620, 4820, 598, 4885, 11.15)",0.0
Amount_shipped,"(620, 4820, 622, 4729, 11.5)",0.0
Amount_shipped,"(620, 4820, 136, 4692, 11.61)",0.0
Amount_shipped,"(620, 4820, 494, 4926, 11.95)",0.0
Amount_shipped,"(620, 4820, 627, 4796, 12.52)",0.0
Amount_shipped,"(620, 4820, 604, 4624, 12.57)",0.0
Amount_shipped,"(620, 4820, 497, 4720, 12.7)",0.0
Amount_shipped,"(620, 4820, 503, 4807, 16.06)",0.0
Amount_shipped,"(620, 4820, 612, 4678, 16.32)",0.0
Amount_shipped,"(620, 4820, 345, 4695, 23.25)",0.0
Amount_shipped,"(620, 4820, 696, 4535, 23.59)",0.0
Amount_shipped,"(620, 4820, 250, 4682, 28.56)",0.0
Amount_shipped,"(620, 4820, 572, 4680, 30.45)",0.0
Amount_shipped,"(620, 4820, 371, 4764, 52.72)",0.0
Amount_shipped,"(620, 4820, 312, 4747, 62.13)",0.0
Amount_shipped,"(620, 4820, 417, 4874, 76.13)",0.0
Amount_shipped,"(620, 4820, 350, 4738, 111.96)",0.0
Amount_shipped,"(620, 4820, 327, 4722, 125.89)",0.0
Amount_shipped,"(620, 4820, 555, 4937, 127.49)",0.0
Amount_shipped,"(620, 4820, 239, 4765, 151.68)",0.0
Amount_shipped,"(620, 4820, 558, 4583, 208.94)",0.0
Amount_shipped,"(620, 4820, 592, 4773, 272.69)",0.0
Amount_shipped,"(620, 4820, 303, 4682, 594.76)",0.0
Amount_shipped,"(620, 4820, 519, 4618, 758.82)",0.0
Amount_shipped,"(620, 4820, 190, 4740, 907.18)",0.0
Amount_shipped,"(620, 4820, 604, 4955, 907.45)",0.0
Amount_shipped,"(620, 4820, 334, 4799, 1285.48)",0.0
Amount_shipped,"(620, 4820, 402, 4762, 1356.12)",0.0
Amount_shipped,"(620, 4840, 604, 4556, 10.77)",0.0
Amount_shipped,"(620, 4840, 545, 4715, 11.01)",0.0
Amount_shipped,"(620, 4840, 598, 4885, 11.15)",0.0
Amount_shipped,"(620, 4840, 622, 4729, 11.5)",0.0
Amount_shipped,"(620, 4840, 136, 4692, 11.61)",0.0
Amount_shipped,"(620, 4840, 494, 4926, 11.95)",0.0
Amount_shipped,"(620, 4840, 627, 4796, 12.52)",0.0
Amount_shipped,"(620, 4840, 604, 4624, 12.57)",0.0
Amount_shipped,"(620, 4840, 497, 4720, 12.7)",0.0
Amount_shipped,"(620, 4840, 503, 4807, 16.06)",0.0
Amount_shipped,"(620, 4840, 612, 4678, 16.32)",0.0
Amount_shipped,"(620, 4840, 345, 4695, 23.25)",0.0
Amount_shipped,"(620, 4840, 696, 4535, 23.59)",0.0
Amount_shipped,"(620, 4840, 250, 4682, 28.56)",0.0
Amount_shipped,"(620, 4840, 572, 4680, 30.45)",0.0
Amount_shipped,"(620, 4840, 371, 4764, 52.72)",0.0
Amount_shipped,"(620, 4840, 312, 4747, 62.13)",0.0
Amount_shipped,"(620, 4840, 417, 4874, 76.13)",0.0
Amount_shipped,"(620, 4840, 350, 4738, 111.96)",0.0
Amount_shipped,"(620, 4840, 327, 4722, 125.89)",0.0
Amount_shipped,"(620, 4840, 555, 4937, 127.49)",0.0
Amount_shipped,"(620, 4840, 239, 4765, 151.68)",0.0
Amount_shipped,"(620, 4840, 558, 4583, 208.94)",0.0
Amount_shipped,"(620, 4840, 592, 4773, 272.69)",0.0
Amount_shipped,"(620, 4840, 303, 4682, 594.76)",0.0
Amount_shipped,"(620, 4840, 519, 4618, 758.82)",0.0
Amount_shipped,"(620, 4840, 190, 4740, 907.18)",0.0
Amount_shipped,"(620, 4840, 604, 4955, 907.45)",0.0
Amount_shipped,"(620, 4840, 334, 4799, 1285.48)",0.0
Amount_shipped,"(620, 4840, 402, 4762, 1356.12)",0.0
Amount_shipped,"(620, 4860, 604, 4556, 10.77)",0.0
Amount_shipped,"(620, 4860, 545, 4715, 11.01)",0.0
Amount_shipped,"(620, 4860, 598, 4885, 11.15)",0.0
Amount_shipped,"(620, 4860, 622, 4729, 11.5)",0.0
Amount_shipped,"(620, 4860, 136, 4692, 11.61)",0.0
Amount_shipped,"(620, 4860, 494, 4926, 11.95)",0.0
Amount_shipped,"(620, 4860, 627, 4796, 12.52)",0.0
Amount_shipped,"(620, 4860, 604, 4624, 12.57)",0.0
Amount_shipped,"(620, 4860, 497, 4720, 12.7)",0.0
Amount_shipped,"(620, 4860, 503, 4807, 16.06)",0.0
Amount_shipped,"(620, 4860, 612, 4678, 16.32)",0.0
Amount_shipped,"(620, 4860, 345, 4695, 23.25)",0.0
Amount_shipped,"(620, 4860, 696, 4535, 23.59)",0.0
Amount_shipped,"(620, 4860, 250, 4682, 28.56)",0.0
Amount_shipped,"(620, 4860, 572, 4680, 30.45)",0.0
Amount_shipped,"(620, 4860, 371, 4764, 52.72)",0.0
Amount_shipped,"(620, 4860, 312, 4747, 62.13)",0.0
Amount_shipped,"(620, 4860, 417, 4874, 76.13)",0.0
Amount_shipped,"(620, 4860, 350, 4738, 111.96)",0.0
Amount_shipped,"(620, 4860, 327, 4722, 125.89)",0.0
Amount_shipped,"(620, 4860, 555, 4937, 127.49)",0.0
Amount_shipped,"(620, 4860, 239, 4765, 151.68)",0.0
Amount_shipped,"(620, 4860, 558, 4583, 208.94)",0.0
Amount_shipped,"(620, 4860, 592, 4773, 272.69)",0.0
Amount_shipped,"(620, 4860, 303, 4682, 594.76)",0.0
Amount_shipped,"(620, 4860, 519, 4618, 758.82)",0.0
Amount_shipped,"(620, 4860, 190, 4740, 907.18)",0.0
Amount_shipped,"(620, 4860, 604, 4955, 907.45)",0.0
Amount_shipped,"(620, 4860, 334, 4799, 1285.48)",0.0
Amount_shipped,"(620, 4860, 402, 4762, 1356.12)",0.0
Amount_shipped,"(620, 4880, 604, 4556, 10.77)",0.0
Amount_shipped,"(620, 4880, 545, 4715, 11.01)",0.0
Amount_shipped,"(620, 4880, 598, 4885, 11.15)",0.0
Amount_shipped,"(620, 4880, 622, 4729, 11.5)",0.0
Amount_shipped,"(620, 4880, 136, 4692, 11.61)",0.0
Amount_shipped,"(620, 4880, 494, 4926, 11.95)",0.0
Amount_shipped,"(620, 4880, 627, 4796, 12.52)",0.0
Amount_shipped,"(620, 4880, 604, 4624, 12.57)",0.0
Amount_shipped,"(620, 4880, 497, 4720, 12.7)",0.0
Amount_shipped,"(620, 4880, 503, 4807, 16.06)",0.0
Amount_shipped,"(620, 4880, 612, 4678, 16.32)",0.0
Amount_shipped,"(620, 4880, 345, 4695, 23.25)",0.0
Amount_shipped,"(620, 4880, 696, 4535, 23.59)",0.0
Amount_shipped,"(620, 4880, 250, 4682, 28.56)",0.0
Amount_shipped,"(620, 4880, 572, 4680, 30.45)",0.0
Amount_shipped,"(620, 4880, 371, 4764, 52.72)",0.0
Amount_shipped,"(620, 4880, 312, 4747, 62.13)",0.0
Amount_shipped,"(620, 4880, 417, 4874, 76.13)",0.0
Amount_shipped,"(620, 4880, 350, 4738, 111.96)",0.0
Amount_shipped,"(620, 4880, 327, 4722, 125.89)",0.0
Amount_shipped,"(620, 4880, 555, 4937, 127.49)",0.0
Amount_shipped,"(620, 4880, 239, 4765, 151.68)",0.0
Amount_shipped,"(620, 4880, 558, 4583, 208.94)",0.0
Amount_shipped,"(620, 4880, 592, 4773, 272.69)",0.0
Amount_shipped,"(620, 4880, 303, 4682, 594.76)",0.0
Amount_shipped,"(620, 4880, 519, 4618, 758.82)",0.0
Amount_shipped,"(620, 4880, 190, 4740, 907.18)",0.0
Amount_shipped,"(620, 4880, 604, 4955, 907.45)",0.0
Amount_shipped,"(620, 4880, 334, 4799, 1285.48)",0.0
Amount_shipped,"(620, 4880, 402, 4762, 1356.12)",0.0
Amount_shipped,"(620, 4900, 604, 4556, 10.77)",0.0
Amount_shipped,"(620, 4900, 545, 4715, 11.01)",0.0
Amount_shipped,"(620, 4900, 598, 4885, 11.15)",0.0
Amount_shipped,"(620, 4900, 622, 4729, 11.5)",0.0
Amount_shipped,"(620, 4900, 136, 4692, 11.61)",0.0
Amount_shipped,"(620, 4900, 494, 4926, 11.95)",0.0
Amount_shipped,"(620, 4900, 627, 4796, 12.52)",0.0
Amount_shipped,"(620, 4900, 604, 4624, 12.57)",0.0
Amount_shipped,"(620, 4900, 497, 4720, 12.7)",0.0
Amount_shipped,"(620, 4900, 503, 4807, 16.06)",0.0
Amount_shipped,"(620, 4900, 612, 4678, 16.32)",0.0
Amount_shipped,"(620, 4900, 345, 4695, 23.25)",0.0
Amount_shipped,"(620, 4900, 696, 4535, 23.59)",0.0
Amount_shipped,"(620, 4900, 250, 4682, 28.56)",0.0
Amount_shipped,"(620, 4900, 572, 4680, 30.45)",0.0
Amount_shipped,"(620, 4900, 371, 4764, 52.72)",0.0
Amount_shipped,"(620, 4900, 312, 4747, 62.13)",0.0
Amount_shipped,"(620, 4900, 417, 4874, 76.13)",0.0
Amount_shipped,"(620, 4900, 350, 4738, 111.96)",0.0
Amount_shipped,"(620, 4900, 327, 4722, 125.89)",0.0
Amount_shipped,"(620, 4900, 555, 4937, 127.49)",0.0
Amount_shipped,"(620, 4900, 239, 4765, 151.68)",0.0
Amount_shipped,"(620, 4900, 558, 4583, 208.94)",0.0
Amount_shipped,"(620, 4900, 592, 4773, 272.69)",0.0
Amount_shipped,"(620, 4900, 303, 4682, 594.76)",0.0
Amount_shipped,"(620, 4900, 519, 4618, 758.82)",0.0
Amount_shipped,"(620, 4900, 190, 4740, 907.18)",0.0
Amount_shipped,"(620, 4900, 604, 4955, 907.45)",0.0
Amount_shipped,"(620, 4900, 334, 4799, 1285.48)",0.0
Amount_shipped,"(620, 4900, 402, 4762, 1356.12)",0.0
Amount_shipped,"(620, 4920, 604, 4556, 10.77)",0.0
Amount_shipped,"(620, 4920, 545, 4715, 11.01)",0.0
Amount_shipped,"(620, 4920, 598, 4885, 11.15)",0.0
Amount_shipped,"(620, 4920, 622, 4729, 11.5)",0.0
Amount_shipped,"(620, 4920, 136, 4692, 11.61)",0.0
Amount_shipped,"(620, 4920, 494, 4926, 11.95)",0.0
Amount_shipped,"(620, 4920, 627, 4796, 12.52)",0.0
Amount_shipped,"(620, 4920, 604, 4624, 12.57)",0.0
Amount_shipped,"(620, 4920, 497, 4720, 12.7)",0.0
Amount_shipped,"(620, 4920, 503, 4807, 16.06)",0.0
Amount_shipped,"(620, 4920, 612, 4678, 16.32)",0.0
Amount_shipped,"(620, 4920, 345, 4695, 23.25)",0.0
Amount_shipped,"(620, 4920, 696, 4535, 23.59)",0.0
Amount_shipped,"(620, 4920, 250, 4682, 28.56)",0.0
Amount_shipped,"(620, 4920, 572, 4680, 30.45)",0.0
Amount_shipped,"(620, 4920, 371, 4764, 52.72)",0.0
Amount_shipped,"(620, 4920, 312, 4747, 62.13)",0.0
Amount_shipped,"(620, 4920, 417, 4874, 76.13)",0.0
Amount_shipped,"(620, 4920, 350, 4738, 111.96)",0.0
Amount_shipped,"(620, 4920, 327, 4722, 125.89)",0.0
Amount_shipped,"(620, 4920, 555, 4937, 127.49)",0.0
Amount_shipped,"(620, 4920, 239, 4765, 151.68)",0.0
Amount_shipped,"(620, 4920, 558, 4583, 208.94)",0.0
Amount_shipped,"(620, 4920, 592, 4773, 272.69)",0.0
Amount_shipped,"(620, 4920, 303, 4682, 594.76)",0.0
Amount_shipped,"(620, 4920, 519, 4618, 758.82)",0.0
Amount_shipped,"(620, 4920, 190, 4740, 907.18)",0.0
Amount_shipped,"(620, 4920, 604, 4955, 907.45)",0.0
Amount_shipped,"(620, 4920, 334, 4799, 1285.48)",0.0
Amount_shipped,"(620, 4920, 402, 4762, 1356.12)",0.0
Amount_shipped,"(620, 4940, 604, 4556, 10.77)",0.0
Amount_shipped,"(620, 4940, 545, 4715, 11.01)",0.0
Amount_shipped,"(620, 4940, 598, 4885, 11.15)",0.0
Amount_shipped,"(620, 4940, 622, 4729, 11.5)",0.0
Amount_shipped,"(620, 4940, 136, 4692, 11.61)",0.0
Amount_shipped,"(620, 4940, 494, 4926, 11.95)",0.0
Amount_shipped,"(620, 4940, 627, 4796, 12.52)",0.0
Amount_shipped,"(620, 4940, 604, 4624, 12.57)",0.0
Amount_shipped,"(620, 4940, 497, 4720, 12.7)",0.0
Amount_shipped,"(620, 4940, 503, 4807, 16.06)",0.0
Amount_shipped,"(620, 4940, 612, 4678, 16.32)",0.0
Amount_shipped,"(620, 4940, 345, 4695, 23.25)",0.0
Amount_shipped,"(620, 4940, 696, 4535, 23.59)",0.0
Amount_shipped,"(620, 4940, 250, 4682, 28.56)",0.0
Amount_shipped,"(620, 4940, 572, 4680, 30.45)",0.0
Amount_shipped,"(620, 4940, 371, 4764, 52.72)",0.0
Amount_shipped,"(620, 4940, 312, 4747, 62.13)",0.0
Amount_shipped,"(620, 4940, 417, 4874, 76.13)",0.0
Amount_shipped,"(620, 4940, 350, 4738, 111.96)",0.0
Amount_shipped,"(620, 4940, 327, 4722, 125.89)",0.0
Amount_shipped,"(620, 4940, 555, 4937, 127.49)",0.0
Amount_shipped,"(620, 4940, 239, 4765, 151.68)",0.0
Amount_shipped,"(620, 4940, 558, 4583, 208.94)",0.0
Amount_shipped,"(620, 4940, 592, 4773, 272.69)",0.0
Amount_shipped,"(620, 4940, 303, 4682, 594.76)",0.0
Amount_shipped,"(620, 4940, 519, 4618, 758.82)",0.0
Amount_shipped,"(620, 4940, 190, 4740, 907.18)",0.0
Amount_shipped,"(620, 4940, 604, 4955, 907.45)",0.0
Amount_shipped,"(620, 4940, 334, 4799, 1285.48)",0.0
Amount_shipped,"(620, 4940, 402, 4762, 1356.12)",0.0
Amount_shipped,"(620, 4960, 604, 4556, 10.77)",0.0
Amount_shipped,"(620, 4960, 545, 4715, 11.01)",0.0
Amount_shipped,"(620, 4960, 598, 4885, 11.15)",0.0
Amount_shipped,"(620, 4960, 622, 4729, 11.5)",0.0
Amount_shipped,"(620, 4960, 136, 4692, 11.61)",0.0
Amount_shipped,"(620, 4960, 494, 4926, 11.95)",0.0
Amount_shipped,"(620, 4960, 627, 4796, 12.52)",0.0
Amount_shipped,"(620, 4960, 604, 4624, 12.57)",0.0
Amount_shipped,"(620, 4960, 497, 4720, 12.7)",0.0
Amount_shipped,"(620, 4960, 503, 4807, 16.06)",0.0
Amount_shipped,"(620, 4960, 612, 4678, 16.32)",0.0
Amount_shipped,"(620, 4960, 345, 4695, 23.25)",0.0
Amount_shipped,"(620, 4960, 696, 4535, 23.59)",0.0
Amount_shipped,"(620, 4960, 250, 4682, 28.56)",0.0
Amount_shipped,"(620, 4960, 572, 4680, 30.45)",0.0
Amount_shipped,"(620, 4960, 371, 4764, 52.72)",0.0
Amount_shipped,"(620, 4960, 312, 4747, 62.13)",0.0
Amount_shipped,"(620, 4960, 417, 4874, 76.13)",0.0
Amount_shipped,"(620, 4960, 350, 4738, 111.96)",0.0
Amount_shipped,"(620, 4960, 327, 4722, 125.89)",0.0
Amount_shipped,"(620, 4960, 555, 4937, 127.49)",0.0
Amount_shipped,"(620, 4960, 239, 4765, 151.68)",0.0
Amount_shipped,"(620, 4960, 558, 4583, 208.94)",0.0
Amount_shipped,"(620, 4960, 592, 4773, 272.69)",0.0
Amount_shipped,"(620, 4960, 303, 4682, 594.76)",0.0
Amount_shipped,"(620, 4960, 519, 4618, 758.82)",0.0
Amount_shipped,"(620, 4960, 190, 4740, 907.18)",0.0
Amount_shipped,"(620, 4960, 604, 4955, 907.45)",0.0
Amount_shipped,"(620, 4960, 334, 4799, 1285.48)",0.0
Amount_shipped,"(620, 4960, 402, 4762, 1356.12)",0.0
Amount_shipped,"(620, 4980, 604, 4556, 10.77)",0.0
Amount_shipped,"(620, 4980, 545, 4715, 11.01)",0.0
Amount_shipped,"(620, 4980, 598, 4885, 11.15)",0.0
Amount_shipped,"(620, 4980, 622, 4729, 11.5)",0.0
Amount_shipped,"(620, 4980, 136, 4692, 11.61)",0.0
Amount_shipped,"(620, 4980, 494, 4926, 11.95)",0.0
Amount_shipped,"(620, 4980, 627, 4796, 12.52)",0.0
Amount_shipped,"(620, 4980, 604, 4624, 12.57)",0.0
Amount_shipped,"(620, 4980, 497, 4720, 12.7)",0.0
Amount_shipped,"(620, 4980, 503, 4807, 16.06)",0.0
Amount_shipped,"(620, 4980, 612, 4678, 16.32)",0.0
Amount_shipped,"(620, 4980, 345, 4695, 23.25)",0.0
Amount_shipped,"(620, 4980, 696, 4535, 23.59)",0.0
Amount_shipped,"(620, 4980, 250, 4682, 28.56)",0.0
Amount_shipped,"(620, 4980, 572, 4680, 30.45)",0.0
Amount_shipped,"(620, 4980, 371, 4764, 52.72)",0.0
Amount_shipped,"(620, 4980, 312, 4747, 62.13)",0.0
Amount_shipped,"(620, 4980, 417, 4874, 76.13)",0.0
Amount_shipped,"(620, 4980, 350, 4738, 111.96)",0.0
Amount_shipped,"(620, 4980, 327, 4722, 125.89)",0.0
Amount_shipped,"(620, 4980, 555, 4937, 127.49)",0.0
Amount_shipped,"(620, 4980, 239, 4765, 151.68)",0.0
Amount_shipped,"(620, 4980, 558, 4583, 208.94)",0.0
Amount_shipped,"(620, 4980, 592, 4773, 272.69)",0.0
Amount_shipped,"(620, 4980, 303, 4682, 594.76)",0.0
Amount_shipped,"(620, 4980, 519, 4618, 758.82)",0.0
Amount_shipped,"(620, 4980, 190, 4740, 907.18)",0.0
Amount_shipped,"(620, 4980, 604, 4955, 907.45)",0.0
Amount_shipped,"(620, 4980, 334, 4799, 1285.48)",0.0
Amount_shipped,"(620, 4980, 402, 4762, 1356.12)",0.0
Amount_shipped,"(640, 4440, 604, 4556, 10.77)",0.0
Amount_shipped,"(640, 4440, 545, 4715, 11.01)",0.0
Amount_shipped,"(640, 4440, 598, 4885, 11.15)",0.0
Amount_shipped,"(640, 4440, 622, 4729, 11.5)",0.0
Amount_shipped,"(640, 4440, 136, 4692, 11.61)",0.0
Amount_shipped,"(640, 4440, 494, 4926, 11.95)",0.0
Amount_shipped,"(640, 4440, 627, 4796, 12.52)",0.0
Amount_shipped,"(640, 4440, 604, 4624, 12.57)",0.0
Amount_shipped,"(640, 4440, 497, 4720, 12.7)",0.0
Amount_shipped,"(640, 4440, 503, 4807, 16.06)",0.0
Amount_shipped,"(640, 4440, 612, 4678, 16.32)",0.0
Amount_shipped,"(640, 4440, 345, 4695, 23.25)",0.0
Amount_shipped,"(640, 4440, 696, 4535, 23.59)",0.0
Amount_shipped,"(640, 4440, 250, 4682, 28.56)",0.0
Amount_shipped,"(640, 4440, 572, 4680, 30.45)",0.0
Amount_shipped,"(640, 4440, 371, 4764, 52.72)",0.0
Amount_shipped,"(640, 4440, 312, 4747, 62.13)",0.0
Amount_shipped,"(640, 4440, 417, 4874, 76.13)",0.0
Amount_shipped,"(640, 4440, 350, 4738, 111.96)",0.0
Amount_shipped,"(640, 4440, 327, 4722, 125.89)",0.0
Amount_shipped,"(640, 4440, 555, 4937, 127.49)",0.0
Amount_shipped,"(640, 4440, 239, 4765, 151.68)",0.0
Amount_shipped,"(640, 4440, 558, 4583, 208.94)",0.0
Amount_shipped,"(640, 4440, 592, 4773, 272.69)",0.0
Amount_shipped,"(640, 4440, 303, 4682, 594.76)",0.0
Amount_shipped,"(640, 4440, 519, 4618, 758.82)",0.0
Amount_shipped,"(640, 4440, 190, 4740, 907.18)",0.0
Amount_shipped,"(640, 4440, 604, 4955, 907.45)",0.0
Amount_shipped,"(640, 4440, 334, 4799, 1285.48)",0.0
Amount_shipped,"(640, 4440, 402, 4762, 1356.12)",0.0
Amount_shipped,"(640, 4460, 604, 4556, 10.77)",0.0
Amount_shipped,"(640, 4460, 545, 4715, 11.01)",0.0
Amount_shipped,"(640, 4460, 598, 4885, 11.15)",0.0
Amount_shipped,"(640, 4460, 622, 4729, 11.5)",0.0
Amount_shipped,"(640, 4460, 136, 4692, 11.61)",0.0
Amount_shipped,"(640, 4460, 494, 4926, 11.95)",0.0
Amount_shipped,"(640, 4460, 627, 4796, 12.52)",0.0
Amount_shipped,"(640, 4460, 604, 4624, 12.57)",0.0
Amount_shipped,"(640, 4460, 497, 4720, 12.7)",0.0
Amount_shipped,"(640, 4460, 503, 4807, 16.06)",0.0
Amount_shipped,"(640, 4460, 612, 4678, 16.32)",0.0
Amount_shipped,"(640, 4460, 345, 4695, 23.25)",0.0
Amount_shipped,"(640, 4460, 696, 4535, 23.59)",0.0
Amount_shipped,"(640, 4460, 250, 4682, 28.56)",0.0
Amount_shipped,"(640, 4460, 572, 4680, 30.45)",0.0
Amount_shipped,"(640, 4460, 371, 4764, 52.72)",0.0
Amount_shipped,"(640, 4460, 312, 4747, 62.13)",0.0
Amount_shipped,"(640, 4460, 417, 4874, 76.13)",0.0
Amount_shipped,"(640, 4460, 350, 4738, 111.96)",0.0
Amount_shipped,"(640, 4460, 327, 4722, 125.89)",0.0
Amount_shipped,"(640, 4460, 555, 4937, 127.49)",0.0
Amount_shipped,"(640, 4460, 239, 4765, 151.68)",0.0
Amount_shipped,"(640, 4460, 558, 4583, 208.94)",0.0
Amount_shipped,"(640, 4460, 592, 4773, 272.69)",0.0
Amount_shipped,"(640, 4460, 303, 4682, 594.76)",0.0
Amount_shipped,"(640, 4460, 519, 4618, 758.82)",0.0
Amount_shipped,"(640, 4460, 190, 4740, 907.18)",0.0
Amount_shipped,"(640, 4460, 604, 4955, 907.45)",0.0
Amount_shipped,"(640, 4460, 334, 4799, 1285.48)",0.0
Amount_shipped,"(640, 4460, 402, 4762, 1356.12)",0.0
Amount_shipped,"(640, 4480, 604, 4556, 10.77)",0.0
Amount_shipped,"(640, 4480, 545, 4715, 11.01)",0.0
Amount_shipped,"(640, 4480, 598, 4885, 11.15)",0.0
Amount_shipped,"(640, 4480, 622, 4729, 11.5)",0.0
Amount_shipped,"(640, 4480, 136, 4692, 11.61)",0.0
Amount_shipped,"(640, 4480, 494, 4926, 11.95)",0.0
Amount_shipped,"(640, 4480, 627, 4796, 12.52)",0.0
Amount_shipped,"(640, 4480, 604, 4624, 12.57)",0.0
Amount_shipped,"(640, 4480, 497, 4720, 12.7)",0.0
Amount_shipped,"(640, 4480, 503, 4807, 16.06)",0.0
Amount_shipped,"(640, 4480, 612, 4678, 16.32)",0.0
Amount_shipped,"(640, 4480, 345, 4695, 23.25)",0.0
Amount_shipped,"(640, 4480, 696, 4535, 23.59)",0.0
Amount_shipped,"(640, 4480, 250, 4682, 28.56)",0.0
Amount_shipped,"(640, 4480, 572, 4680, 30.45)",0.0
Amount_shipped,"(640, 4480, 371, 4764, 52.72)",0.0
Amount_shipped,"(640, 4480, 312, 4747, 62.13)",0.0
Amount_shipped,"(640, 4480, 417, 4874, 76.13)",0.0
Amount_shipped,"(640, 4480, 350, 4738, 111.96)",0.0
Amount_shipped,"(640, 4480, 327, 4722, 125.89)",0.0
Amount_shipped,"(640, 4480, 555, 4937, 127.49)",0.0
Amount_shipped,"(640, 4480, 239, 4765, 151.68)",0.0
Amount_shipped,"(640, 4480, 558, 4583, 208.94)",0.0
Amount_shipped,"(640, 4480, 592, 4773, 272.69)",0.0
Amount_shipped,"(640, 4480, 303, 4682, 594.76)",0.0
Amount_shipped,"(640, 4480, 519, 4618, 758.82)",0.0
Amount_shipped,"(640, 4480, 190, 4740, 907.18)",0.0
Amount_shipped,"(640, 4480, 604, 4955, 907.45)",0.0
Amount_shipped,"(640, 4480, 334, 4799, 1285.48)",0.0
Amount_shipped,"(640, 4480, 402, 4762, 1356.12)",0.0
Amount_shipped,"(640, 4500, 604, 4556, 10.77)",0.0
Amount_shipped,"(640, 4500, 545, 4715, 11.01)",0.0
Amount_shipped,"(640, 4500, 598, 4885, 11.15)",0.0
Amount_shipped,"(640, 4500, 622, 4729, 11.5)",0.0
Amount_shipped,"(640, 4500, 136, 4692, 11.61)",0.0
Amount_shipped,"(640, 4500, 494, 4926, 11.95)",0.0
Amount_shipped,"(640, 4500, 627, 4796, 12.52)",0.0
Amount_shipped,"(640, 4500, 604, 4624, 12.57)",0.0
Amount_shipped,"(640, 4500, 497, 4720, 12.7)",0.0
Amount_shipped,"(640, 4500, 503, 4807, 16.06)",0.0
Amount_shipped,"(640, 4500, 612, 4678, 16.32)",0.0
Amount_shipped,"(640, 4500, 345, 4695, 23.25)",0.0
Amount_shipped,"(640, 4500, 696, 4535, 23.59)",0.0
Amount_shipped,"(640, 4500, 250, 4682, 28.56)",0.0
Amount_shipped,"(640, 4500, 572, 4680, 30.45)",0.0
Amount_shipped,"(640, 4500, 371, 4764, 52.72)",0.0
Amount_shipped,"(640, 4500, 312, 4747, 62.13)",0.0
Amount_shipped,"(640, 4500, 417, 4874, 76.13)",0.0
Amount_shipped,"(640, 4500, 350, 4738, 111.96)",0.0
Amount_shipped,"(640, 4500, 327, 4722, 125.89)",0.0
Amount_shipped,"(640, 4500, 555, 4937, 127.49)",0.0
Amount_shipped,"(640, 4500, 239, 4765, 151.68)",0.0
Amount_shipped,"(640, 4500, 558, 4583, 208.94)",0.0
Amount_shipped,"(640, 4500, 592, 4773, 272.69)",0.0
Amount_shipped,"(640, 4500, 303, 4682, 594.76)",0.0
Amount_shipped,"(640, 4500, 519, 4618, 758.82)",0.0
Amount_shipped,"(640, 4500, 190, 4740, 907.18)",0.0
Amount_shipped,"(640, 4500, 604, 4955, 907.45)",0.0
Amount_shipped,"(640, 4500, 334, 4799, 1285.48)",0.0
Amount_shipped,"(640, 4500, 402, 4762, 1356.12)",0.0
Amount_shipped,"(640, 4520, 604, 4556, 10.77)",0.0
Amount_shipped,"(640, 4520, 545, 4715, 11.01)",0.0
Amount_shipped,"(640, 4520, 598, 4885, 11.15)",0.0
Amount_shipped,"(640, 4520, 622, 4729, 11.5)",0.0
Amount_shipped,"(640, 4520, 136, 4692, 11.61)",0.0
Amount_shipped,"(640, 4520, 494, 4926, 11.95)",0.0
Amount_shipped,"(640, 4520, 627, 4796, 12.52)",0.0
Amount_shipped,"(640, 4520, 604, 4624, 12.57)",0.0
Amount_shipped,"(640, 4520, 497, 4720, 12.7)",0.0
Amount_shipped,"(640, 4520, 503, 4807, 16.06)",0.0
Amount_shipped,"(640, 4520, 612, 4678, 16.32)",0.0
Amount_shipped,"(640, 4520, 345, 4695, 23.25)",0.0
Amount_shipped,"(640, 4520, 696, 4535, 23.59)",0.0
Amount_shipped,"(640, 4520, 250, 4682, 28.56)",0.0
Amount_shipped,"(640, 4520, 572, 4680, 30.45)",0.0
Amount_shipped,"(640, 4520, 371, 4764, 52.72)",0.0
Amount_shipped,"(640, 4520, 312, 4747, 62.13)",0.0
Amount_shipped,"(640, 4520, 417, 4874, 76.13)",0.0
Amount_shipped,"(640, 4520, 350, 4738, 111.96)",0.0
Amount_shipped,"(640, 4520, 327, 4722, 125.89)",0.0
Amount_shipped,"(640, 4520, 555, 4937, 127.49)",0.0
Amount_shipped,"(640, 4520, 239, 4765, 151.68)",0.0
Amount_shipped,"(640, 4520, 558, 4583, 208.94)",0.0
Amount_shipped,"(640, 4520, 592, 4773, 272.69)",0.0
Amount_shipped,"(640, 4520, 303, 4682, 594.76)",0.0
Amount_shipped,"(640, 4520, 519, 4618, 758.82)",0.0
Amount_shipped,"(640, 4520, 190, 4740, 907.18)",0.0
Amount_shipped,"(640, 4520, 604, 4955, 907.45)",0.0
Amount_shipped,"(640, 4520, 334, 4799, 1285.48)",0.0
Amount_shipped,"(640, 4520, 402, 4762, 1356.12)",0.0
Amount_shipped,"(640, 4540, 604, 4556, 10.77)",0.0
Amount_shipped,"(640, 4540, 545, 4715, 11.01)",0.0
Amount_shipped,"(640, 4540, 598, 4885, 11.15)",0.0
Amount_shipped,"(640, 4540, 622, 4729, 11.5)",0.0
Amount_shipped,"(640, 4540, 136, 4692, 11.61)",0.0
Amount_shipped,"(640, 4540, 494, 4926, 11.95)",0.0
Amount_shipped,"(640, 4540, 627, 4796, 12.52)",0.0
Amount_shipped,"(640, 4540, 604, 4624, 12.57)",0.0
Amount_shipped,"(640, 4540, 497, 4720, 12.7)",0.0
Amount_shipped,"(640, 4540, 503, 4807, 16.06)",0.0
Amount_shipped,"(640, 4540, 612, 4678, 16.32)",0.0
Amount_shipped,"(640, 4540, 345, 4695, 23.25)",0.0
Amount_shipped,"(640, 4540, 696, 4535, 23.59)",0.0
Amount_shipped,"(640, 4540, 250, 4682, 28.56)",0.0
Amount_shipped,"(640, 4540, 572, 4680, 30.45)",0.0
Amount_shipped,"(640, 4540, 371, 4764, 52.72)",0.0
Amount_shipped,"(640, 4540, 312, 4747, 62.13)",0.0
Amount_shipped,"(640, 4540, 417, 4874, 76.13)",0.0
Amount_shipped,"(640, 4540, 350, 4738, 111.96)",0.0
Amount_shipped,"(640, 4540, 327, 4722, 125.89)",0.0
Amount_shipped,"(640, 4540, 555, 4937, 127.49)",0.0
Amount_shipped,"(640, 4540, 239, 4765, 151.68)",0.0
Amount_shipped,"(640, 4540, 558, 4583, 208.94)",0.0
Amount_shipped,"(640, 4540, 592, 4773, 272.69)",0.0
Amount_shipped,"(640, 4540, 303, 4682, 594.76)",0.0
Amount_shipped,"(640, 4540, 519, 4618, 758.82)",0.0
Amount_shipped,"(640, 4540, 190, 4740, 907.18)",0.0
Amount_shipped,"(640, 4540, 604, 4955, 907.45)",0.0
Amount_shipped,"(640, 4540, 334, 4799, 1285.48)",0.0
Amount_shipped,"(640, 4540, 402, 4762, 1356.12)",0.0
Amount_shipped,"(640, 4560, 604, 4556, 10.77)",0.0
Amount_shipped,"(640, 4560, 545, 4715, 11.01)",0.0
Amount_shipped,"(640, 4560, 598, 4885, 11.15)",0.0
Amount_shipped,"(640, 4560, 622, 4729, 11.5)",0.0
Amount_shipped,"(640, 4560, 136, 4692, 11.61)",0.0
Amount_shipped,"(640, 4560, 494, 4926, 11.95)",0.0
Amount_shipped,"(640, 4560, 627, 4796, 12.52)",0.0
Amount_shipped,"(640, 4560, 604, 4624, 12.57)",0.0
Amount_shipped,"(640, 4560, 497, 4720, 12.7)",0.0
Amount_shipped,"(640, 4560, 503, 4807, 16.06)",0.0
Amount_shipped,"(640, 4560, 612, 4678, 16.32)",0.0
Amount_shipped,"(640, 4560, 345, 4695, 23.25)",0.0
Amount_shipped,"(640, 4560, 696, 4535, 23.59)",0.0
Amount_shipped,"(640, 4560, 250, 4682, 28.56)",0.0
Amount_shipped,"(640, 4560, 572, 4680, 30.45)",0.0
Amount_shipped,"(640, 4560, 371, 4764, 52.72)",0.0
Amount_shipped,"(640, 4560, 312, 4747, 62.13)",0.0
Amount_shipped,"(640, 4560, 417, 4874, 76.13)",0.0
Amount_shipped,"(640, 4560, 350, 4738, 111.96)",0.0
Amount_shipped,"(640, 4560, 327, 4722, 125.89)",0.0
Amount_shipped,"(640, 4560, 555, 4937, 127.49)",0.0
Amount_shipped,"(640, 4560, 239, 4765, 151.68)",0.0
Amount_shipped,"(640, 4560, 558, 4583, 208.94)",0.0
Amount_shipped,"(640, 4560, 592, 4773, 272.69)",0.0
Amount_shipped,"(640, 4560, 303, 4682, 594.76)",0.0
Amount_shipped,"(640, 4560, 519, 4618, 758.82)",0.0
Amount_shipped,"(640, 4560, 190, 4740, 907.18)",0.0
Amount_shipped,"(640, 4560, 604, 4955, 907.45)",0.0
Amount_shipped,"(640, 4560, 334, 4799, 1285.48)",0.0
Amount_shipped,"(640, 4560, 402, 4762, 1356.12)",0.0
Amount_shipped,"(640, 4580, 604, 4556, 10.77)",0.0
Amount_shipped,"(640, 4580, 545, 4715, 11.01)",0.0
Amount_shipped,"(640, 4580, 598, 4885, 11.15)",0.0
Amount_shipped,"(640, 4580, 622, 4729, 11.5)",0.0
Amount_shipped,"(640, 4580, 136, 4692, 11.61)",0.0
Amount_shipped,"(640, 4580, 494, 4926, 11.95)",0.0
Amount_shipped,"(640, 4580, 627, 4796, 12.52)",0.0
Amount_shipped,"(640, 4580, 604, 4624, 12.57)",0.0
Amount_shipped,"(640, 4580, 497, 4720, 12.7)",0.0
Amount_shipped,"(640, 4580, 503, 4807, 16.06)",0.0
Amount_shipped,"(640, 4580, 612, 4678, 16.32)",0.0
Amount_shipped,"(640, 4580, 345, 4695, 23.25)",0.0
Amount_shipped,"(640, 4580, 696, 4535, 23.59)",0.0
Amount_shipped,"(640, 4580, 250, 4682, 28.56)",0.0
Amount_shipped,"(640, 4580, 572, 4680, 30.45)",0.0
Amount_shipped,"(640, 4580, 371, 4764, 52.72)",0.0
Amount_shipped,"(640, 4580, 312, 4747, 62.13)",0.0
Amount_shipped,"(640, 4580, 417, 4874, 76.13)",0.0
Amount_shipped,"(640, 4580, 350, 4738, 111.96)",0.0
Amount_shipped,"(640, 4580, 327, 4722, 125.89)",0.0
Amount_shipped,"(640, 4580, 555, 4937, 127.49)",0.0
Amount_shipped,"(640, 4580, 239, 4765, 151.68)",0.0
Amount_shipped,"(640, 4580, 558, 4583, 208.94)",0.0
Amount_shipped,"(640, 4580, 592, 4773, 272.69)",0.0
Amount_shipped,"(640, 4580, 303, 4682, 594.76)",0.0
Amount_shipped,"(640, 4580, 519, 4618, 758.82)",0.0
Amount_shipped,"(640, 4580, 190, 4740, 907.18)",0.0
Amount_shipped,"(640, 4580, 604, 4955, 907.45)",0.0
Amount_shipped,"(640, 4580, 334, 4799, 1285.48)",0.0
Amount_shipped,"(640, 4580, 402, 4762, 1356.12)",0.0
Amount_shipped,"(640, 4600, 604, 4556, 10.77)",0.0
Amount_shipped,"(640, 4600, 545, 4715, 11.01)",0.0
Amount_shipped,"(640, 4600, 598, 4885, 11.15)",0.0
Amount_shipped,"(640, 4600, 622, 4729, 11.5)",0.0
Amount_shipped,"(640, 4600, 136, 4692, 11.61)",0.0
Amount_shipped,"(640, 4600, 494, 4926, 11.95)",0.0
Amount_shipped,"(640, 4600, 627, 4796, 12.52)",0.0
Amount_shipped,"(640, 4600, 604, 4624, 12.57)",0.0
Amount_shipped,"(640, 4600, 497, 4720, 12.7)",0.0
Amount_shipped,"(640, 4600, 503, 4807, 16.06)",0.0
Amount_shipped,"(640, 4600, 612, 4678, 16.32)",0.0
Amount_shipped,"(640, 4600, 345, 4695, 23.25)",0.0
Amount_shipped,"(640, 4600, 696, 4535, 23.59)",0.0
Amount_shipped,"(640, 4600, 250, 4682, 28.56)",0.0
Amount_shipped,"(640, 4600, 572, 4680, 30.45)",0.0
Amount_shipped,"(640, 4600, 371, 4764, 52.72)",0.0
Amount_shipped,"(640, 4600, 312, 4747, 62.13)",0.0
Amount_shipped,"(640, 4600, 417, 4874, 76.13)",0.0
Amount_shipped,"(640, 4600, 350, 4738, 111.96)",0.0
Amount_shipped,"(640, 4600, 327, 4722, 125.89)",0.0
Amount_shipped,"(640, 4600, 555, 4937, 127.49)",0.0
Amount_shipped,"(640, 4600, 239, 4765, 151.68)",0.0
Amount_shipped,"(640, 4600, 558, 4583, 208.94)",0.0
Amount_shipped,"(640, 4600, 592, 4773, 272.69)",0.0
Amount_shipped,"(640, 4600, 303, 4682, 594.76)",0.0
Amount_shipped,"(640, 4600, 519, 4618, 758.82)",0.0
Amount_shipped,"(640, 4600, 190, 4740, 907.18)",0.0
Amount_shipped,"(640, 4600, 604, 4955, 907.45)",0.0
Amount_shipped,"(640, 4600, 334, 4799, 1285.48)",0.0
Amount_shipped,"(640, 4600, 402, 4762, 1356.12)",0.0
Amount_shipped,"(640, 4620, 604, 4556, 10.77)",0.0
Amount_shipped,"(640, 4620, 545, 4715, 11.01)",0.0
Amount_shipped,"(640, 4620, 598, 4885, 11.15)",0.0
Amount_shipped,"(640, 4620, 622, 4729, 11.5)",0.0
Amount_shipped,"(640, 4620, 136, 4692, 11.61)",0.0
Amount_shipped,"(640, 4620, 494, 4926, 11.95)",0.0
Amount_shipped,"(640, 4620, 627, 4796, 12.52)",0.0
Amount_shipped,"(640, 4620, 604, 4624, 12.57)",0.0
Amount_shipped,"(640, 4620, 497, 4720, 12.7)",0.0
Amount_shipped,"(640, 4620, 503, 4807, 16.06)",0.0
Amount_shipped,"(640, 4620, 612, 4678, 16.32)",0.0
Amount_shipped,"(640, 4620, 345, 4695, 23.25)",0.0
Amount_shipped,"(640, 4620, 696, 4535, 23.59)",0.0
Amount_shipped,"(640, 4620, 250, 4682, 28.56)",0.0
Amount_shipped,"(640, 4620, 572, 4680, 30.45)",0.0
Amount_shipped,"(640, 4620, 371, 4764, 52.72)",0.0
Amount_shipped,"(640, 4620, 312, 4747, 62.13)",0.0
Amount_shipped,"(640, 4620, 417, 4874, 76.13)",0.0
Amount_shipped,"(640, 4620, 350, 4738, 111.96)",0.0
Amount_shipped,"(640, 4620, 327, 4722, 125.89)",0.0
Amount_shipped,"(640, 4620, 555, 4937, 127.49)",0.0
Amount_shipped,"(640, 4620, 239, 4765, 151.68)",0.0
Amount_shipped,"(640, 4620, 558, 4583, 208.94)",0.0
Amount_shipped,"(640, 4620, 592, 4773, 272.69)",0.0
Amount_shipped,"(640, 4620, 303, 4682, 594.76)",0.0
Amount_shipped,"(640, 4620, 519, 4618, 758.82)",0.0
Amount_shipped,"(640, 4620, 190, 4740, 907.18)",0.0
Amount_shipped,"(640, 4620, 604, 4955, 907.45)",0.0
Amount_shipped,"(640, 4620, 334, 4799, 1285.48)",0.0
Amount_shipped,"(640, 4620, 402, 4762, 1356.12)",0.0
Amount_shipped,"(640, 4640, 604, 4556, 10.77)",0.0
Amount_shipped,"(640, 4640, 545, 4715, 11.01)",0.0
Amount_shipped,"(640, 4640, 598, 4885, 11.15)",0.0
Amount_shipped,"(640, 4640, 622, 4729, 11.5)",0.0
Amount_shipped,"(640, 4640, 136, 4692, 11.61)",0.0
Amount_shipped,"(640, 4640, 494, 4926, 11.95)",0.0
Amount_shipped,"(640, 4640, 627, 4796, 12.52)",0.0
Amount_shipped,"(640, 4640, 604, 4624, 12.57)",0.0
Amount_shipped,"(640, 4640, 497, 4720, 12.7)",0.0
Amount_shipped,"(640, 4640, 503, 4807, 16.06)",0.0
Amount_shipped,"(640, 4640, 612, 4678, 16.32)",0.0
Amount_shipped,"(640, 4640, 345, 4695, 23.25)",0.0
Amount_shipped,"(640, 4640, 696, 4535, 23.59)",0.0
Amount_shipped,"(640, 4640, 250, 4682, 28.56)",0.0
Amount_shipped,"(640, 4640, 572, 4680, 30.45)",0.0
Amount_shipped,"(640, 4640, 371, 4764, 52.72)",0.0
Amount_shipped,"(640, 4640, 312, 4747, 62.13)",0.0
Amount_shipped,"(640, 4640, 417, 4874, 76.13)",0.0
Amount_shipped,"(640, 4640, 350, 4738, 111.96)",0.0
Amount_shipped,"(640, 4640, 327, 4722, 125.89)",0.0
Amount_shipped,"(640, 4640, 555, 4937, 127.49)",0.0
Amount_shipped,"(640, 4640, 239, 4765, 151.68)",0.0
Amount_shipped,"(640, 4640, 558, 4583, 208.94)",0.0
Amount_shipped,"(640, 4640, 592, 4773, 272.69)",0.0
Amount_shipped,"(640, 4640, 303, 4682, 594.76)",0.0
Amount_shipped,"(640, 4640, 519, 4618, 758.82)",0.0
Amount_shipped,"(640, 4640, 190, 4740, 907.18)",0.0
Amount_shipped,"(640, 4640, 604, 4955, 907.45)",0.0
Amount_shipped,"(640, 4640, 334, 4799, 1285.48)",0.0
Amount_shipped,"(640, 4640, 402, 4762, 1356.12)",0.0
Amount_shipped,"(640, 4660, 604, 4556, 10.77)",0.0
Amount_shipped,"(640, 4660, 545, 4715, 11.01)",0.0
Amount_shipped,"(640, 4660, 598, 4885, 11.15)",0.0
Amount_shipped,"(640, 4660, 622, 4729, 11.5)",0.0
Amount_shipped,"(640, 4660, 136, 4692, 11.61)",0.0
Amount_shipped,"(640, 4660, 494, 4926, 11.95)",0.0
Amount_shipped,"(640, 4660, 627, 4796, 12.52)",0.0
Amount_shipped,"(640, 4660, 604, 4624, 12.57)",0.0
Amount_shipped,"(640, 4660, 497, 4720, 12.7)",0.0
Amount_shipped,"(640, 4660, 503, 4807, 16.06)",0.0
Amount_shipped,"(640, 4660, 612, 4678, 16.32)",0.0
Amount_shipped,"(640, 4660, 345, 4695, 23.25)",0.0
Amount_shipped,"(640, 4660, 696, 4535, 23.59)",0.0
Amount_shipped,"(640, 4660, 250, 4682, 28.56)",0.0
Amount_shipped,"(640, 4660, 572, 4680, 30.45)",0.0
Amount_shipped,"(640, 4660, 371, 4764, 52.72)",0.0
Amount_shipped,"(640, 4660, 312, 4747, 62.13)",0.0
Amount_shipped,"(640, 4660, 417, 4874, 76.13)",0.0
Amount_shipped,"(640, 4660, 350, 4738, 111.96)",0.0
Amount_shipped,"(640, 4660, 327, 4722, 125.89)",0.0
Amount_shipped,"(640, 4660, 555, 4937, 127.49)",0.0
Amount_shipped,"(640, 4660, 239, 4765, 151.68)",0.0
Amount_shipped,"(640, 4660, 558, 4583, 208.94)",0.0
Amount_shipped,"(640, 4660, 592, 4773, 272.69)",0.0
Amount_shipped,"(640, 4660, 303, 4682, 594.76)",0.0
Amount_shipped,"(640, 4660, 519, 4618, 758.82)",0.0
Amount_shipped,"(640, 4660, 190, 4740, 907.18)",0.0
Amount_shipped,"(640, 4660, 604, 4955, 907.45)",0.0
Amount_shipped,"(640, 4660, 334, 4799, 1285.48)",0.0
Amount_shipped,"(640, 4660, 402, 4762, 1356.12)",0.0
Amount_shipped,"(640, 4680, 604, 4556, 10.77)",0.0
Amount_shipped,"(640, 4680, 545, 4715, 11.01)",0.0
Amount_shipped,"(640, 4680, 598, 4885, 11.15)",0.0
Amount_shipped,"(640, 4680, 622, 4729, 11.5)",0.0
Amount_shipped,"(640, 4680, 136, 4692, 11.61)",0.0
Amount_shipped,"(640, 4680, 494, 4926, 11.95)",0.0
Amount_shipped,"(640, 4680, 627, 4796, 12.52)",0.0
Amount_shipped,"(640, 4680, 604, 4624, 12.57)",0.0
Amount_shipped,"(640, 4680, 497, 4720, 12.7)",0.0
Amount_shipped,"(640, 4680, 503, 4807, 16.06)",0.0
Amount_shipped,"(640, 4680, 612, 4678, 16.32)",0.0
Amount_shipped,"(640, 4680, 345, 4695, 23.25)",0.0
Amount_shipped,"(640, 4680, 696, 4535, 23.59)",0.0
Amount_shipped,"(640, 4680, 250, 4682, 28.56)",0.0
Amount_shipped,"(640, 4680, 572, 4680, 30.45)",0.0
Amount_shipped,"(640, 4680, 371, 4764, 52.72)",0.0
Amount_shipped,"(640, 4680, 312, 4747, 62.13)",0.0
Amount_shipped,"(640, 4680, 417, 4874, 76.13)",0.0
Amount_shipped,"(640, 4680, 350, 4738, 111.96)",0.0
Amount_shipped,"(640, 4680, 327, 4722, 125.89)",0.0
Amount_shipped,"(640, 4680, 555, 4937, 127.49)",0.0
Amount_shipped,"(640, 4680, 239, 4765, 151.68)",0.0
Amount_shipped,"(640, 4680, 558, 4583, 208.94)",0.0
Amount_shipped,"(640, 4680, 592, 4773, 272.69)",0.0
Amount_shipped,"(640, 4680, 303, 4682, 594.76)",0.0
Amount_shipped,"(640, 4680, 519, 4618, 758.82)",0.0
Amount_shipped,"(640, 4680, 190, 4740, 907.18)",0.0
Amount_shipped,"(640, 4680, 604, 4955, 907.45)",0.0
Amount_shipped,"(640, 4680, 334, 4799, 1285.48)",0.0
Amount_shipped,"(640, 4680, 402, 4762, 1356.12)",0.0
Amount_shipped,"(640, 4700, 604, 4556, 10.77)",0.0
Amount_shipped,"(640, 4700, 545, 4715, 11.01)",0.0
Amount_shipped,"(640, 4700, 598, 4885, 11.15)",0.0
Amount_shipped,"(640, 4700, 622, 4729, 11.5)",0.0
Amount_shipped,"(640, 4700, 136, 4692, 11.61)",0.0
Amount_shipped,"(640, 4700, 494, 4926, 11.95)",0.0
Amount_shipped,"(640, 4700, 627, 4796, 12.52)",0.0
Amount_shipped,"(640, 4700, 604, 4624, 12.57)",0.0
Amount_shipped,"(640, 4700, 497, 4720, 12.7)",0.0
Amount_shipped,"(640, 4700, 503, 4807, 16.06)",0.0
Amount_shipped,"(640, 4700, 612, 4678, 16.32)",0.0
Amount_shipped,"(640, 4700, 345, 4695, 23.25)",0.0
Amount_shipped,"(640, 4700, 696, 4535, 23.59)",0.0
Amount_shipped,"(640, 4700, 250, 4682, 28.56)",0.0
Amount_shipped,"(640, 4700, 572, 4680, 30.45)",0.0
Amount_shipped,"(640, 4700, 371, 4764, 52.72)",0.0
Amount_shipped,"(640, 4700, 312, 4747, 62.13)",0.0
Amount_shipped,"(640, 4700, 417, 4874, 76.13)",0.0
Amount_shipped,"(640, 4700, 350, 4738, 111.96)",0.0
Amount_shipped,"(640, 4700, 327, 4722, 125.89)",0.0
Amount_shipped,"(640, 4700, 555, 4937, 127.49)",0.0
Amount_shipped,"(640, 4700, 239, 4765, 151.68)",0.0
Amount_shipped,"(640, 4700, 558, 4583, 208.94)",0.0
Amount_shipped,"(640, 4700, 592, 4773, 272.69)",0.0
Amount_shipped,"(640, 4700, 303, 4682, 594.76)",0.0
Amount_shipped,"(640, 4700, 519, 4618, 758.82)",0.0
Amount_shipped,"(640, 4700, 190, 4740, 907.18)",0.0
Amount_shipped,"(640, 4700, 604, 4955, 907.45)",0.0
Amount_shipped,"(640, 4700, 334, 4799, 1285.48)",0.0
Amount_shipped,"(640, 4700, 402, 4762, 1356.12)",0.0
Amount_shipped,"(640, 4720, 604, 4556, 10.77)",0.0
Amount_shipped,"(640, 4720, 545, 4715, 11.01)",0.0
Amount_shipped,"(640, 4720, 598, 4885, 11.15)",0.0
Amount_shipped,"(640, 4720, 622, 4729, 11.5)",0.0
Amount_shipped,"(640, 4720, 136, 4692, 11.61)",0.0
Amount_shipped,"(640, 4720, 494, 4926, 11.95)",0.0
Amount_shipped,"(640, 4720, 627, 4796, 12.52)",0.0
Amount_shipped,"(640, 4720, 604, 4624, 12.57)",0.0
Amount_shipped,"(640, 4720, 497, 4720, 12.7)",0.0
Amount_shipped,"(640, 4720, 503, 4807, 16.06)",0.0
Amount_shipped,"(640, 4720, 612, 4678, 16.32)",0.0
Amount_shipped,"(640, 4720, 345, 4695, 23.25)",0.0
Amount_shipped,"(640, 4720, 696, 4535, 23.59)",0.0
Amount_shipped,"(640, 4720, 250, 4682, 28.56)",0.0
Amount_shipped,"(640, 4720, 572, 4680, 30.45)",0.0
Amount_shipped,"(640, 4720, 371, 4764, 52.72)",0.0
Amount_shipped,"(640, 4720, 312, 4747, 62.13)",0.0
Amount_shipped,"(640, 4720, 417, 4874, 76.13)",0.0
Amount_shipped,"(640, 4720, 350, 4738, 111.96)",0.0
Amount_shipped,"(640, 4720, 327, 4722, 125.89)",0.0
Amount_shipped,"(640, 4720, 555, 4937, 127.49)",0.0
Amount_shipped,"(640, 4720, 239, 4765, 151.68)",0.0
Amount_shipped,"(640, 4720, 558, 4583, 208.94)",0.0
Amount_shipped,"(640, 4720, 592, 4773, 272.69)",0.0
Amount_shipped,"(640, 4720, 303, 4682, 594.76)",0.0
Amount_shipped,"(640, 4720, 519, 4618, 758.82)",0.0
Amount_shipped,"(640, 4720, 190, 4740, 907.18)",0.0
Amount_shipped,"(640, 4720, 604, 4955, 907.45)",0.0
Amount_shipped,"(640, 4720, 334, 4799, 1285.48)",0.0
Amount_shipped,"(640, 4720, 402, 4762, 1356.12)",0.0
Amount_shipped,"(640, 4740, 604, 4556, 10.77)",0.0
Amount_shipped,"(640, 4740, 545, 4715, 11.01)",0.0
Amount_shipped,"(640, 4740, 598, 4885, 11.15)",0.0
Amount_shipped,"(640, 4740, 622, 4729, 11.5)",0.0
Amount_shipped,"(640, 4740, 136, 4692, 11.61)",0.0
Amount_shipped,"(640, 4740, 494, 4926, 11.95)",0.0
Amount_shipped,"(640, 4740, 627, 4796, 12.52)",0.0
Amount_shipped,"(640, 4740, 604, 4624, 12.57)",0.0
Amount_shipped,"(640, 4740, 497, 4720, 12.7)",0.0
Amount_shipped,"(640, 4740, 503, 4807, 16.06)",0.0
Amount_shipped,"(640, 4740, 612, 4678, 16.32)",0.0
Amount_shipped,"(640, 4740, 345, 4695, 23.25)",0.0
Amount_shipped,"(640, 4740, 696, 4535, 23.59)",0.0
Amount_shipped,"(640, 4740, 250, 4682, 28.56)",0.0
Amount_shipped,"(640, 4740, 572, 4680, 30.45)",0.0
Amount_shipped,"(640, 4740, 371, 4764, 52.72)",0.0
Amount_shipped,"(640, 4740, 312, 4747, 62.13)",0.0
Amount_shipped,"(640, 4740, 417, 4874, 76.13)",0.0
Amount_shipped,"(640, 4740, 350, 4738, 111.96)",0.0
Amount_shipped,"(640, 4740, 327, 4722, 125.89)",0.0
Amount_shipped,"(640, 4740, 555, 4937, 127.49)",0.0
Amount_shipped,"(640, 4740, 239, 4765, 151.68)",0.0
Amount_shipped,"(640, 4740, 558, 4583, 208.94)",0.0
Amount_shipped,"(640, 4740, 592, 4773, 272.69)",0.0
Amount_shipped,"(640, 4740, 303, 4682, 594.76)",0.0
Amount_shipped,"(640, 4740, 519, 4618, 758.82)",0.0
Amount_shipped,"(640, 4740, 190, 4740, 907.18)",0.0
Amount_shipped,"(640, 4740, 604, 4955, 907.45)",0.0
Amount_shipped,"(640, 4740, 334, 4799, 1285.48)",0.0
Amount_shipped,"(640, 4740, 402, 4762, 1356.12)",0.0
Amount_shipped,"(640, 4760, 604, 4556, 10.77)",0.0
Amount_shipped,"(640, 4760, 545, 4715, 11.01)",0.0
Amount_shipped,"(640, 4760, 598, 4885, 11.15)",0.0
Amount_shipped,"(640, 4760, 622, 4729, 11.5)",0.0
Amount_shipped,"(640, 4760, 136, 4692, 11.61)",0.0
Amount_shipped,"(640, 4760, 494, 4926, 11.95)",0.0
Amount_shipped,"(640, 4760, 627, 4796, 12.52)",0.0
Amount_shipped,"(640, 4760, 604, 4624, 12.57)",0.0
Amount_shipped,"(640, 4760, 497, 4720, 12.7)",0.0
Amount_shipped,"(640, 4760, 503, 4807, 16.06)",0.0
Amount_shipped,"(640, 4760, 612, 4678, 16.32)",0.0
Amount_shipped,"(640, 4760, 345, 4695, 23.25)",0.0
Amount_shipped,"(640, 4760, 696, 4535, 23.59)",0.0
Amount_shipped,"(640, 4760, 250, 4682, 28.56)",0.0
Amount_shipped,"(640, 4760, 572, 4680, 30.45)",0.0
Amount_shipped,"(640, 4760, 371, 4764, 52.72)",0.0
Amount_shipped,"(640, 4760, 312, 4747, 62.13)",0.0
Amount_shipped,"(640, 4760, 417, 4874, 76.13)",0.0
Amount_shipped,"(640, 4760, 350, 4738, 111.96)",0.0
Amount_shipped,"(640, 4760, 327, 4722, 125.89)",0.0
Amount_shipped,"(640, 4760, 555, 4937, 127.49)",0.0
Amount_shipped,"(640, 4760, 239, 4765, 151.68)",0.0
Amount_shipped,"(640, 4760, 558, 4583, 208.94)",0.0
Amount_shipped,"(640, 4760, 592, 4773, 272.69)",0.0
Amount_shipped,"(640, 4760, 303, 4682, 594.76)",0.0
Amount_shipped,"(640, 4760, 519, 4618, 758.82)",0.0
Amount_shipped,"(640, 4760, 190, 4740, 907.18)",0.0
Amount_shipped,"(640, 4760, 604, 4955, 907.45)",0.0
Amount_shipped,"(640, 4760, 334, 4799, 1285.48)",0.0
Amount_shipped,"(640, 4760, 402, 4762, 1356.12)",0.0
Amount_shipped,"(640, 4780, 604, 4556, 10.77)",0.0
Amount_shipped,"(640, 4780, 545, 4715, 11.01)",0.0
Amount_shipped,"(640, 4780, 598, 4885, 11.15)",0.0
Amount_shipped,"(640, 4780, 622, 4729, 11.5)",0.0
Amount_shipped,"(640, 4780, 136, 4692, 11.61)",0.0
Amount_shipped,"(640, 4780, 494, 4926, 11.95)",0.0
Amount_shipped,"(640, 4780, 627, 4796, 12.52)",0.0
Amount_shipped,"(640, 4780, 604, 4624, 12.57)",0.0
Amount_shipped,"(640, 4780, 497, 4720, 12.7)",0.0
Amount_shipped,"(640, 4780, 503, 4807, 16.06)",0.0
Amount_shipped,"(640, 4780, 612, 4678, 16.32)",0.0
Amount_shipped,"(640, 4780, 345, 4695, 23.25)",0.0
Amount_shipped,"(640, 4780, 696, 4535, 23.59)",0.0
Amount_shipped,"(640, 4780, 250, 4682, 28.56)",0.0
Amount_shipped,"(640, 4780, 572, 4680, 30.45)",0.0
Amount_shipped,"(640, 4780, 371, 4764, 52.72)",0.0
Amount_shipped,"(640, 4780, 312, 4747, 62.13)",0.0
Amount_shipped,"(640, 4780, 417, 4874, 76.13)",0.0
Amount_shipped,"(640, 4780, 350, 4738, 111.96)",0.0
Amount_shipped,"(640, 4780, 327, 4722, 125.89)",0.0
Amount_shipped,"(640, 4780, 555, 4937, 127.49)",0.0
Amount_shipped,"(640, 4780, 239, 4765, 151.68)",0.0
Amount_shipped,"(640, 4780, 558, 4583, 208.94)",0.0
Amount_shipped,"(640, 4780, 592, 4773, 272.69)",0.0
Amount_shipped,"(640, 4780, 303, 4682, 594.76)",0.0
Amount_shipped,"(640, 4780, 519, 4618, 758.82)",0.0
Amount_shipped,"(640, 4780, 190, 4740, 907.18)",0.0
Amount_shipped,"(640, 4780, 604, 4955, 907.45)",0.0
Amount_shipped,"(640, 4780, 334, 4799, 1285.48)",0.0
Amount_shipped,"(640, 4780, 402, 4762, 1356.12)",0.0
Amount_shipped,"(640, 4800, 604, 4556, 10.77)",0.0
Amount_shipped,"(640, 4800, 545, 4715, 11.01)",0.0
Amount_shipped,"(640, 4800, 598, 4885, 11.15)",0.0
Amount_shipped,"(640, 4800, 622, 4729, 11.5)",0.0
Amount_shipped,"(640, 4800, 136, 4692, 11.61)",0.0
Amount_shipped,"(640, 4800, 494, 4926, 11.95)",0.0
Amount_shipped,"(640, 4800, 627, 4796, 12.52)",0.0
Amount_shipped,"(640, 4800, 604, 4624, 12.57)",0.0
Amount_shipped,"(640, 4800, 497, 4720, 12.7)",0.0
Amount_shipped,"(640, 4800, 503, 4807, 16.06)",0.0
Amount_shipped,"(640, 4800, 612, 4678, 16.32)",0.0
Amount_shipped,"(640, 4800, 345, 4695, 23.25)",0.0
Amount_shipped,"(640, 4800, 696, 4535, 23.59)",0.0
Amount_shipped,"(640, 4800, 250, 4682, 28.56)",0.0
Amount_shipped,"(640, 4800, 572, 4680, 30.45)",0.0
Amount_shipped,"(640, 4800, 371, 4764, 52.72)",0.0
Amount_shipped,"(640, 4800, 312, 4747, 62.13)",0.0
Amount_shipped,"(640, 4800, 417, 4874, 76.13)",0.0
Amount_shipped,"(640, 4800, 350, 4738, 111.96)",0.0
Amount_shipped,"(640, 4800, 327, 4722, 125.89)",0.0
Amount_shipped,"(640, 4800, 555, 4937, 127.49)",0.0
Amount_shipped,"(640, 4800, 239, 4765, 151.68)",0.0
Amount_shipped,"(640, 4800, 558, 4583, 208.94)",0.0
Amount_shipped,"(640, 4800, 592, 4773, 272.69)",0.0
Amount_shipped,"(640, 4800, 303, 4682, 594.76)",0.0
Amount_shipped,"(640, 4800, 519, 4618, 758.82)",0.0
Amount_shipped,"(640, 4800, 190, 4740, 907.18)",0.0
Amount_shipped,"(640, 4800, 604, 4955, 907.45)",0.0
Amount_shipped,"(640, 4800, 334, 4799, 1285.48)",0.0
Amount_shipped,"(640, 4800, 402, 4762, 1356.12)",0.0
Amount_shipped,"(640, 4820, 604, 4556, 10.77)",0.0
Amount_shipped,"(640, 4820, 545, 4715, 11.01)",0.0
Amount_shipped,"(640, 4820, 598, 4885, 11.15)",0.0
Amount_shipped,"(640, 4820, 622, 4729, 11.5)",0.0
Amount_shipped,"(640, 4820, 136, 4692, 11.61)",0.0
Amount_shipped,"(640, 4820, 494, 4926, 11.95)",0.0
Amount_shipped,"(640, 4820, 627, 4796, 12.52)",0.0
Amount_shipped,"(640, 4820, 604, 4624, 12.57)",0.0
Amount_shipped,"(640, 4820, 497, 4720, 12.7)",0.0
Amount_shipped,"(640, 4820, 503, 4807, 16.06)",0.0
Amount_shipped,"(640, 4820, 612, 4678, 16.32)",0.0
Amount_shipped,"(640, 4820, 345, 4695, 23.25)",0.0
Amount_shipped,"(640, 4820, 696, 4535, 23.59)",0.0
Amount_shipped,"(640, 4820, 250, 4682, 28.56)",0.0
Amount_shipped,"(640, 4820, 572, 4680, 30.45)",0.0
Amount_shipped,"(640, 4820, 371, 4764, 52.72)",0.0
Amount_shipped,"(640, 4820, 312, 4747, 62.13)",0.0
Amount_shipped,"(640, 4820, 417, 4874, 76.13)",0.0
Amount_shipped,"(640, 4820, 350, 4738, 111.96)",0.0
Amount_shipped,"(640, 4820, 327, 4722, 125.89)",0.0
Amount_shipped,"(640, 4820, 555, 4937, 127.49)",0.0
Amount_shipped,"(640, 4820, 239, 4765, 151.68)",0.0
Amount_shipped,"(640, 4820, 558, 4583, 208.94)",0.0
Amount_shipped,"(640, 4820, 592, 4773, 272.69)",0.0
Amount_shipped,"(640, 4820, 303, 4682, 594.76)",0.0
Amount_shipped,"(640, 4820, 519, 4618, 758.82)",0.0
Amount_shipped,"(640, 4820, 190, 4740, 907.18)",0.0
Amount_shipped,"(640, 4820, 604, 4955, 907.45)",0.0
Amount_shipped,"(640, 4820, 334, 4799, 1285.48)",0.0
Amount_shipped,"(640, 4820, 402, 4762, 1356.12)",0.0
Amount_shipped,"(640, 4840, 604, 4556, 10.77)",0.0
Amount_shipped,"(640, 4840, 545, 4715, 11.01)",0.0
Amount_shipped,"(640, 4840, 598, 4885, 11.15)",0.0
Amount_shipped,"(640, 4840, 622, 4729, 11.5)",0.0
Amount_shipped,"(640, 4840, 136, 4692, 11.61)",0.0
Amount_shipped,"(640, 4840, 494, 4926, 11.95)",0.0
Amount_shipped,"(640, 4840, 627, 4796, 12.52)",0.0
Amount_shipped,"(640, 4840, 604, 4624, 12.57)",0.0
Amount_shipped,"(640, 4840, 497, 4720, 12.7)",0.0
Amount_shipped,"(640, 4840, 503, 4807, 16.06)",0.0
Amount_shipped,"(640, 4840, 612, 4678, 16.32)",0.0
Amount_shipped,"(640, 4840, 345, 4695, 23.25)",0.0
Amount_shipped,"(640, 4840, 696, 4535, 23.59)",0.0
Amount_shipped,"(640, 4840, 250, 4682, 28.56)",0.0
Amount_shipped,"(640, 4840, 572, 4680, 30.45)",0.0
Amount_shipped,"(640, 4840, 371, 4764, 52.72)",0.0
Amount_shipped,"(640, 4840, 312, 4747, 62.13)",0.0
Amount_shipped,"(640, 4840, 417, 4874, 76.13)",0.0
Amount_shipped,"(640, 4840, 350, 4738, 111.96)",0.0
Amount_shipped,"(640, 4840, 327, 4722, 125.89)",0.0
Amount_shipped,"(640, 4840, 555, 4937, 127.49)",0.0
Amount_shipped,"(640, 4840, 239, 4765, 151.68)",0.0
Amount_shipped,"(640, 4840, 558, 4583, 208.94)",0.0
Amount_shipped,"(640, 4840, 592, 4773, 272.69)",0.0
Amount_shipped,"(640, 4840, 303, 4682, 594.76)",0.0
Amount_shipped,"(640, 4840, 519, 4618, 758.82)",0.0
Amount_shipped,"(640, 4840, 190, 4740, 907.18)",0.0
Amount_shipped,"(640, 4840, 604, 4955, 907.45)",0.0
Amount_shipped,"(640, 4840, 334, 4799, 1285.48)",0.0
Amount_shipped,"(640, 4840, 402, 4762, 1356.12)",0.0
Amount_shipped,"(640, 4860, 604, 4556, 10.77)",0.0
Amount_shipped,"(640, 4860, 545, 4715, 11.01)",0.0
Amount_shipped,"(640, 4860, 598, 4885, 11.15)",0.0
Amount_shipped,"(640, 4860, 622, 4729, 11.5)",0.0
Amount_shipped,"(640, 4860, 136, 4692, 11.61)",0.0
Amount_shipped,"(640, 4860, 494, 4926, 11.95)",0.0
Amount_shipped,"(640, 4860, 627, 4796, 12.52)",0.0
Amount_shipped,"(640, 4860, 604, 4624, 12.57)",0.0
Amount_shipped,"(640, 4860, 497, 4720, 12.7)",0.0
Amount_shipped,"(640, 4860, 503, 4807, 16.06)",0.0
Amount_shipped,"(640, 4860, 612, 4678, 16.32)",0.0
Amount_shipped,"(640, 4860, 345, 4695, 23.25)",0.0
Amount_shipped,"(640, 4860, 696, 4535, 23.59)",0.0
Amount_shipped,"(640, 4860, 250, 4682, 28.56)",0.0
Amount_shipped,"(640, 4860, 572, 4680, 30.45)",0.0
Amount_shipped,"(640, 4860, 371, 4764, 52.72)",0.0
Amount_shipped,"(640, 4860, 312, 4747, 62.13)",0.0
Amount_shipped,"(640, 4860, 417, 4874, 76.13)",0.0
Amount_shipped,"(640, 4860, 350, 4738, 111.96)",0.0
Amount_shipped,"(640, 4860, 327, 4722, 125.89)",0.0
Amount_shipped,"(640, 4860, 555, 4937, 127.49)",0.0
Amount_shipped,"(640, 4860, 239, 4765, 151.68)",0.0
Amount_shipped,"(640, 4860, 558, 4583, 208.94)",0.0
Amount_shipped,"(640, 4860, 592, 4773, 272.69)",0.0
Amount_shipped,"(640, 4860, 303, 4682, 594.76)",0.0
Amount_shipped,"(640, 4860, 519, 4618, 758.82)",0.0
Amount_shipped,"(640, 4860, 190, 4740, 907.18)",0.0
Amount_shipped,"(640, 4860, 604, 4955, 907.45)",0.0
Amount_shipped,"(640, 4860, 334, 4799, 1285.48)",0.0
Amount_shipped,"(640, 4860, 402, 4762, 1356.12)",0.0
Amount_shipped,"(640, 4880, 604, 4556, 10.77)",0.0
Amount_shipped,"(640, 4880, 545, 4715, 11.01)",0.0
Amount_shipped,"(640, 4880, 598, 4885, 11.15)",0.0
Amount_shipped,"(640, 4880, 622, 4729, 11.5)",0.0
Amount_shipped,"(640, 4880, 136, 4692, 11.61)",0.0
Amount_shipped,"(640, 4880, 494, 4926, 11.95)",0.0
Amount_shipped,"(640, 4880, 627, 4796, 12.52)",0.0
Amount_shipped,"(640, 4880, 604, 4624, 12.57)",0.0
Amount_shipped,"(640, 4880, 497, 4720, 12.7)",0.0
Amount_shipped,"(640, 4880, 503, 4807, 16.06)",0.0
Amount_shipped,"(640, 4880, 612, 4678, 16.32)",0.0
Amount_shipped,"(640, 4880, 345, 4695, 23.25)",0.0
Amount_shipped,"(640, 4880, 696, 4535, 23.59)",0.0
Amount_shipped,"(640, 4880, 250, 4682, 28.56)",0.0
Amount_shipped,"(640, 4880, 572, 4680, 30.45)",0.0
Amount_shipped,"(640, 4880, 371, 4764, 52.72)",0.0
Amount_shipped,"(640, 4880, 312, 4747, 62.13)",0.0
Amount_shipped,"(640, 4880, 417, 4874, 76.13)",0.0
Amount_shipped,"(640, 4880, 350, 4738, 111.96)",0.0
Amount_shipped,"(640, 4880, 327, 4722, 125.89)",0.0
Amount_shipped,"(640, 4880, 555, 4937, 127.49)",0.0
Amount_shipped,"(640, 4880, 239, 4765, 151.68)",0.0
Amount_shipped,"(640, 4880, 558, 4583, 208.94)",0.0
Amount_shipped,"(640, 4880, 592, 4773, 272.69)",0.0
Amount_shipped,"(640, 4880, 303, 4682, 594.76)",0.0
Amount_shipped,"(640, 4880, 519, 4618, 758.82)",0.0
Amount_shipped,"(640, 4880, 190, 4740, 907.18)",0.0
Amount_shipped,"(640, 4880, 604, 4955, 907.45)",0.0
Amount_shipped,"(640, 4880, 334, 4799, 1285.48)",0.0
Amount_shipped,"(640, 4880, 402, 4762, 1356.12)",0.0
Amount_shipped,"(640, 4900, 604, 4556, 10.77)",0.0
Amount_shipped,"(640, 4900, 545, 4715, 11.01)",0.0
Amount_shipped,"(640, 4900, 598, 4885, 11.15)",0.0
Amount_shipped,"(640, 4900, 622, 4729, 11.5)",0.0
Amount_shipped,"(640, 4900, 136, 4692, 11.61)",0.0
Amount_shipped,"(640, 4900, 494, 4926, 11.95)",0.0
Amount_shipped,"(640, 4900, 627, 4796, 12.52)",0.0
Amount_shipped,"(640, 4900, 604, 4624, 12.57)",0.0
Amount_shipped,"(640, 4900, 497, 4720, 12.7)",0.0
Amount_shipped,"(640, 4900, 503, 4807, 16.06)",0.0
Amount_shipped,"(640, 4900, 612, 4678, 16.32)",0.0
Amount_shipped,"(640, 4900, 345, 4695, 23.25)",0.0
Amount_shipped,"(640, 4900, 696, 4535, 23.59)",0.0
Amount_shipped,"(640, 4900, 250, 4682, 28.56)",0.0
Amount_shipped,"(640, 4900, 572, 4680, 30.45)",0.0
Amount_shipped,"(640, 4900, 371, 4764, 52.72)",0.0
Amount_shipped,"(640, 4900, 312, 4747, 62.13)",0.0
Amount_shipped,"(640, 4900, 417, 4874, 76.13)",0.0
Amount_shipped,"(640, 4900, 350, 4738, 111.96)",0.0
Amount_shipped,"(640, 4900, 327, 4722, 125.89)",0.0
Amount_shipped,"(640, 4900, 555, 4937, 127.49)",0.0
Amount_shipped,"(640, 4900, 239, 4765, 151.68)",0.0
Amount_shipped,"(640, 4900, 558, 4583, 208.94)",0.0
Amount_shipped,"(640, 4900, 592, 4773, 272.69)",0.0
Amount_shipped,"(640, 4900, 303, 4682, 594.76)",0.0
Amount_shipped,"(640, 4900, 519, 4618, 758.82)",0.0
Amount_shipped,"(640, 4900, 190, 4740, 907.18)",0.0
Amount_shipped,"(640, 4900, 604, 4955, 907.45)",0.0
Amount_shipped,"(640, 4900, 334, 4799, 1285.48)",0.0
Amount_shipped,"(640, 4900, 402, 4762, 1356.12)",0.0
Amount_shipped,"(640, 4920, 604, 4556, 10.77)",0.0
Amount_shipped,"(640, 4920, 545, 4715, 11.01)",0.0
Amount_shipped,"(640, 4920, 598, 4885, 11.15)",0.0
Amount_shipped,"(640, 4920, 622, 4729, 11.5)",0.0
Amount_shipped,"(640, 4920, 136, 4692, 11.61)",0.0
Amount_shipped,"(640, 4920, 494, 4926, 11.95)",0.0
Amount_shipped,"(640, 4920, 627, 4796, 12.52)",0.0
Amount_shipped,"(640, 4920, 604, 4624, 12.57)",0.0
Amount_shipped,"(640, 4920, 497, 4720, 12.7)",0.0
Amount_shipped,"(640, 4920, 503, 4807, 16.06)",0.0
Amount_shipped,"(640, 4920, 612, 4678, 16.32)",0.0
Amount_shipped,"(640, 4920, 345, 4695, 23.25)",0.0
Amount_shipped,"(640, 4920, 696, 4535, 23.59)",0.0
Amount_shipped,"(640, 4920, 250, 4682, 28.56)",0.0
Amount_shipped,"(640, 4920, 572, 4680, 30.45)",0.0
Amount_shipped,"(640, 4920, 371, 4764, 52.72)",0.0
Amount_shipped,"(640, 4920, 312, 4747, 62.13)",0.0
Amount_shipped,"(640, 4920, 417, 4874, 76.13)",0.0
Amount_shipped,"(640, 4920, 350, 4738, 111.96)",0.0
Amount_shipped,"(640, 4920, 327, 4722, 125.89)",0.0
Amount_shipped,"(640, 4920, 555, 4937, 127.49)",0.0
Amount_shipped,"(640, 4920, 239, 4765, 151.68)",0.0
Amount_shipped,"(640, 4920, 558, 4583, 208.94)",0.0
Amount_shipped,"(640, 4920, 592, 4773, 272.69)",0.0
Amount_shipped,"(640, 4920, 303, 4682, 594.76)",0.0
Amount_shipped,"(640, 4920, 519, 4618, 758.82)",0.0
Amount_shipped,"(640, 4920, 190, 4740, 907.18)",0.0
Amount_shipped,"(640, 4920, 604, 4955, 907.45)",0.0
Amount_shipped,"(640, 4920, 334, 4799, 1285.48)",0.0
Amount_shipped,"(640, 4920, 402, 4762, 1356.12)",0.0
Amount_shipped,"(640, 4940, 604, 4556, 10.77)",0.0
Amount_shipped,"(640, 4940, 545, 4715, 11.01)",0.0
Amount_shipped,"(640, 4940, 598, 4885, 11.15)",0.0
Amount_shipped,"(640, 4940, 622, 4729, 11.5)",0.0
Amount_shipped,"(640, 4940, 136, 4692, 11.61)",0.0
Amount_shipped,"(640, 4940, 494, 4926, 11.95)",0.0
Amount_shipped,"(640, 4940, 627, 4796, 12.52)",0.0
Amount_shipped,"(640, 4940, 604, 4624, 12.57)",0.0
Amount_shipped,"(640, 4940, 497, 4720, 12.7)",0.0
Amount_shipped,"(640, 4940, 503, 4807, 16.06)",0.0
Amount_shipped,"(640, 4940, 612, 4678, 16.32)",0.0
Amount_shipped,"(640, 4940, 345, 4695, 23.25)",0.0
Amount_shipped,"(640, 4940, 696, 4535, 23.59)",0.0
Amount_shipped,"(640, 4940, 250, 4682, 28.56)",0.0
Amount_shipped,"(640, 4940, 572, 4680, 30.45)",0.0
Amount_shipped,"(640, 4940, 371, 4764, 52.72)",0.0
Amount_shipped,"(640, 4940, 312, 4747, 62.13)",0.0
Amount_shipped,"(640, 4940, 417, 4874, 76.13)",0.0
Amount_shipped,"(640, 4940, 350, 4738, 111.96)",0.0
Amount_shipped,"(640, 4940, 327, 4722, 125.89)",0.0
Amount_shipped,"(640, 4940, 555, 4937, 127.49)",0.0
Amount_shipped,"(640, 4940, 239, 4765, 151.68)",0.0
Amount_shipped,"(640, 4940, 558, 4583, 208.94)",0.0
Amount_shipped,"(640, 4940, 592, 4773, 272.69)",0.0
Amount_shipped,"(640, 4940, 303, 4682, 594.76)",0.0
Amount_shipped,"(640, 4940, 519, 4618, 758.82)",0.0
Amount_shipped,"(640, 4940, 190, 4740, 907.18)",0.0
Amount_shipped,"(640, 4940, 604, 4955, 907.45)",0.0
Amount_shipped,"(640, 4940, 334, 4799, 1285.48)",0.0
Amount_shipped,"(640, 4940, 402, 4762, 1356.12)",0.0
Amount_shipped,"(640, 4960, 604, 4556, 10.77)",0.0
Amount_shipped,"(640, 4960, 545, 4715, 11.01)",0.0
Amount_shipped,"(640, 4960, 598, 4885, 11.15)",0.0
Amount_shipped,"(640, 4960, 622, 4729, 11.5)",0.0
Amount_shipped,"(640, 4960, 136, 4692, 11.61)",0.0
Amount_shipped,"(640, 4960, 494, 4926, 11.95)",0.0
Amount_shipped,"(640, 4960, 627, 4796, 12.52)",0.0
Amount_shipped,"(640, 4960, 604, 4624, 12.57)",0.0
Amount_shipped,"(640, 4960, 497, 4720, 12.7)",0.0
Amount_shipped,"(640, 4960, 503, 4807, 16.06)",0.0
Amount_shipped,"(640, 4960, 612, 4678, 16.32)",0.0
Amount_shipped,"(640, 4960, 345, 4695, 23.25)",0.0
Amount_shipped,"(640, 4960, 696, 4535, 23.59)",0.0
Amount_shipped,"(640, 4960, 250, 4682, 28.56)",0.0
Amount_shipped,"(640, 4960, 572, 4680, 30.45)",0.0
Amount_shipped,"(640, 4960, 371, 4764, 52.72)",0.0
Amount_shipped,"(640, 4960, 312, 4747, 62.13)",0.0
Amount_shipped,"(640, 4960, 417, 4874, 76.13)",0.0
Amount_shipped,"(640, 4960, 350, 4738, 111.96)",0.0
Amount_shipped,"(640, 4960, 327, 4722, 125.89)",0.0
Amount_shipped,"(640, 4960, 555, 4937, 127.49)",0.0
Amount_shipped,"(640, 4960, 239, 4765, 151.68)",0.0
Amount_shipped,"(640, 4960, 558, 4583, 208.94)",0.0
Amount_shipped,"(640, 4960, 592, 4773, 272.69)",0.0
Amount_shipped,"(640, 4960, 303, 4682, 594.76)",0.0
Amount_shipped,"(640, 4960, 519, 4618, 758.82)",0.0
Amount_shipped,"(640, 4960, 190, 4740, 907.18)",0.0
Amount_shipped,"(640, 4960, 604, 4955, 907.45)",0.0
Amount_shipped,"(640, 4960, 334, 4799, 1285.48)",0.0
Amount_shipped,"(640, 4960, 402, 4762, 1356.12)",0.0
Amount_shipped,"(640, 4980, 604, 4556, 10.77)",0.0
Amount_shipped,"(640, 4980, 545, 4715, 11.01)",0.0
Amount_shipped,"(640, 4980, 598, 4885, 11.15)",0.0
Amount_shipped,"(640, 4980, 622, 4729, 11.5)",0.0
Amount_shipped,"(640, 4980, 136, 4692, 11.61)",0.0
Amount_shipped,"(640, 4980, 494, 4926, 11.95)",0.0
Amount_shipped,"(640, 4980, 627, 4796, 12.52)",0.0
Amount_shipped,"(640, 4980, 604, 4624, 12.57)",0.0
Amount_shipped,"(640, 4980, 497, 4720, 12.7)",0.0
Amount_shipped,"(640, 4980, 503, 4807, 16.06)",0.0
Amount_shipped,"(640, 4980, 612, 4678, 16.32)",0.0
Amount_shipped,"(640, 4980, 345, 4695, 23.25)",0.0
Amount_shipped,"(640, 4980, 696, 4535, 23.59)",0.0
Amount_shipped,"(640, 4980, 250, 4682, 28.56)",0.0
Amount_shipped,"(640, 4980, 572, 4680, 30.45)",0.0
Amount_shipped,"(640, 4980, 371, 4764, 52.72)",0.0
Amount_shipped,"(640, 4980, 312, 4747, 62.13)",0.0
Amount_shipped,"(640, 4980, 417, 4874, 76.13)",0.0
Amount_shipped,"(640, 4980, 350, 4738, 111.96)",0.0
Amount_shipped,"(640, 4980, 327, 4722, 125.89)",0.0
Amount_shipped,"(640, 4980, 555, 4937, 127.49)",0.0
Amount_shipped,"(640, 4980, 239, 4765, 151.68)",0.0
Amount_shipped,"(640, 4980, 558, 4583, 208.94)",0.0
Amount_shipped,"(640, 4980, 592, 4773, 272.69)",0.0
Amount_shipped,"(640, 4980, 303, 4682, 594.76)",0.0
Amount_shipped,"(640, 4980, 519, 4618, 758.82)",0.0
Amount_shipped,"(640, 4980, 190, 4740, 907.18)",0.0
Amount_shipped,"(640, 4980, 604, 4955, 907.45)",0.0
Amount_shipped,"(640, 4980, 334, 4799, 1285.48)",0.0
Amount_shipped,"(640, 4980, 402, 4762, 1356.12)",0.0
Amount_shipped,"(660, 4440, 604, 4556, 10.77)",0.0
Amount_shipped,"(660, 4440, 545, 4715, 11.01)",0.0
Amount_shipped,"(660, 4440, 598, 4885, 11.15)",0.0
Amount_shipped,"(660, 4440, 622, 4729, 11.5)",0.0
Amount_shipped,"(660, 4440, 136, 4692, 11.61)",0.0
Amount_shipped,"(660, 4440, 494, 4926, 11.95)",0.0
Amount_shipped,"(660, 4440, 627, 4796, 12.52)",0.0
Amount_shipped,"(660, 4440, 604, 4624, 12.57)",0.0
Amount_shipped,"(660, 4440, 497, 4720, 12.7)",0.0
Amount_shipped,"(660, 4440, 503, 4807, 16.06)",0.0
Amount_shipped,"(660, 4440, 612, 4678, 16.32)",0.0
Amount_shipped,"(660, 4440, 345, 4695, 23.25)",0.0
Amount_shipped,"(660, 4440, 696, 4535, 23.59)",0.0
Amount_shipped,"(660, 4440, 250, 4682, 28.56)",0.0
Amount_shipped,"(660, 4440, 572, 4680, 30.45)",0.0
Amount_shipped,"(660, 4440, 371, 4764, 52.72)",0.0
Amount_shipped,"(660, 4440, 312, 4747, 62.13)",0.0
Amount_shipped,"(660, 4440, 417, 4874, 76.13)",0.0
Amount_shipped,"(660, 4440, 350, 4738, 111.96)",0.0
Amount_shipped,"(660, 4440, 327, 4722, 125.89)",0.0
Amount_shipped,"(660, 4440, 555, 4937, 127.49)",0.0
Amount_shipped,"(660, 4440, 239, 4765, 151.68)",0.0
Amount_shipped,"(660, 4440, 558, 4583, 208.94)",0.0
Amount_shipped,"(660, 4440, 592, 4773, 272.69)",0.0
Amount_shipped,"(660, 4440, 303, 4682, 594.76)",0.0
Amount_shipped,"(660, 4440, 519, 4618, 758.82)",0.0
Amount_shipped,"(660, 4440, 190, 4740, 907.18)",0.0
Amount_shipped,"(660, 4440, 604, 4955, 907.45)",0.0
Amount_shipped,"(660, 4440, 334, 4799, 1285.48)",0.0
Amount_shipped,"(660, 4440, 402, 4762, 1356.12)",0.0
Amount_shipped,"(660, 4460, 604, 4556, 10.77)",0.0
Amount_shipped,"(660, 4460, 545, 4715, 11.01)",0.0
Amount_shipped,"(660, 4460, 598, 4885, 11.15)",0.0
Amount_shipped,"(660, 4460, 622, 4729, 11.5)",0.0
Amount_shipped,"(660, 4460, 136, 4692, 11.61)",0.0
Amount_shipped,"(660, 4460, 494, 4926, 11.95)",0.0
Amount_shipped,"(660, 4460, 627, 4796, 12.52)",0.0
Amount_shipped,"(660, 4460, 604, 4624, 12.57)",0.0
Amount_shipped,"(660, 4460, 497, 4720, 12.7)",0.0
Amount_shipped,"(660, 4460, 503, 4807, 16.06)",0.0
Amount_shipped,"(660, 4460, 612, 4678, 16.32)",0.0
Amount_shipped,"(660, 4460, 345, 4695, 23.25)",0.0
Amount_shipped,"(660, 4460, 696, 4535, 23.59)",0.0
Amount_shipped,"(660, 4460, 250, 4682, 28.56)",0.0
Amount_shipped,"(660, 4460, 572, 4680, 30.45)",0.0
Amount_shipped,"(660, 4460, 371, 4764, 52.72)",0.0
Amount_shipped,"(660, 4460, 312, 4747, 62.13)",0.0
Amount_shipped,"(660, 4460, 417, 4874, 76.13)",0.0
Amount_shipped,"(660, 4460, 350, 4738, 111.96)",0.0
Amount_shipped,"(660, 4460, 327, 4722, 125.89)",0.0
Amount_shipped,"(660, 4460, 555, 4937, 127.49)",0.0
Amount_shipped,"(660, 4460, 239, 4765, 151.68)",0.0
Amount_shipped,"(660, 4460, 558, 4583, 208.94)",0.0
Amount_shipped,"(660, 4460, 592, 4773, 272.69)",0.0
Amount_shipped,"(660, 4460, 303, 4682, 594.76)",0.0
Amount_shipped,"(660, 4460, 519, 4618, 758.82)",0.0
Amount_shipped,"(660, 4460, 190, 4740, 907.18)",0.0
Amount_shipped,"(660, 4460, 604, 4955, 907.45)",0.0
Amount_shipped,"(660, 4460, 334, 4799, 1285.48)",0.0
Amount_shipped,"(660, 4460, 402, 4762, 1356.12)",0.0
Amount_shipped,"(660, 4480, 604, 4556, 10.77)",0.0
Amount_shipped,"(660, 4480, 545, 4715, 11.01)",0.0
Amount_shipped,"(660, 4480, 598, 4885, 11.15)",0.0
Amount_shipped,"(660, 4480, 622, 4729, 11.5)",0.0
Amount_shipped,"(660, 4480, 136, 4692, 11.61)",0.0
Amount_shipped,"(660, 4480, 494, 4926, 11.95)",0.0
Amount_shipped,"(660, 4480, 627, 4796, 12.52)",0.0
Amount_shipped,"(660, 4480, 604, 4624, 12.57)",0.0
Amount_shipped,"(660, 4480, 497, 4720, 12.7)",0.0
Amount_shipped,"(660, 4480, 503, 4807, 16.06)",0.0
Amount_shipped,"(660, 4480, 612, 4678, 16.32)",0.0
Amount_shipped,"(660, 4480, 345, 4695, 23.25)",0.0
Amount_shipped,"(660, 4480, 696, 4535, 23.59)",0.0
Amount_shipped,"(660, 4480, 250, 4682, 28.56)",0.0
Amount_shipped,"(660, 4480, 572, 4680, 30.45)",0.0
Amount_shipped,"(660, 4480, 371, 4764, 52.72)",0.0
Amount_shipped,"(660, 4480, 312, 4747, 62.13)",0.0
Amount_shipped,"(660, 4480, 417, 4874, 76.13)",0.0
Amount_shipped,"(660, 4480, 350, 4738, 111.96)",0.0
Amount_shipped,"(660, 4480, 327, 4722, 125.89)",0.0
Amount_shipped,"(660, 4480, 555, 4937, 127.49)",0.0
Amount_shipped,"(660, 4480, 239, 4765, 151.68)",0.0
Amount_shipped,"(660, 4480, 558, 4583, 208.94)",0.0
Amount_shipped,"(660, 4480, 592, 4773, 272.69)",0.0
Amount_shipped,"(660, 4480, 303, 4682, 594.76)",0.0
Amount_shipped,"(660, 4480, 519, 4618, 758.82)",0.0
Amount_shipped,"(660, 4480, 190, 4740, 907.18)",0.0
Amount_shipped,"(660, 4480, 604, 4955, 907.45)",0.0
Amount_shipped,"(660, 4480, 334, 4799, 1285.48)",0.0
Amount_shipped,"(660, 4480, 402, 4762, 1356.12)",0.0
Amount_shipped,"(660, 4500, 604, 4556, 10.77)",0.0
Amount_shipped,"(660, 4500, 545, 4715, 11.01)",0.0
Amount_shipped,"(660, 4500, 598, 4885, 11.15)",0.0
Amount_shipped,"(660, 4500, 622, 4729, 11.5)",0.0
Amount_shipped,"(660, 4500, 136, 4692, 11.61)",0.0
Amount_shipped,"(660, 4500, 494, 4926, 11.95)",0.0
Amount_shipped,"(660, 4500, 627, 4796, 12.52)",0.0
Amount_shipped,"(660, 4500, 604, 4624, 12.57)",0.0
Amount_shipped,"(660, 4500, 497, 4720, 12.7)",0.0
Amount_shipped,"(660, 4500, 503, 4807, 16.06)",0.0
Amount_shipped,"(660, 4500, 612, 4678, 16.32)",0.0
Amount_shipped,"(660, 4500, 345, 4695, 23.25)",0.0
Amount_shipped,"(660, 4500, 696, 4535, 23.59)",0.0
Amount_shipped,"(660, 4500, 250, 4682, 28.56)",0.0
Amount_shipped,"(660, 4500, 572, 4680, 30.45)",0.0
Amount_shipped,"(660, 4500, 371, 4764, 52.72)",0.0
Amount_shipped,"(660, 4500, 312, 4747, 62.13)",0.0
Amount_shipped,"(660, 4500, 417, 4874, 76.13)",0.0
Amount_shipped,"(660, 4500, 350, 4738, 111.96)",0.0
Amount_shipped,"(660, 4500, 327, 4722, 125.89)",0.0
Amount_shipped,"(660, 4500, 555, 4937, 127.49)",0.0
Amount_shipped,"(660, 4500, 239, 4765, 151.68)",0.0
Amount_shipped,"(660, 4500, 558, 4583, 208.94)",0.0
Amount_shipped,"(660, 4500, 592, 4773, 272.69)",0.0
Amount_shipped,"(660, 4500, 303, 4682, 594.76)",0.0
Amount_shipped,"(660, 4500, 519, 4618, 758.82)",0.0
Amount_shipped,"(660, 4500, 190, 4740, 907.18)",0.0
Amount_shipped,"(660, 4500, 604, 4955, 907.45)",0.0
Amount_shipped,"(660, 4500, 334, 4799, 1285.48)",0.0
Amount_shipped,"(660, 4500, 402, 4762, 1356.12)",0.0
Amount_shipped,"(660, 4520, 604, 4556, 10.77)",0.0
Amount_shipped,"(660, 4520, 545, 4715, 11.01)",0.0
Amount_shipped,"(660, 4520, 598, 4885, 11.15)",0.0
Amount_shipped,"(660, 4520, 622, 4729, 11.5)",0.0
Amount_shipped,"(660, 4520, 136, 4692, 11.61)",0.0
Amount_shipped,"(660, 4520, 494, 4926, 11.95)",0.0
Amount_shipped,"(660, 4520, 627, 4796, 12.52)",0.0
Amount_shipped,"(660, 4520, 604, 4624, 12.57)",0.0
Amount_shipped,"(660, 4520, 497, 4720, 12.7)",0.0
Amount_shipped,"(660, 4520, 503, 4807, 16.06)",0.0
Amount_shipped,"(660, 4520, 612, 4678, 16.32)",0.0
Amount_shipped,"(660, 4520, 345, 4695, 23.25)",0.0
Amount_shipped,"(660, 4520, 696, 4535, 23.59)",0.0
Amount_shipped,"(660, 4520, 250, 4682, 28.56)",0.0
Amount_shipped,"(660, 4520, 572, 4680, 30.45)",0.0
Amount_shipped,"(660, 4520, 371, 4764, 52.72)",0.0
Amount_shipped,"(660, 4520, 312, 4747, 62.13)",0.0
Amount_shipped,"(660, 4520, 417, 4874, 76.13)",0.0
Amount_shipped,"(660, 4520, 350, 4738, 111.96)",0.0
Amount_shipped,"(660, 4520, 327, 4722, 125.89)",0.0
Amount_shipped,"(660, 4520, 555, 4937, 127.49)",0.0
Amount_shipped,"(660, 4520, 239, 4765, 151.68)",0.0
Amount_shipped,"(660, 4520, 558, 4583, 208.94)",0.0
Amount_shipped,"(660, 4520, 592, 4773, 272.69)",0.0
Amount_shipped,"(660, 4520, 303, 4682, 594.76)",0.0
Amount_shipped,"(660, 4520, 519, 4618, 758.82)",0.0
Amount_shipped,"(660, 4520, 190, 4740, 907.18)",0.0
Amount_shipped,"(660, 4520, 604, 4955, 907.45)",0.0
Amount_shipped,"(660, 4520, 334, 4799, 1285.48)",0.0
Amount_shipped,"(660, 4520, 402, 4762, 1356.12)",0.0
Amount_shipped,"(660, 4540, 604, 4556, 10.77)",0.0
Amount_shipped,"(660, 4540, 545, 4715, 11.01)",0.0
Amount_shipped,"(660, 4540, 598, 4885, 11.15)",0.0
Amount_shipped,"(660, 4540, 622, 4729, 11.5)",0.0
Amount_shipped,"(660, 4540, 136, 4692, 11.61)",0.0
Amount_shipped,"(660, 4540, 494, 4926, 11.95)",0.0
Amount_shipped,"(660, 4540, 627, 4796, 12.52)",0.0
Amount_shipped,"(660, 4540, 604, 4624, 12.57)",0.0
Amount_shipped,"(660, 4540, 497, 4720, 12.7)",0.0
Amount_shipped,"(660, 4540, 503, 4807, 16.06)",0.0
Amount_shipped,"(660, 4540, 612, 4678, 16.32)",0.0
Amount_shipped,"(660, 4540, 345, 4695, 23.25)",0.0
Amount_shipped,"(660, 4540, 696, 4535, 23.59)",0.0
Amount_shipped,"(660, 4540, 250, 4682, 28.56)",0.0
Amount_shipped,"(660, 4540, 572, 4680, 30.45)",0.0
Amount_shipped,"(660, 4540, 371, 4764, 52.72)",0.0
Amount_shipped,"(660, 4540, 312, 4747, 62.13)",0.0
Amount_shipped,"(660, 4540, 417, 4874, 76.13)",0.0
Amount_shipped,"(660, 4540, 350, 4738, 111.96)",0.0
Amount_shipped,"(660, 4540, 327, 4722, 125.89)",0.0
Amount_shipped,"(660, 4540, 555, 4937, 127.49)",0.0
Amount_shipped,"(660, 4540, 239, 4765, 151.68)",0.0
Amount_shipped,"(660, 4540, 558, 4583, 208.94)",0.0
Amount_shipped,"(660, 4540, 592, 4773, 272.69)",0.0
Amount_shipped,"(660, 4540, 303, 4682, 594.76)",0.0
Amount_shipped,"(660, 4540, 519, 4618, 758.82)",0.0
Amount_shipped,"(660, 4540, 190, 4740, 907.18)",0.0
Amount_shipped,"(660, 4540, 604, 4955, 907.45)",0.0
Amount_shipped,"(660, 4540, 334, 4799, 1285.48)",0.0
Amount_shipped,"(660, 4540, 402, 4762, 1356.12)",0.0
Amount_shipped,"(660, 4560, 604, 4556, 10.77)",0.0
Amount_shipped,"(660, 4560, 545, 4715, 11.01)",0.0
Amount_shipped,"(660, 4560, 598, 4885, 11.15)",0.0
Amount_shipped,"(660, 4560, 622, 4729, 11.5)",0.0
Amount_shipped,"(660, 4560, 136, 4692, 11.61)",0.0
Amount_shipped,"(660, 4560, 494, 4926, 11.95)",0.0
Amount_shipped,"(660, 4560, 627, 4796, 12.52)",0.0
Amount_shipped,"(660, 4560, 604, 4624, 12.57)",0.0
Amount_shipped,"(660, 4560, 497, 4720, 12.7)",0.0
Amount_shipped,"(660, 4560, 503, 4807, 16.06)",0.0
Amount_shipped,"(660, 4560, 612, 4678, 16.32)",0.0
Amount_shipped,"(660, 4560, 345, 4695, 23.25)",0.0
Amount_shipped,"(660, 4560, 696, 4535, 23.59)",0.0
Amount_shipped,"(660, 4560, 250, 4682, 28.56)",0.0
Amount_shipped,"(660, 4560, 572, 4680, 30.45)",0.0
Amount_shipped,"(660, 4560, 371, 4764, 52.72)",0.0
Amount_shipped,"(660, 4560, 312, 4747, 62.13)",0.0
Amount_shipped,"(660, 4560, 417, 4874, 76.13)",0.0
Amount_shipped,"(660, 4560, 350, 4738, 111.96)",0.0
Amount_shipped,"(660, 4560, 327, 4722, 125.89)",0.0
Amount_shipped,"(660, 4560, 555, 4937, 127.49)",0.0
Amount_shipped,"(660, 4560, 239, 4765, 151.68)",0.0
Amount_shipped,"(660, 4560, 558, 4583, 208.94)",0.0
Amount_shipped,"(660, 4560, 592, 4773, 272.69)",0.0
Amount_shipped,"(660, 4560, 303, 4682, 594.76)",0.0
Amount_shipped,"(660, 4560, 519, 4618, 758.82)",0.0
Amount_shipped,"(660, 4560, 190, 4740, 907.18)",0.0
Amount_shipped,"(660, 4560, 604, 4955, 907.45)",0.0
Amount_shipped,"(660, 4560, 334, 4799, 1285.48)",0.0
Amount_shipped,"(660, 4560, 402, 4762, 1356.12)",0.0
Amount_shipped,"(660, 4580, 604, 4556, 10.77)",0.0
Amount_shipped,"(660, 4580, 545, 4715, 11.01)",0.0
Amount_shipped,"(660, 4580, 598, 4885, 11.15)",0.0
Amount_shipped,"(660, 4580, 622, 4729, 11.5)",0.0
Amount_shipped,"(660, 4580, 136, 4692, 11.61)",0.0
Amount_shipped,"(660, 4580, 494, 4926, 11.95)",0.0
Amount_shipped,"(660, 4580, 627, 4796, 12.52)",0.0
Amount_shipped,"(660, 4580, 604, 4624, 12.57)",0.0
Amount_shipped,"(660, 4580, 497, 4720, 12.7)",0.0
Amount_shipped,"(660, 4580, 503, 4807, 16.06)",0.0
Amount_shipped,"(660, 4580, 612, 4678, 16.32)",0.0
Amount_shipped,"(660, 4580, 345, 4695, 23.25)",0.0
Amount_shipped,"(660, 4580, 696, 4535, 23.59)",0.0
Amount_shipped,"(660, 4580, 250, 4682, 28.56)",0.0
Amount_shipped,"(660, 4580, 572, 4680, 30.45)",0.0
Amount_shipped,"(660, 4580, 371, 4764, 52.72)",0.0
Amount_shipped,"(660, 4580, 312, 4747, 62.13)",0.0
Amount_shipped,"(660, 4580, 417, 4874, 76.13)",0.0
Amount_shipped,"(660, 4580, 350, 4738, 111.96)",0.0
Amount_shipped,"(660, 4580, 327, 4722, 125.89)",0.0
Amount_shipped,"(660, 4580, 555, 4937, 127.49)",0.0
Amount_shipped,"(660, 4580, 239, 4765, 151.68)",0.0
Amount_shipped,"(660, 4580, 558, 4583, 208.94)",0.0
Amount_shipped,"(660, 4580, 592, 4773, 272.69)",0.0
Amount_shipped,"(660, 4580, 303, 4682, 594.76)",0.0
Amount_shipped,"(660, 4580, 519, 4618, 758.82)",0.0
Amount_shipped,"(660, 4580, 190, 4740, 907.18)",0.0
Amount_shipped,"(660, 4580, 604, 4955, 907.45)",0.0
Amount_shipped,"(660, 4580, 334, 4799, 1285.48)",0.0
Amount_shipped,"(660, 4580, 402, 4762, 1356.12)",0.0
Amount_shipped,"(660, 4600, 604, 4556, 10.77)",0.0
Amount_shipped,"(660, 4600, 545, 4715, 11.01)",0.0
Amount_shipped,"(660, 4600, 598, 4885, 11.15)",0.0
Amount_shipped,"(660, 4600, 622, 4729, 11.5)",0.0
Amount_shipped,"(660, 4600, 136, 4692, 11.61)",0.0
Amount_shipped,"(660, 4600, 494, 4926, 11.95)",0.0
Amount_shipped,"(660, 4600, 627, 4796, 12.52)",0.0
Amount_shipped,"(660, 4600, 604, 4624, 12.57)",0.0
Amount_shipped,"(660, 4600, 497, 4720, 12.7)",0.0
Amount_shipped,"(660, 4600, 503, 4807, 16.06)",0.0
Amount_shipped,"(660, 4600, 612, 4678, 16.32)",0.0
Amount_shipped,"(660, 4600, 345, 4695, 23.25)",0.0
Amount_shipped,"(660, 4600, 696, 4535, 23.59)",0.0
Amount_shipped,"(660, 4600, 250, 4682, 28.56)",0.0
Amount_shipped,"(660, 4600, 572, 4680, 30.45)",0.0
Amount_shipped,"(660, 4600, 371, 4764, 52.72)",0.0
Amount_shipped,"(660, 4600, 312, 4747, 62.13)",0.0
Amount_shipped,"(660, 4600, 417, 4874, 76.13)",0.0
Amount_shipped,"(660, 4600, 350, 4738, 111.96)",0.0
Amount_shipped,"(660, 4600, 327, 4722, 125.89)",0.0
Amount_shipped,"(660, 4600, 555, 4937, 127.49)",0.0
Amount_shipped,"(660, 4600, 239, 4765, 151.68)",0.0
Amount_shipped,"(660, 4600, 558, 4583, 208.94)",0.0
Amount_shipped,"(660, 4600, 592, 4773, 272.69)",0.0
Amount_shipped,"(660, 4600, 303, 4682, 594.76)",0.0
Amount_shipped,"(660, 4600, 519, 4618, 758.82)",0.0
Amount_shipped,"(660, 4600, 190, 4740, 907.18)",0.0
Amount_shipped,"(660, 4600, 604, 4955, 907.45)",0.0
Amount_shipped,"(660, 4600, 334, 4799, 1285.48)",0.0
Amount_shipped,"(660, 4600, 402, 4762, 1356.12)",0.0
Amount_shipped,"(660, 4620, 604, 4556, 10.77)",0.0
Amount_shipped,"(660, 4620, 545, 4715, 11.01)",0.0
Amount_shipped,"(660, 4620, 598, 4885, 11.15)",0.0
Amount_shipped,"(660, 4620, 622, 4729, 11.5)",0.0
Amount_shipped,"(660, 4620, 136, 4692, 11.61)",0.0
Amount_shipped,"(660, 4620, 494, 4926, 11.95)",0.0
Amount_shipped,"(660, 4620, 627, 4796, 12.52)",0.0
Amount_shipped,"(660, 4620, 604, 4624, 12.57)",0.0
Amount_shipped,"(660, 4620, 497, 4720, 12.7)",0.0
Amount_shipped,"(660, 4620, 503, 4807, 16.06)",0.0
Amount_shipped,"(660, 4620, 612, 4678, 16.32)",0.0
Amount_shipped,"(660, 4620, 345, 4695, 23.25)",0.0
Amount_shipped,"(660, 4620, 696, 4535, 23.59)",0.0
Amount_shipped,"(660, 4620, 250, 4682, 28.56)",0.0
Amount_shipped,"(660, 4620, 572, 4680, 30.45)",0.0
Amount_shipped,"(660, 4620, 371, 4764, 52.72)",0.0
Amount_shipped,"(660, 4620, 312, 4747, 62.13)",0.0
Amount_shipped,"(660, 4620, 417, 4874, 76.13)",0.0
Amount_shipped,"(660, 4620, 350, 4738, 111.96)",0.0
Amount_shipped,"(660, 4620, 327, 4722, 125.89)",0.0
Amount_shipped,"(660, 4620, 555, 4937, 127.49)",0.0
Amount_shipped,"(660, 4620, 239, 4765, 151.68)",0.0
Amount_shipped,"(660, 4620, 558, 4583, 208.94)",0.0
Amount_shipped,"(660, 4620, 592, 4773, 272.69)",0.0
Amount_shipped,"(660, 4620, 303, 4682, 594.76)",0.0
Amount_shipped,"(660, 4620, 519, 4618, 758.82)",0.0
Amount_shipped,"(660, 4620, 190, 4740, 907.18)",0.0
Amount_shipped,"(660, 4620, 604, 4955, 907.45)",0.0
Amount_shipped,"(660, 4620, 334, 4799, 1285.48)",0.0
Amount_shipped,"(660, 4620, 402, 4762, 1356.12)",0.0
Amount_shipped,"(660, 4640, 604, 4556, 10.77)",0.0
Amount_shipped,"(660, 4640, 545, 4715, 11.01)",0.0
Amount_shipped,"(660, 4640, 598, 4885, 11.15)",0.0
Amount_shipped,"(660, 4640, 622, 4729, 11.5)",0.0
Amount_shipped,"(660, 4640, 136, 4692, 11.61)",0.0
Amount_shipped,"(660, 4640, 494, 4926, 11.95)",0.0
Amount_shipped,"(660, 4640, 627, 4796, 12.52)",0.0
Amount_shipped,"(660, 4640, 604, 4624, 12.57)",0.0
Amount_shipped,"(660, 4640, 497, 4720, 12.7)",0.0
Amount_shipped,"(660, 4640, 503, 4807, 16.06)",0.0
Amount_shipped,"(660, 4640, 612, 4678, 16.32)",0.0
Amount_shipped,"(660, 4640, 345, 4695, 23.25)",0.0
Amount_shipped,"(660, 4640, 696, 4535, 23.59)",0.0
Amount_shipped,"(660, 4640, 250, 4682, 28.56)",0.0
Amount_shipped,"(660, 4640, 572, 4680, 30.45)",0.0
Amount_shipped,"(660, 4640, 371, 4764, 52.72)",0.0
Amount_shipped,"(660, 4640, 312, 4747, 62.13)",0.0
Amount_shipped,"(660, 4640, 417, 4874, 76.13)",0.0
Amount_shipped,"(660, 4640, 350, 4738, 111.96)",0.0
Amount_shipped,"(660, 4640, 327, 4722, 125.89)",0.0
Amount_shipped,"(660, 4640, 555, 4937, 127.49)",0.0
Amount_shipped,"(660, 4640, 239, 4765, 151.68)",0.0
Amount_shipped,"(660, 4640, 558, 4583, 208.94)",0.0
Amount_shipped,"(660, 4640, 592, 4773, 272.69)",0.0
Amount_shipped,"(660, 4640, 303, 4682, 594.76)",0.0
Amount_shipped,"(660, 4640, 519, 4618, 758.82)",0.0
Amount_shipped,"(660, 4640, 190, 4740, 907.18)",0.0
Amount_shipped,"(660, 4640, 604, 4955, 907.45)",0.0
Amount_shipped,"(660, 4640, 334, 4799, 1285.48)",0.0
Amount_shipped,"(660, 4640, 402, 4762, 1356.12)",0.0
Amount_shipped,"(660, 4660, 604, 4556, 10.77)",0.0
Amount_shipped,"(660, 4660, 545, 4715, 11.01)",0.0
Amount_shipped,"(660, 4660, 598, 4885, 11.15)",0.0
Amount_shipped,"(660, 4660, 622, 4729, 11.5)",0.0
Amount_shipped,"(660, 4660, 136, 4692, 11.61)",0.0
Amount_shipped,"(660, 4660, 494, 4926, 11.95)",0.0
Amount_shipped,"(660, 4660, 627, 4796, 12.52)",0.0
Amount_shipped,"(660, 4660, 604, 4624, 12.57)",0.0
Amount_shipped,"(660, 4660, 497, 4720, 12.7)",0.0
Amount_shipped,"(660, 4660, 503, 4807, 16.06)",0.0
Amount_shipped,"(660, 4660, 612, 4678, 16.32)",0.0
Amount_shipped,"(660, 4660, 345, 4695, 23.25)",0.0
Amount_shipped,"(660, 4660, 696, 4535, 23.59)",0.0
Amount_shipped,"(660, 4660, 250, 4682, 28.56)",0.0
Amount_shipped,"(660, 4660, 572, 4680, 30.45)",0.0
Amount_shipped,"(660, 4660, 371, 4764, 52.72)",0.0
Amount_shipped,"(660, 4660, 312, 4747, 62.13)",0.0
Amount_shipped,"(660, 4660, 417, 4874, 76.13)",0.0
Amount_shipped,"(660, 4660, 350, 4738, 111.96)",0.0
Amount_shipped,"(660, 4660, 327, 4722, 125.89)",0.0
Amount_shipped,"(660, 4660, 555, 4937, 127.49)",0.0
Amount_shipped,"(660, 4660, 239, 4765, 151.68)",0.0
Amount_shipped,"(660, 4660, 558, 4583, 208.94)",0.0
Amount_shipped,"(660, 4660, 592, 4773, 272.69)",0.0
Amount_shipped,"(660, 4660, 303, 4682, 594.76)",0.0
Amount_shipped,"(660, 4660, 519, 4618, 758.82)",0.0
Amount_shipped,"(660, 4660, 190, 4740, 907.18)",0.0
Amount_shipped,"(660, 4660, 604, 4955, 907.45)",0.0
Amount_shipped,"(660, 4660, 334, 4799, 1285.48)",0.0
Amount_shipped,"(660, 4660, 402, 4762, 1356.12)",0.0
Amount_shipped,"(660, 4680, 604, 4556, 10.77)",0.0
Amount_shipped,"(660, 4680, 545, 4715, 11.01)",0.0
Amount_shipped,"(660, 4680, 598, 4885, 11.15)",0.0
Amount_shipped,"(660, 4680, 622, 4729, 11.5)",0.0
Amount_shipped,"(660, 4680, 136, 4692, 11.61)",0.0
Amount_shipped,"(660, 4680, 494, 4926, 11.95)",0.0
Amount_shipped,"(660, 4680, 627, 4796, 12.52)",0.0
Amount_shipped,"(660, 4680, 604, 4624, 12.57)",0.0
Amount_shipped,"(660, 4680, 497, 4720, 12.7)",0.0
Amount_shipped,"(660, 4680, 503, 4807, 16.06)",0.0
Amount_shipped,"(660, 4680, 612, 4678, 16.32)",0.0
Amount_shipped,"(660, 4680, 345, 4695, 23.25)",0.0
Amount_shipped,"(660, 4680, 696, 4535, 23.59)",0.0
Amount_shipped,"(660, 4680, 250, 4682, 28.56)",0.0
Amount_shipped,"(660, 4680, 572, 4680, 30.45)",0.0
Amount_shipped,"(660, 4680, 371, 4764, 52.72)",0.0
Amount_shipped,"(660, 4680, 312, 4747, 62.13)",0.0
Amount_shipped,"(660, 4680, 417, 4874, 76.13)",0.0
Amount_shipped,"(660, 4680, 350, 4738, 111.96)",0.0
Amount_shipped,"(660, 4680, 327, 4722, 125.89)",0.0
Amount_shipped,"(660, 4680, 555, 4937, 127.49)",0.0
Amount_shipped,"(660, 4680, 239, 4765, 151.68)",0.0
Amount_shipped,"(660, 4680, 558, 4583, 208.94)",0.0
Amount_shipped,"(660, 4680, 592, 4773, 272.69)",0.0
Amount_shipped,"(660, 4680, 303, 4682, 594.76)",0.0
Amount_shipped,"(660, 4680, 519, 4618, 758.82)",0.0
Amount_shipped,"(660, 4680, 190, 4740, 907.18)",0.0
Amount_shipped,"(660, 4680, 604, 4955, 907.45)",0.0
Amount_shipped,"(660, 4680, 334, 4799, 1285.48)",0.0
Amount_shipped,"(660, 4680, 402, 4762, 1356.12)",0.0
Amount_shipped,"(660, 4700, 604, 4556, 10.77)",0.0
Amount_shipped,"(660, 4700, 545, 4715, 11.01)",0.0
Amount_shipped,"(660, 4700, 598, 4885, 11.15)",0.0
Amount_shipped,"(660, 4700, 622, 4729, 11.5)",0.0
Amount_shipped,"(660, 4700, 136, 4692, 11.61)",0.0
Amount_shipped,"(660, 4700, 494, 4926, 11.95)",0.0
Amount_shipped,"(660, 4700, 627, 4796, 12.52)",0.0
Amount_shipped,"(660, 4700, 604, 4624, 12.57)",0.0
Amount_shipped,"(660, 4700, 497, 4720, 12.7)",0.0
Amount_shipped,"(660, 4700, 503, 4807, 16.06)",0.0
Amount_shipped,"(660, 4700, 612, 4678, 16.32)",0.0
Amount_shipped,"(660, 4700, 345, 4695, 23.25)",0.0
Amount_shipped,"(660, 4700, 696, 4535, 23.59)",0.0
Amount_shipped,"(660, 4700, 250, 4682, 28.56)",0.0
Amount_shipped,"(660, 4700, 572, 4680, 30.45)",0.0
Amount_shipped,"(660, 4700, 371, 4764, 52.72)",0.0
Amount_shipped,"(660, 4700, 312, 4747, 62.13)",0.0
Amount_shipped,"(660, 4700, 417, 4874, 76.13)",0.0
Amount_shipped,"(660, 4700, 350, 4738, 111.96)",0.0
Amount_shipped,"(660, 4700, 327, 4722, 125.89)",0.0
Amount_shipped,"(660, 4700, 555, 4937, 127.49)",0.0
Amount_shipped,"(660, 4700, 239, 4765, 151.68)",0.0
Amount_shipped,"(660, 4700, 558, 4583, 208.94)",0.0
Amount_shipped,"(660, 4700, 592, 4773, 272.69)",0.0
Amount_shipped,"(660, 4700, 303, 4682, 594.76)",0.0
Amount_shipped,"(660, 4700, 519, 4618, 758.82)",0.0
Amount_shipped,"(660, 4700, 190, 4740, 907.18)",0.0
Amount_shipped,"(660, 4700, 604, 4955, 907.45)",0.0
Amount_shipped,"(660, 4700, 334, 4799, 1285.48)",0.0
Amount_shipped,"(660, 4700, 402, 4762, 1356.12)",0.0
Amount_shipped,"(660, 4720, 604, 4556, 10.77)",0.0
Amount_shipped,"(660, 4720, 545, 4715, 11.01)",0.0
Amount_shipped,"(660, 4720, 598, 4885, 11.15)",0.0
Amount_shipped,"(660, 4720, 622, 4729, 11.5)",0.0
Amount_shipped,"(660, 4720, 136, 4692, 11.61)",0.0
Amount_shipped,"(660, 4720, 494, 4926, 11.95)",0.0
Amount_shipped,"(660, 4720, 627, 4796, 12.52)",0.0
Amount_shipped,"(660, 4720, 604, 4624, 12.57)",0.0
Amount_shipped,"(660, 4720, 497, 4720, 12.7)",0.0
Amount_shipped,"(660, 4720, 503, 4807, 16.06)",0.0
Amount_shipped,"(660, 4720, 612, 4678, 16.32)",0.0
Amount_shipped,"(660, 4720, 345, 4695, 23.25)",0.0
Amount_shipped,"(660, 4720, 696, 4535, 23.59)",0.0
Amount_shipped,"(660, 4720, 250, 4682, 28.56)",0.0
Amount_shipped,"(660, 4720, 572, 4680, 30.45)",0.0
Amount_shipped,"(660, 4720, 371, 4764, 52.72)",0.0
Amount_shipped,"(660, 4720, 312, 4747, 62.13)",0.0
Amount_shipped,"(660, 4720, 417, 4874, 76.13)",0.0
Amount_shipped,"(660, 4720, 350, 4738, 111.96)",0.0
Amount_shipped,"(660, 4720, 327, 4722, 125.89)",0.0
Amount_shipped,"(660, 4720, 555, 4937, 127.49)",0.0
Amount_shipped,"(660, 4720, 239, 4765, 151.68)",0.0
Amount_shipped,"(660, 4720, 558, 4583, 208.94)",0.0
Amount_shipped,"(660, 4720, 592, 4773, 272.69)",0.0
Amount_shipped,"(660, 4720, 303, 4682, 594.76)",0.0
Amount_shipped,"(660, 4720, 519, 4618, 758.82)",0.0
Amount_shipped,"(660, 4720, 190, 4740, 907.18)",0.0
Amount_shipped,"(660, 4720, 604, 4955, 907.45)",0.0
Amount_shipped,"(660, 4720, 334, 4799, 1285.48)",0.0
Amount_shipped,"(660, 4720, 402, 4762, 1356.12)",0.0
Amount_shipped,"(660, 4740, 604, 4556, 10.77)",0.0
Amount_shipped,"(660, 4740, 545, 4715, 11.01)",0.0
Amount_shipped,"(660, 4740, 598, 4885, 11.15)",0.0
Amount_shipped,"(660, 4740, 622, 4729, 11.5)",0.0
Amount_shipped,"(660, 4740, 136, 4692, 11.61)",0.0
Amount_shipped,"(660, 4740, 494, 4926, 11.95)",0.0
Amount_shipped,"(660, 4740, 627, 4796, 12.52)",0.0
Amount_shipped,"(660, 4740, 604, 4624, 12.57)",0.0
Amount_shipped,"(660, 4740, 497, 4720, 12.7)",0.0
Amount_shipped,"(660, 4740, 503, 4807, 16.06)",0.0
Amount_shipped,"(660, 4740, 612, 4678, 16.32)",0.0
Amount_shipped,"(660, 4740, 345, 4695, 23.25)",0.0
Amount_shipped,"(660, 4740, 696, 4535, 23.59)",0.0
Amount_shipped,"(660, 4740, 250, 4682, 28.56)",0.0
Amount_shipped,"(660, 4740, 572, 4680, 30.45)",0.0
Amount_shipped,"(660, 4740, 371, 4764, 52.72)",0.0
Amount_shipped,"(660, 4740, 312, 4747, 62.13)",0.0
Amount_shipped,"(660, 4740, 417, 4874, 76.13)",0.0
Amount_shipped,"(660, 4740, 350, 4738, 111.96)",0.0
Amount_shipped,"(660, 4740, 327, 4722, 125.89)",0.0
Amount_shipped,"(660, 4740, 555, 4937, 127.49)",0.0
Amount_shipped,"(660, 4740, 239, 4765, 151.68)",0.0
Amount_shipped,"(660, 4740, 558, 4583, 208.94)",0.0
Amount_shipped,"(660, 4740, 592, 4773, 272.69)",0.0
Amount_shipped,"(660, 4740, 303, 4682, 594.76)",0.0
Amount_shipped,"(660, 4740, 519, 4618, 758.82)",0.0
Amount_shipped,"(660, 4740, 190, 4740, 907.18)",0.0
Amount_shipped,"(660, 4740, 604, 4955, 907.45)",0.0
Amount_shipped,"(660, 4740, 334, 4799, 1285.48)",0.0
Amount_shipped,"(660, 4740, 402, 4762, 1356.12)",0.0
Amount_shipped,"(660, 4760, 604, 4556, 10.77)",0.0
Amount_shipped,"(660, 4760, 545, 4715, 11.01)",0.0
Amount_shipped,"(660, 4760, 598, 4885, 11.15)",0.0
Amount_shipped,"(660, 4760, 622, 4729, 11.5)",0.0
Amount_shipped,"(660, 4760, 136, 4692, 11.61)",0.0
Amount_shipped,"(660, 4760, 494, 4926, 11.95)",0.0
Amount_shipped,"(660, 4760, 627, 4796, 12.52)",0.0
Amount_shipped,"(660, 4760, 604, 4624, 12.57)",0.0
Amount_shipped,"(660, 4760, 497, 4720, 12.7)",0.0
Amount_shipped,"(660, 4760, 503, 4807, 16.06)",0.0
Amount_shipped,"(660, 4760, 612, 4678, 16.32)",0.0
Amount_shipped,"(660, 4760, 345, 4695, 23.25)",0.0
Amount_shipped,"(660, 4760, 696, 4535, 23.59)",0.0
Amount_shipped,"(660, 4760, 250, 4682, 28.56)",0.0
Amount_shipped,"(660, 4760, 572, 4680, 30.45)",0.0
Amount_shipped,"(660, 4760, 371, 4764, 52.72)",0.0
Amount_shipped,"(660, 4760, 312, 4747, 62.13)",0.0
Amount_shipped,"(660, 4760, 417, 4874, 76.13)",0.0
Amount_shipped,"(660, 4760, 350, 4738, 111.96)",0.0
Amount_shipped,"(660, 4760, 327, 4722, 125.89)",0.0
Amount_shipped,"(660, 4760, 555, 4937, 127.49)",0.0
Amount_shipped,"(660, 4760, 239, 4765, 151.68)",0.0
Amount_shipped,"(660, 4760, 558, 4583, 208.94)",0.0
Amount_shipped,"(660, 4760, 592, 4773, 272.69)",0.0
Amount_shipped,"(660, 4760, 303, 4682, 594.76)",0.0
Amount_shipped,"(660, 4760, 519, 4618, 758.82)",0.0
Amount_shipped,"(660, 4760, 190, 4740, 907.18)",0.0
Amount_shipped,"(660, 4760, 604, 4955, 907.45)",0.0
Amount_shipped,"(660, 4760, 334, 4799, 1285.48)",0.0
Amount_shipped,"(660, 4760, 402, 4762, 1356.12)",0.0
Amount_shipped,"(660, 4780, 604, 4556, 10.77)",0.0
Amount_shipped,"(660, 4780, 545, 4715, 11.01)",0.0
Amount_shipped,"(660, 4780, 598, 4885, 11.15)",0.0
Amount_shipped,"(660, 4780, 622, 4729, 11.5)",0.0
Amount_shipped,"(660, 4780, 136, 4692, 11.61)",0.0
Amount_shipped,"(660, 4780, 494, 4926, 11.95)",0.0
Amount_shipped,"(660, 4780, 627, 4796, 12.52)",0.0
Amount_shipped,"(660, 4780, 604, 4624, 12.57)",0.0
Amount_shipped,"(660, 4780, 497, 4720, 12.7)",0.0
Amount_shipped,"(660, 4780, 503, 4807, 16.06)",0.0
Amount_shipped,"(660, 4780, 612, 4678, 16.32)",0.0
Amount_shipped,"(660, 4780, 345, 4695, 23.25)",0.0
Amount_shipped,"(660, 4780, 696, 4535, 23.59)",0.0
Amount_shipped,"(660, 4780, 250, 4682, 28.56)",0.0
Amount_shipped,"(660, 4780, 572, 4680, 30.45)",0.0
Amount_shipped,"(660, 4780, 371, 4764, 52.72)",0.0
Amount_shipped,"(660, 4780, 312, 4747, 62.13)",0.0
Amount_shipped,"(660, 4780, 417, 4874, 76.13)",0.0
Amount_shipped,"(660, 4780, 350, 4738, 111.96)",0.0
Amount_shipped,"(660, 4780, 327, 4722, 125.89)",0.0
Amount_shipped,"(660, 4780, 555, 4937, 127.49)",0.0
Amount_shipped,"(660, 4780, 239, 4765, 151.68)",0.0
Amount_shipped,"(660, 4780, 558, 4583, 208.94)",0.0
Amount_shipped,"(660, 4780, 592, 4773, 272.69)",0.0
Amount_shipped,"(660, 4780, 303, 4682, 594.76)",0.0
Amount_shipped,"(660, 4780, 519, 4618, 758.82)",0.0
Amount_shipped,"(660, 4780, 190, 4740, 907.18)",0.0
Amount_shipped,"(660, 4780, 604, 4955, 907.45)",0.0
Amount_shipped,"(660, 4780, 334, 4799, 1285.48)",0.0
Amount_shipped,"(660, 4780, 402, 4762, 1356.12)",0.0
Amount_shipped,"(660, 4800, 604, 4556, 10.77)",0.0
Amount_shipped,"(660, 4800, 545, 4715, 11.01)",0.0
Amount_shipped,"(660, 4800, 598, 4885, 11.15)",0.0
Amount_shipped,"(660, 4800, 622, 4729, 11.5)",0.0
Amount_shipped,"(660, 4800, 136, 4692, 11.61)",0.0
Amount_shipped,"(660, 4800, 494, 4926, 11.95)",0.0
Amount_shipped,"(660, 4800, 627, 4796, 12.52)",0.0
Amount_shipped,"(660, 4800, 604, 4624, 12.57)",0.0
Amount_shipped,"(660, 4800, 497, 4720, 12.7)",0.0
Amount_shipped,"(660, 4800, 503, 4807, 16.06)",0.0
Amount_shipped,"(660, 4800, 612, 4678, 16.32)",0.0
Amount_shipped,"(660, 4800, 345, 4695, 23.25)",0.0
Amount_shipped,"(660, 4800, 696, 4535, 23.59)",0.0
Amount_shipped,"(660, 4800, 250, 4682, 28.56)",0.0
Amount_shipped,"(660, 4800, 572, 4680, 30.45)",0.0
Amount_shipped,"(660, 4800, 371, 4764, 52.72)",0.0
Amount_shipped,"(660, 4800, 312, 4747, 62.13)",0.0
Amount_shipped,"(660, 4800, 417, 4874, 76.13)",0.0
Amount_shipped,"(660, 4800, 350, 4738, 111.96)",0.0
Amount_shipped,"(660, 4800, 327, 4722, 125.89)",0.0
Amount_shipped,"(660, 4800, 555, 4937, 127.49)",0.0
Amount_shipped,"(660, 4800, 239, 4765, 151.68)",0.0
Amount_shipped,"(660, 4800, 558, 4583, 208.94)",0.0
Amount_shipped,"(660, 4800, 592, 4773, 272.69)",0.0
Amount_shipped,"(660, 4800, 303, 4682, 594.76)",0.0
Amount_shipped,"(660, 4800, 519, 4618, 758.82)",0.0
Amount_shipped,"(660, 4800, 190, 4740, 907.18)",0.0
Amount_shipped,"(660, 4800, 604, 4955, 907.45)",0.0
Amount_shipped,"(660, 4800, 334, 4799, 1285.48)",0.0
Amount_shipped,"(660, 4800, 402, 4762, 1356.12)",0.0
Amount_shipped,"(660, 4820, 604, 4556, 10.77)",0.0
Amount_shipped,"(660, 4820, 545, 4715, 11.01)",0.0
Amount_shipped,"(660, 4820, 598, 4885, 11.15)",0.0
Amount_shipped,"(660, 4820, 622, 4729, 11.5)",0.0
Amount_shipped,"(660, 4820, 136, 4692, 11.61)",0.0
Amount_shipped,"(660, 4820, 494, 4926, 11.95)",0.0
Amount_shipped,"(660, 4820, 627, 4796, 12.52)",0.0
Amount_shipped,"(660, 4820, 604, 4624, 12.57)",0.0
Amount_shipped,"(660, 4820, 497, 4720, 12.7)",0.0
Amount_shipped,"(660, 4820, 503, 4807, 16.06)",0.0
Amount_shipped,"(660, 4820, 612, 4678, 16.32)",0.0
Amount_shipped,"(660, 4820, 345, 4695, 23.25)",0.0
Amount_shipped,"(660, 4820, 696, 4535, 23.59)",0.0
Amount_shipped,"(660, 4820, 250, 4682, 28.56)",0.0
Amount_shipped,"(660, 4820, 572, 4680, 30.45)",0.0
Amount_shipped,"(660, 4820, 371, 4764, 52.72)",0.0
Amount_shipped,"(660, 4820, 312, 4747, 62.13)",0.0
Amount_shipped,"(660, 4820, 417, 4874, 76.13)",0.0
Amount_shipped,"(660, 4820, 350, 4738, 111.96)",0.0
Amount_shipped,"(660, 4820, 327, 4722, 125.89)",0.0
Amount_shipped,"(660, 4820, 555, 4937, 127.49)",0.0
Amount_shipped,"(660, 4820, 239, 4765, 151.68)",0.0
Amount_shipped,"(660, 4820, 558, 4583, 208.94)",0.0
Amount_shipped,"(660, 4820, 592, 4773, 272.69)",0.0
Amount_shipped,"(660, 4820, 303, 4682, 594.76)",0.0
Amount_shipped,"(660, 4820, 519, 4618, 758.82)",0.0
Amount_shipped,"(660, 4820, 190, 4740, 907.18)",0.0
Amount_shipped,"(660, 4820, 604, 4955, 907.45)",0.0
Amount_shipped,"(660, 4820, 334, 4799, 1285.48)",0.0
Amount_shipped,"(660, 4820, 402, 4762, 1356.12)",0.0
Amount_shipped,"(660, 4840, 604, 4556, 10.77)",0.0
Amount_shipped,"(660, 4840, 545, 4715, 11.01)",0.0
Amount_shipped,"(660, 4840, 598, 4885, 11.15)",0.0
Amount_shipped,"(660, 4840, 622, 4729, 11.5)",0.0
Amount_shipped,"(660, 4840, 136, 4692, 11.61)",0.0
Amount_shipped,"(660, 4840, 494, 4926, 11.95)",0.0
Amount_shipped,"(660, 4840, 627, 4796, 12.52)",0.0
Amount_shipped,"(660, 4840, 604, 4624, 12.57)",0.0
Amount_shipped,"(660, 4840, 497, 4720, 12.7)",0.0
Amount_shipped,"(660, 4840, 503, 4807, 16.06)",0.0
Amount_shipped,"(660, 4840, 612, 4678, 16.32)",0.0
Amount_shipped,"(660, 4840, 345, 4695, 23.25)",0.0
Amount_shipped,"(660, 4840, 696, 4535, 23.59)",0.0
Amount_shipped,"(660, 4840, 250, 4682, 28.56)",0.0
Amount_shipped,"(660, 4840, 572, 4680, 30.45)",0.0
Amount_shipped,"(660, 4840, 371, 4764, 52.72)",0.0
Amount_shipped,"(660, 4840, 312, 4747, 62.13)",0.0
Amount_shipped,"(660, 4840, 417, 4874, 76.13)",0.0
Amount_shipped,"(660, 4840, 350, 4738, 111.96)",0.0
Amount_shipped,"(660, 4840, 327, 4722, 125.89)",0.0
Amount_shipped,"(660, 4840, 555, 4937, 127.49)",0.0
Amount_shipped,"(660, 4840, 239, 4765, 151.68)",0.0
Amount_shipped,"(660, 4840, 558, 4583, 208.94)",0.0
Amount_shipped,"(660, 4840, 592, 4773, 272.69)",0.0
Amount_shipped,"(660, 4840, 303, 4682, 594.76)",0.0
Amount_shipped,"(660, 4840, 519, 4618, 758.82)",0.0
Amount_shipped,"(660, 4840, 190, 4740, 907.18)",0.0
Amount_shipped,"(660, 4840, 604, 4955, 907.45)",0.0
Amount_shipped,"(660, 4840, 334, 4799, 1285.48)",0.0
Amount_shipped,"(660, 4840, 402, 4762, 1356.12)",0.0
Amount_shipped,"(660, 4860, 604, 4556, 10.77)",0.0
Amount_shipped,"(660, 4860, 545, 4715, 11.01)",0.0
Amount_shipped,"(660, 4860, 598, 4885, 11.15)",0.0
Amount_shipped,"(660, 4860, 622, 4729, 11.5)",0.0
Amount_shipped,"(660, 4860, 136, 4692, 11.61)",0.0
Amount_shipped,"(660, 4860, 494, 4926, 11.95)",0.0
Amount_shipped,"(660, 4860, 627, 4796, 12.52)",0.0
Amount_shipped,"(660, 4860, 604, 4624, 12.57)",0.0
Amount_shipped,"(660, 4860, 497, 4720, 12.7)",0.0
Amount_shipped,"(660, 4860, 503, 4807, 16.06)",0.0
Amount_shipped,"(660, 4860, 612, 4678, 16.32)",0.0
Amount_shipped,"(660, 4860, 345, 4695, 23.25)",0.0
Amount_shipped,"(660, 4860, 696, 4535, 23.59)",0.0
Amount_shipped,"(660, 4860, 250, 4682, 28.56)",0.0
Amount_shipped,"(660, 4860, 572, 4680, 30.45)",0.0
Amount_shipped,"(660, 4860, 371, 4764, 52.72)",0.0
Amount_shipped,"(660, 4860, 312, 4747, 62.13)",0.0
Amount_shipped,"(660, 4860, 417, 4874, 76.13)",0.0
Amount_shipped,"(660, 4860, 350, 4738, 111.96)",0.0
Amount_shipped,"(660, 4860, 327, 4722, 125.89)",0.0
Amount_shipped,"(660, 4860, 555, 4937, 127.49)",0.0
Amount_shipped,"(660, 4860, 239, 4765, 151.68)",0.0
Amount_shipped,"(660, 4860, 558, 4583, 208.94)",0.0
Amount_shipped,"(660, 4860, 592, 4773, 272.69)",0.0
Amount_shipped,"(660, 4860, 303, 4682, 594.76)",0.0
Amount_shipped,"(660, 4860, 519, 4618, 758.82)",0.0
Amount_shipped,"(660, 4860, 190, 4740, 907.18)",0.0
Amount_shipped,"(660, 4860, 604, 4955, 907.45)",0.0
Amount_shipped,"(660, 4860, 334, 4799, 1285.48)",0.0
Amount_shipped,"(660, 4860, 402, 4762, 1356.12)",0.0
Amount_shipped,"(660, 4880, 604, 4556, 10.77)",0.0
Amount_shipped,"(660, 4880, 545, 4715, 11.01)",0.0
Amount_shipped,"(660, 4880, 598, 4885, 11.15)",0.0
Amount_shipped,"(660, 4880, 622, 4729, 11.5)",0.0
Amount_shipped,"(660, 4880, 136, 4692, 11.61)",0.0
Amount_shipped,"(660, 4880, 494, 4926, 11.95)",0.0
Amount_shipped,"(660, 4880, 627, 4796, 12.52)",0.0
Amount_shipped,"(660, 4880, 604, 4624, 12.57)",0.0
Amount_shipped,"(660, 4880, 497, 4720, 12.7)",0.0
Amount_shipped,"(660, 4880, 503, 4807, 16.06)",0.0
Amount_shipped,"(660, 4880, 612, 4678, 16.32)",0.0
Amount_shipped,"(660, 4880, 345, 4695, 23.25)",0.0
Amount_shipped,"(660, 4880, 696, 4535, 23.59)",0.0
Amount_shipped,"(660, 4880, 250, 4682, 28.56)",0.0
Amount_shipped,"(660, 4880, 572, 4680, 30.45)",0.0
Amount_shipped,"(660, 4880, 371, 4764, 52.72)",0.0
Amount_shipped,"(660, 4880, 312, 4747, 62.13)",0.0
Amount_shipped,"(660, 4880, 417, 4874, 76.13)",0.0
Amount_shipped,"(660, 4880, 350, 4738, 111.96)",0.0
Amount_shipped,"(660, 4880, 327, 4722, 125.89)",0.0
Amount_shipped,"(660, 4880, 555, 4937, 127.49)",0.0
Amount_shipped,"(660, 4880, 239, 4765, 151.68)",0.0
Amount_shipped,"(660, 4880, 558, 4583, 208.94)",0.0
Amount_shipped,"(660, 4880, 592, 4773, 272.69)",0.0
Amount_shipped,"(660, 4880, 303, 4682, 594.76)",0.0
Amount_shipped,"(660, 4880, 519, 4618, 758.82)",0.0
Amount_shipped,"(660, 4880, 190, 4740, 907.18)",0.0
Amount_shipped,"(660, 4880, 604, 4955, 907.45)",0.0
Amount_shipped,"(660, 4880, 334, 4799, 1285.48)",0.0
Amount_shipped,"(660, 4880, 402, 4762, 1356.12)",0.0
Amount_shipped,"(660, 4900, 604, 4556, 10.77)",0.0
Amount_shipped,"(660, 4900, 545, 4715, 11.01)",0.0
Amount_shipped,"(660, 4900, 598, 4885, 11.15)",0.0
Amount_shipped,"(660, 4900, 622, 4729, 11.5)",0.0
Amount_shipped,"(660, 4900, 136, 4692, 11.61)",0.0
Amount_shipped,"(660, 4900, 494, 4926, 11.95)",0.0
Amount_shipped,"(660, 4900, 627, 4796, 12.52)",0.0
Amount_shipped,"(660, 4900, 604, 4624, 12.57)",0.0
Amount_shipped,"(660, 4900, 497, 4720, 12.7)",0.0
Amount_shipped,"(660, 4900, 503, 4807, 16.06)",0.0
Amount_shipped,"(660, 4900, 612, 4678, 16.32)",0.0
Amount_shipped,"(660, 4900, 345, 4695, 23.25)",0.0
Amount_shipped,"(660, 4900, 696, 4535, 23.59)",0.0
Amount_shipped,"(660, 4900, 250, 4682, 28.56)",0.0
Amount_shipped,"(660, 4900, 572, 4680, 30.45)",0.0
Amount_shipped,"(660, 4900, 371, 4764, 52.72)",0.0
Amount_shipped,"(660, 4900, 312, 4747, 62.13)",0.0
Amount_shipped,"(660, 4900, 417, 4874, 76.13)",0.0
Amount_shipped,"(660, 4900, 350, 4738, 111.96)",0.0
Amount_shipped,"(660, 4900, 327, 4722, 125.89)",0.0
Amount_shipped,"(660, 4900, 555, 4937, 127.49)",0.0
Amount_shipped,"(660, 4900, 239, 4765, 151.68)",0.0
Amount_shipped,"(660, 4900, 558, 4583, 208.94)",0.0
Amount_shipped,"(660, 4900, 592, 4773, 272.69)",0.0
Amount_shipped,"(660, 4900, 303, 4682, 594.76)",0.0
Amount_shipped,"(660, 4900, 519, 4618, 758.82)",0.0
Amount_shipped,"(660, 4900, 190, 4740, 907.18)",0.0
Amount_shipped,"(660, 4900, 604, 4955, 907.45)",0.0
Amount_shipped,"(660, 4900, 334, 4799, 1285.48)",0.0
Amount_shipped,"(660, 4900, 402, 4762, 1356.12)",0.0
Amount_shipped,"(660, 4920, 604, 4556, 10.77)",0.0
Amount_shipped,"(660, 4920, 545, 4715, 11.01)",0.0
Amount_shipped,"(660, 4920, 598, 4885, 11.15)",0.0
Amount_shipped,"(660, 4920, 622, 4729, 11.5)",0.0
Amount_shipped,"(660, 4920, 136, 4692, 11.61)",0.0
Amount_shipped,"(660, 4920, 494, 4926, 11.95)",0.0
Amount_shipped,"(660, 4920, 627, 4796, 12.52)",0.0
Amount_shipped,"(660, 4920, 604, 4624, 12.57)",0.0
Amount_shipped,"(660, 4920, 497, 4720, 12.7)",0.0
Amount_shipped,"(660, 4920, 503, 4807, 16.06)",0.0
Amount_shipped,"(660, 4920, 612, 4678, 16.32)",0.0
Amount_shipped,"(660, 4920, 345, 4695, 23.25)",0.0
Amount_shipped,"(660, 4920, 696, 4535, 23.59)",0.0
Amount_shipped,"(660, 4920, 250, 4682, 28.56)",0.0
Amount_shipped,"(660, 4920, 572, 4680, 30.45)",0.0
Amount_shipped,"(660, 4920, 371, 4764, 52.72)",0.0
Amount_shipped,"(660, 4920, 312, 4747, 62.13)",0.0
Amount_shipped,"(660, 4920, 417, 4874, 76.13)",0.0
Amount_shipped,"(660, 4920, 350, 4738, 111.96)",0.0
Amount_shipped,"(660, 4920, 327, 4722, 125.89)",0.0
Amount_shipped,"(660, 4920, 555, 4937, 127.49)",0.0
Amount_shipped,"(660, 4920, 239, 4765, 151.68)",0.0
Amount_shipped,"(660, 4920, 558, 4583, 208.94)",0.0
Amount_shipped,"(660, 4920, 592, 4773, 272.69)",0.0
Amount_shipped,"(660, 4920, 303, 4682, 594.76)",0.0
Amount_shipped,"(660, 4920, 519, 4618, 758.82)",0.0
Amount_shipped,"(660, 4920, 190, 4740, 907.18)",0.0
Amount_shipped,"(660, 4920, 604, 4955, 907.45)",0.0
Amount_shipped,"(660, 4920, 334, 4799, 1285.48)",0.0
Amount_shipped,"(660, 4920, 402, 4762, 1356.12)",0.0
Amount_shipped,"(660, 4940, 604, 4556, 10.77)",0.0
Amount_shipped,"(660, 4940, 545, 4715, 11.01)",0.0
Amount_shipped,"(660, 4940, 598, 4885, 11.15)",0.0
Amount_shipped,"(660, 4940, 622, 4729, 11.5)",0.0
Amount_shipped,"(660, 4940, 136, 4692, 11.61)",0.0
Amount_shipped,"(660, 4940, 494, 4926, 11.95)",0.0
Amount_shipped,"(660, 4940, 627, 4796, 12.52)",0.0
Amount_shipped,"(660, 4940, 604, 4624, 12.57)",0.0
Amount_shipped,"(660, 4940, 497, 4720, 12.7)",0.0
Amount_shipped,"(660, 4940, 503, 4807, 16.06)",0.0
Amount_shipped,"(660, 4940, 612, 4678, 16.32)",0.0
Amount_shipped,"(660, 4940, 345, 4695, 23.25)",0.0
Amount_shipped,"(660, 4940, 696, 4535, 23.59)",0.0
Amount_shipped,"(660, 4940, 250, 4682, 28.56)",0.0
Amount_shipped,"(660, 4940, 572, 4680, 30.45)",0.0
Amount_shipped,"(660, 4940, 371, 4764, 52.72)",0.0
Amount_shipped,"(660, 4940, 312, 4747, 62.13)",0.0
Amount_shipped,"(660, 4940, 417, 4874, 76.13)",0.0
Amount_shipped,"(660, 4940, 350, 4738, 111.96)",0.0
Amount_shipped,"(660, 4940, 327, 4722, 125.89)",0.0
Amount_shipped,"(660, 4940, 555, 4937, 127.49)",0.0
Amount_shipped,"(660, 4940, 239, 4765, 151.68)",0.0
Amount_shipped,"(660, 4940, 558, 4583, 208.94)",0.0
Amount_shipped,"(660, 4940, 592, 4773, 272.69)",0.0
Amount_shipped,"(660, 4940, 303, 4682, 594.76)",0.0
Amount_shipped,"(660, 4940, 519, 4618, 758.82)",0.0
Amount_shipped,"(660, 4940, 190, 4740, 907.18)",0.0
Amount_shipped,"(660, 4940, 604, 4955, 907.45)",0.0
Amount_shipped,"(660, 4940, 334, 4799, 1285.48)",0.0
Amount_shipped,"(660, 4940, 402, 4762, 1356.12)",0.0
Amount_shipped,"(660, 4960, 604, 4556, 10.77)",0.0
Amount_shipped,"(660, 4960, 545, 4715, 11.01)",0.0
Amount_shipped,"(660, 4960, 598, 4885, 11.15)",0.0
Amount_shipped,"(660, 4960, 622, 4729, 11.5)",0.0
Amount_shipped,"(660, 4960, 136, 4692, 11.61)",0.0
Amount_shipped,"(660, 4960, 494, 4926, 11.95)",0.0
Amount_shipped,"(660, 4960, 627, 4796, 12.52)",0.0
Amount_shipped,"(660, 4960, 604, 4624, 12.57)",0.0
Amount_shipped,"(660, 4960, 497, 4720, 12.7)",0.0
Amount_shipped,"(660, 4960, 503, 4807, 16.06)",0.0
Amount_shipped,"(660, 4960, 612, 4678, 16.32)",0.0
Amount_shipped,"(660, 4960, 345, 4695, 23.25)",0.0
Amount_shipped,"(660, 4960, 696, 4535, 23.59)",0.0
Amount_shipped,"(660, 4960, 250, 4682, 28.56)",0.0
Amount_shipped,"(660, 4960, 572, 4680, 30.45)",0.0
Amount_shipped,"(660, 4960, 371, 4764, 52.72)",0.0
Amount_shipped,"(660, 4960, 312, 4747, 62.13)",0.0
Amount_shipped,"(660, 4960, 417, 4874, 76.13)",0.0
Amount_shipped,"(660, 4960, 350, 4738, 111.96)",0.0
Amount_shipped,"(660, 4960, 327, 4722, 125.89)",0.0
Amount_shipped,"(660, 4960, 555, 4937, 127.49)",0.0
Amount_shipped,"(660, 4960, 239, 4765, 151.68)",0.0
Amount_shipped,"(660, 4960, 558, 4583, 208.94)",0.0
Amount_shipped,"(660, 4960, 592, 4773, 272.69)",0.0
Amount_shipped,"(660, 4960, 303, 4682, 594.76)",0.0
Amount_shipped,"(660, 4960, 519, 4618, 758.82)",0.0
Amount_shipped,"(660, 4960, 190, 4740, 907.18)",0.0
Amount_shipped,"(660, 4960, 604, 4955, 907.45)",0.0
Amount_shipped,"(660, 4960, 334, 4799, 1285.48)",0.0
Amount_shipped,"(660, 4960, 402, 4762, 1356.12)",0.0
Amount_shipped,"(660, 4980, 604, 4556, 10.77)",0.0
Amount_shipped,"(660, 4980, 545, 4715, 11.01)",0.0
Amount_shipped,"(660, 4980, 598, 4885, 11.15)",0.0
Amount_shipped,"(660, 4980, 622, 4729, 11.5)",0.0
Amount_shipped,"(660, 4980, 136, 4692, 11.61)",0.0
Amount_shipped,"(660, 4980, 494, 4926, 11.95)",0.0
Amount_shipped,"(660, 4980, 627, 4796, 12.52)",0.0
Amount_shipped,"(660, 4980, 604, 4624, 12.57)",0.0
Amount_shipped,"(660, 4980, 497, 4720, 12.7)",0.0
Amount_shipped,"(660, 4980, 503, 4807, 16.06)",0.0
Amount_shipped,"(660, 4980, 612, 4678, 16.32)",0.0
Amount_shipped,"(660, 4980, 345, 4695, 23.25)",0.0
Amount_shipped,"(660, 4980, 696, 4535, 23.59)",0.0
Amount_shipped,"(660, 4980, 250, 4682, 28.56)",0.0
Amount_shipped,"(660, 4980, 572, 4680, 30.45)",0.0
Amount_shipped,"(660, 4980, 371, 4764, 52.72)",0.0
Amount_shipped,"(660, 4980, 312, 4747, 62.13)",0.0
Amount_shipped,"(660, 4980, 417, 4874, 76.13)",0.0
Amount_shipped,"(660, 4980, 350, 4738, 111.96)",0.0
Amount_shipped,"(660, 4980, 327, 4722, 125.89)",0.0
Amount_shipped,"(660, 4980, 555, 4937, 127.49)",0.0
Amount_shipped,"(660, 4980, 239, 4765, 151.68)",0.0
Amount_shipped,"(660, 4980, 558, 4583, 208.94)",0.0
Amount_shipped,"(660, 4980, 592, 4773, 272.69)",0.0
Amount_shipped,"(660, 4980, 303, 4682, 594.76)",0.0
Amount_shipped,"(660, 4980, 519, 4618, 758.82)",0.0
Amount_shipped,"(660, 4980, 190, 4740, 907.18)",0.0
Amount_shipped,"(660, 4980, 604, 4955, 907.45)",0.0
Amount_shipped,"(660, 4980, 334, 4799, 1285.48)",0.0
Amount_shipped,"(660, 4980, 402, 4762, 1356.12)",0.0
Amount_shipped,"(680, 4440, 604, 4556, 10.77)",0.0
Amount_shipped,"(680, 4440, 545, 4715, 11.01)",0.0
Amount_shipped,"(680, 4440, 598, 4885, 11.15)",0.0
Amount_shipped,"(680, 4440, 622, 4729, 11.5)",0.0
Amount_shipped,"(680, 4440, 136, 4692, 11.61)",0.0
Amount_shipped,"(680, 4440, 494, 4926, 11.95)",0.0
Amount_shipped,"(680, 4440, 627, 4796, 12.52)",0.0
Amount_shipped,"(680, 4440, 604, 4624, 12.57)",0.0
Amount_shipped,"(680, 4440, 497, 4720, 12.7)",0.0
Amount_shipped,"(680, 4440, 503, 4807, 16.06)",0.0
Amount_shipped,"(680, 4440, 612, 4678, 16.32)",0.0
Amount_shipped,"(680, 4440, 345, 4695, 23.25)",0.0
Amount_shipped,"(680, 4440, 696, 4535, 23.59)",0.0
Amount_shipped,"(680, 4440, 250, 4682, 28.56)",0.0
Amount_shipped,"(680, 4440, 572, 4680, 30.45)",0.0
Amount_shipped,"(680, 4440, 371, 4764, 52.72)",0.0
Amount_shipped,"(680, 4440, 312, 4747, 62.13)",0.0
Amount_shipped,"(680, 4440, 417, 4874, 76.13)",0.0
Amount_shipped,"(680, 4440, 350, 4738, 111.96)",0.0
Amount_shipped,"(680, 4440, 327, 4722, 125.89)",0.0
Amount_shipped,"(680, 4440, 555, 4937, 127.49)",0.0
Amount_shipped,"(680, 4440, 239, 4765, 151.68)",0.0
Amount_shipped,"(680, 4440, 558, 4583, 208.94)",0.0
Amount_shipped,"(680, 4440, 592, 4773, 272.69)",0.0
Amount_shipped,"(680, 4440, 303, 4682, 594.76)",0.0
Amount_shipped,"(680, 4440, 519, 4618, 758.82)",0.0
Amount_shipped,"(680, 4440, 190, 4740, 907.18)",0.0
Amount_shipped,"(680, 4440, 604, 4955, 907.45)",0.0
Amount_shipped,"(680, 4440, 334, 4799, 1285.48)",0.0
Amount_shipped,"(680, 4440, 402, 4762, 1356.12)",0.0
Amount_shipped,"(680, 4460, 604, 4556, 10.77)",0.0
Amount_shipped,"(680, 4460, 545, 4715, 11.01)",0.0
Amount_shipped,"(680, 4460, 598, 4885, 11.15)",0.0
Amount_shipped,"(680, 4460, 622, 4729, 11.5)",0.0
Amount_shipped,"(680, 4460, 136, 4692, 11.61)",0.0
Amount_shipped,"(680, 4460, 494, 4926, 11.95)",0.0
Amount_shipped,"(680, 4460, 627, 4796, 12.52)",0.0
Amount_shipped,"(680, 4460, 604, 4624, 12.57)",0.0
Amount_shipped,"(680, 4460, 497, 4720, 12.7)",0.0
Amount_shipped,"(680, 4460, 503, 4807, 16.06)",0.0
Amount_shipped,"(680, 4460, 612, 4678, 16.32)",0.0
Amount_shipped,"(680, 4460, 345, 4695, 23.25)",0.0
Amount_shipped,"(680, 4460, 696, 4535, 23.59)",0.0
Amount_shipped,"(680, 4460, 250, 4682, 28.56)",0.0
Amount_shipped,"(680, 4460, 572, 4680, 30.45)",0.0
Amount_shipped,"(680, 4460, 371, 4764, 52.72)",0.0
Amount_shipped,"(680, 4460, 312, 4747, 62.13)",0.0
Amount_shipped,"(680, 4460, 417, 4874, 76.13)",0.0
Amount_shipped,"(680, 4460, 350, 4738, 111.96)",0.0
Amount_shipped,"(680, 4460, 327, 4722, 125.89)",0.0
Amount_shipped,"(680, 4460, 555, 4937, 127.49)",0.0
Amount_shipped,"(680, 4460, 239, 4765, 151.68)",0.0
Amount_shipped,"(680, 4460, 558, 4583, 208.94)",0.0
Amount_shipped,"(680, 4460, 592, 4773, 272.69)",0.0
Amount_shipped,"(680, 4460, 303, 4682, 594.76)",0.0
Amount_shipped,"(680, 4460, 519, 4618, 758.82)",0.0
Amount_shipped,"(680, 4460, 190, 4740, 907.18)",0.0
Amount_shipped,"(680, 4460, 604, 4955, 907.45)",0.0
Amount_shipped,"(680, 4460, 334, 4799, 1285.48)",0.0
Amount_shipped,"(680, 4460, 402, 4762, 1356.12)",0.0
Amount_shipped,"(680, 4480, 604, 4556, 10.77)",0.0
Amount_shipped,"(680, 4480, 545, 4715, 11.01)",0.0
Amount_shipped,"(680, 4480, 598, 4885, 11.15)",0.0
Amount_shipped,"(680, 4480, 622, 4729, 11.5)",0.0
Amount_shipped,"(680, 4480, 136, 4692, 11.61)",0.0
Amount_shipped,"(680, 4480, 494, 4926, 11.95)",0.0
Amount_shipped,"(680, 4480, 627, 4796, 12.52)",0.0
Amount_shipped,"(680, 4480, 604, 4624, 12.57)",0.0
Amount_shipped,"(680, 4480, 497, 4720, 12.7)",0.0
Amount_shipped,"(680, 4480, 503, 4807, 16.06)",0.0
Amount_shipped,"(680, 4480, 612, 4678, 16.32)",0.0
Amount_shipped,"(680, 4480, 345, 4695, 23.25)",0.0
Amount_shipped,"(680, 4480, 696, 4535, 23.59)",0.0
Amount_shipped,"(680, 4480, 250, 4682, 28.56)",0.0
Amount_shipped,"(680, 4480, 572, 4680, 30.45)",0.0
Amount_shipped,"(680, 4480, 371, 4764, 52.72)",0.0
Amount_shipped,"(680, 4480, 312, 4747, 62.13)",0.0
Amount_shipped,"(680, 4480, 417, 4874, 76.13)",0.0
Amount_shipped,"(680, 4480, 350, 4738, 111.96)",0.0
Amount_shipped,"(680, 4480, 327, 4722, 125.89)",0.0
Amount_shipped,"(680, 4480, 555, 4937, 127.49)",0.0
Amount_shipped,"(680, 4480, 239, 4765, 151.68)",0.0
Amount_shipped,"(680, 4480, 558, 4583, 208.94)",0.0
Amount_shipped,"(680, 4480, 592, 4773, 272.69)",0.0
Amount_shipped,"(680, 4480, 303, 4682, 594.76)",0.0
Amount_shipped,"(680, 4480, 519, 4618, 758.82)",0.0
Amount_shipped,"(680, 4480, 190, 4740, 907.18)",0.0
Amount_shipped,"(680, 4480, 604, 4955, 907.45)",0.0
Amount_shipped,"(680, 4480, 334, 4799, 1285.48)",0.0
Amount_shipped,"(680, 4480, 402, 4762, 1356.12)",0.0
Amount_shipped,"(680, 4500, 604, 4556, 10.77)",0.0
Amount_shipped,"(680, 4500, 545, 4715, 11.01)",0.0
Amount_shipped,"(680, 4500, 598, 4885, 11.15)",0.0
Amount_shipped,"(680, 4500, 622, 4729, 11.5)",0.0
Amount_shipped,"(680, 4500, 136, 4692, 11.61)",0.0
Amount_shipped,"(680, 4500, 494, 4926, 11.95)",0.0
Amount_shipped,"(680, 4500, 627, 4796, 12.52)",0.0
Amount_shipped,"(680, 4500, 604, 4624, 12.57)",0.0
Amount_shipped,"(680, 4500, 497, 4720, 12.7)",0.0
Amount_shipped,"(680, 4500, 503, 4807, 16.06)",0.0
Amount_shipped,"(680, 4500, 612, 4678, 16.32)",0.0
Amount_shipped,"(680, 4500, 345, 4695, 23.25)",0.0
Amount_shipped,"(680, 4500, 696, 4535, 23.59)",0.0
Amount_shipped,"(680, 4500, 250, 4682, 28.56)",0.0
Amount_shipped,"(680, 4500, 572, 4680, 30.45)",0.0
Amount_shipped,"(680, 4500, 371, 4764, 52.72)",0.0
Amount_shipped,"(680, 4500, 312, 4747, 62.13)",0.0
Amount_shipped,"(680, 4500, 417, 4874, 76.13)",0.0
Amount_shipped,"(680, 4500, 350, 4738, 111.96)",0.0
Amount_shipped,"(680, 4500, 327, 4722, 125.89)",0.0
Amount_shipped,"(680, 4500, 555, 4937, 127.49)",0.0
Amount_shipped,"(680, 4500, 239, 4765, 151.68)",0.0
Amount_shipped,"(680, 4500, 558, 4583, 208.94)",0.0
Amount_shipped,"(680, 4500, 592, 4773, 272.69)",0.0
Amount_shipped,"(680, 4500, 303, 4682, 594.76)",0.0
Amount_shipped,"(680, 4500, 519, 4618, 758.82)",0.0
Amount_shipped,"(680, 4500, 190, 4740, 907.18)",0.0
Amount_shipped,"(680, 4500, 604, 4955, 907.45)",0.0
Amount_shipped,"(680, 4500, 334, 4799, 1285.48)",0.0
Amount_shipped,"(680, 4500, 402, 4762, 1356.12)",0.0
Amount_shipped,"(680, 4520, 604, 4556, 10.77)",0.0
Amount_shipped,"(680, 4520, 545, 4715, 11.01)",0.0
Amount_shipped,"(680, 4520, 598, 4885, 11.15)",0.0
Amount_shipped,"(680, 4520, 622, 4729, 11.5)",0.0
Amount_shipped,"(680, 4520, 136, 4692, 11.61)",0.0
Amount_shipped,"(680, 4520, 494, 4926, 11.95)",0.0
Amount_shipped,"(680, 4520, 627, 4796, 12.52)",0.0
Amount_shipped,"(680, 4520, 604, 4624, 12.57)",0.0
Amount_shipped,"(680, 4520, 497, 4720, 12.7)",0.0
Amount_shipped,"(680, 4520, 503, 4807, 16.06)",0.0
Amount_shipped,"(680, 4520, 612, 4678, 16.32)",0.0
Amount_shipped,"(680, 4520, 345, 4695, 23.25)",0.0
Amount_shipped,"(680, 4520, 696, 4535, 23.59)",0.0
Amount_shipped,"(680, 4520, 250, 4682, 28.56)",0.0
Amount_shipped,"(680, 4520, 572, 4680, 30.45)",0.0
Amount_shipped,"(680, 4520, 371, 4764, 52.72)",0.0
Amount_shipped,"(680, 4520, 312, 4747, 62.13)",0.0
Amount_shipped,"(680, 4520, 417, 4874, 76.13)",0.0
Amount_shipped,"(680, 4520, 350, 4738, 111.96)",0.0
Amount_shipped,"(680, 4520, 327, 4722, 125.89)",0.0
Amount_shipped,"(680, 4520, 555, 4937, 127.49)",0.0
Amount_shipped,"(680, 4520, 239, 4765, 151.68)",0.0
Amount_shipped,"(680, 4520, 558, 4583, 208.94)",0.0
Amount_shipped,"(680, 4520, 592, 4773, 272.69)",0.0
Amount_shipped,"(680, 4520, 303, 4682, 594.76)",0.0
Amount_shipped,"(680, 4520, 519, 4618, 758.82)",0.0
Amount_shipped,"(680, 4520, 190, 4740, 907.18)",0.0
Amount_shipped,"(680, 4520, 604, 4955, 907.45)",0.0
Amount_shipped,"(680, 4520, 334, 4799, 1285.48)",0.0
Amount_shipped,"(680, 4520, 402, 4762, 1356.12)",0.0
Amount_shipped,"(680, 4540, 604, 4556, 10.77)",0.0
Amount_shipped,"(680, 4540, 545, 4715, 11.01)",0.0
Amount_shipped,"(680, 4540, 598, 4885, 11.15)",0.0
Amount_shipped,"(680, 4540, 622, 4729, 11.5)",0.0
Amount_shipped,"(680, 4540, 136, 4692, 11.61)",0.0
Amount_shipped,"(680, 4540, 494, 4926, 11.95)",0.0
Amount_shipped,"(680, 4540, 627, 4796, 12.52)",0.0
Amount_shipped,"(680, 4540, 604, 4624, 12.57)",0.0
Amount_shipped,"(680, 4540, 497, 4720, 12.7)",0.0
Amount_shipped,"(680, 4540, 503, 4807, 16.06)",0.0
Amount_shipped,"(680, 4540, 612, 4678, 16.32)",0.0
Amount_shipped,"(680, 4540, 345, 4695, 23.25)",0.0
Amount_shipped,"(680, 4540, 696, 4535, 23.59)",0.0
Amount_shipped,"(680, 4540, 250, 4682, 28.56)",0.0
Amount_shipped,"(680, 4540, 572, 4680, 30.45)",0.0
Amount_shipped,"(680, 4540, 371, 4764, 52.72)",0.0
Amount_shipped,"(680, 4540, 312, 4747, 62.13)",0.0
Amount_shipped,"(680, 4540, 417, 4874, 76.13)",0.0
Amount_shipped,"(680, 4540, 350, 4738, 111.96)",0.0
Amount_shipped,"(680, 4540, 327, 4722, 125.89)",0.0
Amount_shipped,"(680, 4540, 555, 4937, 127.49)",0.0
Amount_shipped,"(680, 4540, 239, 4765, 151.68)",0.0
Amount_shipped,"(680, 4540, 558, 4583, 208.94)",0.0
Amount_shipped,"(680, 4540, 592, 4773, 272.69)",0.0
Amount_shipped,"(680, 4540, 303, 4682, 594.76)",0.0
Amount_shipped,"(680, 4540, 519, 4618, 758.82)",0.0
Amount_shipped,"(680, 4540, 190, 4740, 907.18)",0.0
Amount_shipped,"(680, 4540, 604, 4955, 907.45)",0.0
Amount_shipped,"(680, 4540, 334, 4799, 1285.48)",0.0
Amount_shipped,"(680, 4540, 402, 4762, 1356.12)",0.0
Amount_shipped,"(680, 4560, 604, 4556, 10.77)",0.0
Amount_shipped,"(680, 4560, 545, 4715, 11.01)",0.0
Amount_shipped,"(680, 4560, 598, 4885, 11.15)",0.0
Amount_shipped,"(680, 4560, 622, 4729, 11.5)",0.0
Amount_shipped,"(680, 4560, 136, 4692, 11.61)",0.0
Amount_shipped,"(680, 4560, 494, 4926, 11.95)",0.0
Amount_shipped,"(680, 4560, 627, 4796, 12.52)",0.0
Amount_shipped,"(680, 4560, 604, 4624, 12.57)",0.0
Amount_shipped,"(680, 4560, 497, 4720, 12.7)",0.0
Amount_shipped,"(680, 4560, 503, 4807, 16.06)",0.0
Amount_shipped,"(680, 4560, 612, 4678, 16.32)",0.0
Amount_shipped,"(680, 4560, 345, 4695, 23.25)",0.0
Amount_shipped,"(680, 4560, 696, 4535, 23.59)",0.0
Amount_shipped,"(680, 4560, 250, 4682, 28.56)",0.0
Amount_shipped,"(680, 4560, 572, 4680, 30.45)",0.0
Amount_shipped,"(680, 4560, 371, 4764, 52.72)",0.0
Amount_shipped,"(680, 4560, 312, 4747, 62.13)",0.0
Amount_shipped,"(680, 4560, 417, 4874, 76.13)",0.0
Amount_shipped,"(680, 4560, 350, 4738, 111.96)",0.0
Amount_shipped,"(680, 4560, 327, 4722, 125.89)",0.0
Amount_shipped,"(680, 4560, 555, 4937, 127.49)",0.0
Amount_shipped,"(680, 4560, 239, 4765, 151.68)",0.0
Amount_shipped,"(680, 4560, 558, 4583, 208.94)",0.0
Amount_shipped,"(680, 4560, 592, 4773, 272.69)",0.0
Amount_shipped,"(680, 4560, 303, 4682, 594.76)",0.0
Amount_shipped,"(680, 4560, 519, 4618, 758.82)",0.0
Amount_shipped,"(680, 4560, 190, 4740, 907.18)",0.0
Amount_shipped,"(680, 4560, 604, 4955, 907.45)",0.0
Amount_shipped,"(680, 4560, 334, 4799, 1285.48)",0.0
Amount_shipped,"(680, 4560, 402, 4762, 1356.12)",0.0
Amount_shipped,"(680, 4580, 604, 4556, 10.77)",0.0
Amount_shipped,"(680, 4580, 545, 4715, 11.01)",0.0
Amount_shipped,"(680, 4580, 598, 4885, 11.15)",0.0
Amount_shipped,"(680, 4580, 622, 4729, 11.5)",0.0
Amount_shipped,"(680, 4580, 136, 4692, 11.61)",0.0
Amount_shipped,"(680, 4580, 494, 4926, 11.95)",0.0
Amount_shipped,"(680, 4580, 627, 4796, 12.52)",0.0
Amount_shipped,"(680, 4580, 604, 4624, 12.57)",0.0
Amount_shipped,"(680, 4580, 497, 4720, 12.7)",0.0
Amount_shipped,"(680, 4580, 503, 4807, 16.06)",0.0
Amount_shipped,"(680, 4580, 612, 4678, 16.32)",0.0
Amount_shipped,"(680, 4580, 345, 4695, 23.25)",0.0
Amount_shipped,"(680, 4580, 696, 4535, 23.59)",0.0
Amount_shipped,"(680, 4580, 250, 4682, 28.56)",0.0
Amount_shipped,"(680, 4580, 572, 4680, 30.45)",0.0
Amount_shipped,"(680, 4580, 371, 4764, 52.72)",0.0
Amount_shipped,"(680, 4580, 312, 4747, 62.13)",0.0
Amount_shipped,"(680, 4580, 417, 4874, 76.13)",0.0
Amount_shipped,"(680, 4580, 350, 4738, 111.96)",0.0
Amount_shipped,"(680, 4580, 327, 4722, 125.89)",0.0
Amount_shipped,"(680, 4580, 555, 4937, 127.49)",0.0
Amount_shipped,"(680, 4580, 239, 4765, 151.68)",0.0
Amount_shipped,"(680, 4580, 558, 4583, 208.94)",0.0
Amount_shipped,"(680, 4580, 592, 4773, 272.69)",0.0
Amount_shipped,"(680, 4580, 303, 4682, 594.76)",0.0
Amount_shipped,"(680, 4580, 519, 4618, 758.82)",0.0
Amount_shipped,"(680, 4580, 190, 4740, 907.18)",0.0
Amount_shipped,"(680, 4580, 604, 4955, 907.45)",0.0
Amount_shipped,"(680, 4580, 334, 4799, 1285.48)",0.0
Amount_shipped,"(680, 4580, 402, 4762, 1356.12)",0.0
Amount_shipped,"(680, 4600, 604, 4556, 10.77)",0.0
Amount_shipped,"(680, 4600, 545, 4715, 11.01)",0.0
Amount_shipped,"(680, 4600, 598, 4885, 11.15)",0.0
Amount_shipped,"(680, 4600, 622, 4729, 11.5)",0.0
Amount_shipped,"(680, 4600, 136, 4692, 11.61)",0.0
Amount_shipped,"(680, 4600, 494, 4926, 11.95)",0.0
Amount_shipped,"(680, 4600, 627, 4796, 12.52)",0.0
Amount_shipped,"(680, 4600, 604, 4624, 12.57)",0.0
Amount_shipped,"(680, 4600, 497, 4720, 12.7)",0.0
Amount_shipped,"(680, 4600, 503, 4807, 16.06)",0.0
Amount_shipped,"(680, 4600, 612, 4678, 16.32)",0.0
Amount_shipped,"(680, 4600, 345, 4695, 23.25)",0.0
Amount_shipped,"(680, 4600, 696, 4535, 23.59)",0.0
Amount_shipped,"(680, 4600, 250, 4682, 28.56)",0.0
Amount_shipped,"(680, 4600, 572, 4680, 30.45)",0.0
Amount_shipped,"(680, 4600, 371, 4764, 52.72)",0.0
Amount_shipped,"(680, 4600, 312, 4747, 62.13)",0.0
Amount_shipped,"(680, 4600, 417, 4874, 76.13)",0.0
Amount_shipped,"(680, 4600, 350, 4738, 111.96)",0.0
Amount_shipped,"(680, 4600, 327, 4722, 125.89)",0.0
Amount_shipped,"(680, 4600, 555, 4937, 127.49)",0.0
Amount_shipped,"(680, 4600, 239, 4765, 151.68)",0.0
Amount_shipped,"(680, 4600, 558, 4583, 208.94)",0.0
Amount_shipped,"(680, 4600, 592, 4773, 272.69)",0.0
Amount_shipped,"(680, 4600, 303, 4682, 594.76)",0.0
Amount_shipped,"(680, 4600, 519, 4618, 758.82)",0.0
Amount_shipped,"(680, 4600, 190, 4740, 907.18)",0.0
Amount_shipped,"(680, 4600, 604, 4955, 907.45)",0.0
Amount_shipped,"(680, 4600, 334, 4799, 1285.48)",0.0
Amount_shipped,"(680, 4600, 402, 4762, 1356.12)",0.0
Amount_shipped,"(680, 4620, 604, 4556, 10.77)",0.0
Amount_shipped,"(680, 4620, 545, 4715, 11.01)",0.0
Amount_shipped,"(680, 4620, 598, 4885, 11.15)",0.0
Amount_shipped,"(680, 4620, 622, 4729, 11.5)",0.0
Amount_shipped,"(680, 4620, 136, 4692, 11.61)",0.0
Amount_shipped,"(680, 4620, 494, 4926, 11.95)",0.0
Amount_shipped,"(680, 4620, 627, 4796, 12.52)",0.0
Amount_shipped,"(680, 4620, 604, 4624, 12.57)",0.0
Amount_shipped,"(680, 4620, 497, 4720, 12.7)",0.0
Amount_shipped,"(680, 4620, 503, 4807, 16.06)",0.0
Amount_shipped,"(680, 4620, 612, 4678, 16.32)",0.0
Amount_shipped,"(680, 4620, 345, 4695, 23.25)",0.0
Amount_shipped,"(680, 4620, 696, 4535, 23.59)",0.0
Amount_shipped,"(680, 4620, 250, 4682, 28.56)",0.0
Amount_shipped,"(680, 4620, 572, 4680, 30.45)",0.0
Amount_shipped,"(680, 4620, 371, 4764, 52.72)",0.0
Amount_shipped,"(680, 4620, 312, 4747, 62.13)",0.0
Amount_shipped,"(680, 4620, 417, 4874, 76.13)",0.0
Amount_shipped,"(680, 4620, 350, 4738, 111.96)",0.0
Amount_shipped,"(680, 4620, 327, 4722, 125.89)",0.0
Amount_shipped,"(680, 4620, 555, 4937, 127.49)",0.0
Amount_shipped,"(680, 4620, 239, 4765, 151.68)",0.0
Amount_shipped,"(680, 4620, 558, 4583, 208.94)",0.0
Amount_shipped,"(680, 4620, 592, 4773, 272.69)",0.0
Amount_shipped,"(680, 4620, 303, 4682, 594.76)",0.0
Amount_shipped,"(680, 4620, 519, 4618, 758.82)",0.0
Amount_shipped,"(680, 4620, 190, 4740, 907.18)",0.0
Amount_shipped,"(680, 4620, 604, 4955, 907.45)",0.0
Amount_shipped,"(680, 4620, 334, 4799, 1285.48)",0.0
Amount_shipped,"(680, 4620, 402, 4762, 1356.12)",0.0
Amount_shipped,"(680, 4640, 604, 4556, 10.77)",0.0
Amount_shipped,"(680, 4640, 545, 4715, 11.01)",0.0
Amount_shipped,"(680, 4640, 598, 4885, 11.15)",0.0
Amount_shipped,"(680, 4640, 622, 4729, 11.5)",0.0
Amount_shipped,"(680, 4640, 136, 4692, 11.61)",0.0
Amount_shipped,"(680, 4640, 494, 4926, 11.95)",0.0
Amount_shipped,"(680, 4640, 627, 4796, 12.52)",0.0
Amount_shipped,"(680, 4640, 604, 4624, 12.57)",0.0
Amount_shipped,"(680, 4640, 497, 4720, 12.7)",0.0
Amount_shipped,"(680, 4640, 503, 4807, 16.06)",0.0
Amount_shipped,"(680, 4640, 612, 4678, 16.32)",0.0
Amount_shipped,"(680, 4640, 345, 4695, 23.25)",0.0
Amount_shipped,"(680, 4640, 696, 4535, 23.59)",0.0
Amount_shipped,"(680, 4640, 250, 4682, 28.56)",0.0
Amount_shipped,"(680, 4640, 572, 4680, 30.45)",0.0
Amount_shipped,"(680, 4640, 371, 4764, 52.72)",0.0
Amount_shipped,"(680, 4640, 312, 4747, 62.13)",0.0
Amount_shipped,"(680, 4640, 417, 4874, 76.13)",0.0
Amount_shipped,"(680, 4640, 350, 4738, 111.96)",0.0
Amount_shipped,"(680, 4640, 327, 4722, 125.89)",0.0
Amount_shipped,"(680, 4640, 555, 4937, 127.49)",0.0
Amount_shipped,"(680, 4640, 239, 4765, 151.68)",0.0
Amount_shipped,"(680, 4640, 558, 4583, 208.94)",0.0
Amount_shipped,"(680, 4640, 592, 4773, 272.69)",0.0
Amount_shipped,"(680, 4640, 303, 4682, 594.76)",0.0
Amount_shipped,"(680, 4640, 519, 4618, 758.82)",0.0
Amount_shipped,"(680, 4640, 190, 4740, 907.18)",0.0
Amount_shipped,"(680, 4640, 604, 4955, 907.45)",0.0
Amount_shipped,"(680, 4640, 334, 4799, 1285.48)",0.0
Amount_shipped,"(680, 4640, 402, 4762, 1356.12)",0.0
Amount_shipped,"(680, 4660, 604, 4556, 10.77)",0.0
Amount_shipped,"(680, 4660, 545, 4715, 11.01)",0.0
Amount_shipped,"(680, 4660, 598, 4885, 11.15)",0.0
Amount_shipped,"(680, 4660, 622, 4729, 11.5)",0.0
Amount_shipped,"(680, 4660, 136, 4692, 11.61)",0.0
Amount_shipped,"(680, 4660, 494, 4926, 11.95)",0.0
Amount_shipped,"(680, 4660, 627, 4796, 12.52)",0.0
Amount_shipped,"(680, 4660, 604, 4624, 12.57)",0.0
Amount_shipped,"(680, 4660, 497, 4720, 12.7)",0.0
Amount_shipped,"(680, 4660, 503, 4807, 16.06)",0.0
Amount_shipped,"(680, 4660, 612, 4678, 16.32)",0.0
Amount_shipped,"(680, 4660, 345, 4695, 23.25)",0.0
Amount_shipped,"(680, 4660, 696, 4535, 23.59)",0.0
Amount_shipped,"(680, 4660, 250, 4682, 28.56)",0.0
Amount_shipped,"(680, 4660, 572, 4680, 30.45)",0.0
Amount_shipped,"(680, 4660, 371, 4764, 52.72)",0.0
Amount_shipped,"(680, 4660, 312, 4747, 62.13)",0.0
Amount_shipped,"(680, 4660, 417, 4874, 76.13)",0.0
Amount_shipped,"(680, 4660, 350, 4738, 111.96)",0.0
Amount_shipped,"(680, 4660, 327, 4722, 125.89)",0.0
Amount_shipped,"(680, 4660, 555, 4937, 127.49)",0.0
Amount_shipped,"(680, 4660, 239, 4765, 151.68)",0.0
Amount_shipped,"(680, 4660, 558, 4583, 208.94)",0.0
Amount_shipped,"(680, 4660, 592, 4773, 272.69)",0.0
Amount_shipped,"(680, 4660, 303, 4682, 594.76)",0.0
Amount_shipped,"(680, 4660, 519, 4618, 758.82)",0.0
Amount_shipped,"(680, 4660, 190, 4740, 907.18)",0.0
Amount_shipped,"(680, 4660, 604, 4955, 907.45)",0.0
Amount_shipped,"(680, 4660, 334, 4799, 1285.48)",0.0
Amount_shipped,"(680, 4660, 402, 4762, 1356.12)",0.0
Amount_shipped,"(680, 4680, 604, 4556, 10.77)",0.0
Amount_shipped,"(680, 4680, 545, 4715, 11.01)",0.0
Amount_shipped,"(680, 4680, 598, 4885, 11.15)",0.0
Amount_shipped,"(680, 4680, 622, 4729, 11.5)",0.0
Amount_shipped,"(680, 4680, 136, 4692, 11.61)",0.0
Amount_shipped,"(680, 4680, 494, 4926, 11.95)",0.0
Amount_shipped,"(680, 4680, 627, 4796, 12.52)",0.0
Amount_shipped,"(680, 4680, 604, 4624, 12.57)",0.0
Amount_shipped,"(680, 4680, 497, 4720, 12.7)",0.0
Amount_shipped,"(680, 4680, 503, 4807, 16.06)",0.0
Amount_shipped,"(680, 4680, 612, 4678, 16.32)",0.0
Amount_shipped,"(680, 4680, 345, 4695, 23.25)",0.0
Amount_shipped,"(680, 4680, 696, 4535, 23.59)",0.0
Amount_shipped,"(680, 4680, 250, 4682, 28.56)",0.0
Amount_shipped,"(680, 4680, 572, 4680, 30.45)",0.0
Amount_shipped,"(680, 4680, 371, 4764, 52.72)",0.0
Amount_shipped,"(680, 4680, 312, 4747, 62.13)",0.0
Amount_shipped,"(680, 4680, 417, 4874, 76.13)",0.0
Amount_shipped,"(680, 4680, 350, 4738, 111.96)",0.0
Amount_shipped,"(680, 4680, 327, 4722, 125.89)",0.0
Amount_shipped,"(680, 4680, 555, 4937, 127.49)",0.0
Amount_shipped,"(680, 4680, 239, 4765, 151.68)",0.0
Amount_shipped,"(680, 4680, 558, 4583, 208.94)",0.0
Amount_shipped,"(680, 4680, 592, 4773, 272.69)",0.0
Amount_shipped,"(680, 4680, 303, 4682, 594.76)",0.0
Amount_shipped,"(680, 4680, 519, 4618, 758.82)",0.0
Amount_shipped,"(680, 4680, 190, 4740, 907.18)",0.0
Amount_shipped,"(680, 4680, 604, 4955, 907.45)",0.0
Amount_shipped,"(680, 4680, 334, 4799, 1285.48)",0.0
Amount_shipped,"(680, 4680, 402, 4762, 1356.12)",0.0
Amount_shipped,"(680, 4700, 604, 4556, 10.77)",0.0
Amount_shipped,"(680, 4700, 545, 4715, 11.01)",0.0
Amount_shipped,"(680, 4700, 598, 4885, 11.15)",0.0
Amount_shipped,"(680, 4700, 622, 4729, 11.5)",0.0
Amount_shipped,"(680, 4700, 136, 4692, 11.61)",0.0
Amount_shipped,"(680, 4700, 494, 4926, 11.95)",0.0
Amount_shipped,"(680, 4700, 627, 4796, 12.52)",0.0
Amount_shipped,"(680, 4700, 604, 4624, 12.57)",0.0
Amount_shipped,"(680, 4700, 497, 4720, 12.7)",0.0
Amount_shipped,"(680, 4700, 503, 4807, 16.06)",0.0
Amount_shipped,"(680, 4700, 612, 4678, 16.32)",0.0
Amount_shipped,"(680, 4700, 345, 4695, 23.25)",0.0
Amount_shipped,"(680, 4700, 696, 4535, 23.59)",0.0
Amount_shipped,"(680, 4700, 250, 4682, 28.56)",0.0
Amount_shipped,"(680, 4700, 572, 4680, 30.45)",0.0
Amount_shipped,"(680, 4700, 371, 4764, 52.72)",0.0
Amount_shipped,"(680, 4700, 312, 4747, 62.13)",0.0
Amount_shipped,"(680, 4700, 417, 4874, 76.13)",0.0
Amount_shipped,"(680, 4700, 350, 4738, 111.96)",0.0
Amount_shipped,"(680, 4700, 327, 4722, 125.89)",0.0
Amount_shipped,"(680, 4700, 555, 4937, 127.49)",0.0
Amount_shipped,"(680, 4700, 239, 4765, 151.68)",0.0
Amount_shipped,"(680, 4700, 558, 4583, 208.94)",0.0
Amount_shipped,"(680, 4700, 592, 4773, 272.69)",0.0
Amount_shipped,"(680, 4700, 303, 4682, 594.76)",0.0
Amount_shipped,"(680, 4700, 519, 4618, 758.82)",0.0
Amount_shipped,"(680, 4700, 190, 4740, 907.18)",0.0
Amount_shipped,"(680, 4700, 604, 4955, 907.45)",0.0
Amount_shipped,"(680, 4700, 334, 4799, 1285.48)",0.0
Amount_shipped,"(680, 4700, 402, 4762, 1356.12)",0.0
Amount_shipped,"(680, 4720, 604, 4556, 10.77)",0.0
Amount_shipped,"(680, 4720, 545, 4715, 11.01)",0.0
Amount_shipped,"(680, 4720, 598, 4885, 11.15)",0.0
Amount_shipped,"(680, 4720, 622, 4729, 11.5)",0.0
Amount_shipped,"(680, 4720, 136, 4692, 11.61)",0.0
Amount_shipped,"(680, 4720, 494, 4926, 11.95)",0.0
Amount_shipped,"(680, 4720, 627, 4796, 12.52)",0.0
Amount_shipped,"(680, 4720, 604, 4624, 12.57)",0.0
Amount_shipped,"(680, 4720, 497, 4720, 12.7)",0.0
Amount_shipped,"(680, 4720, 503, 4807, 16.06)",0.0
Amount_shipped,"(680, 4720, 612, 4678, 16.32)",0.0
Amount_shipped,"(680, 4720, 345, 4695, 23.25)",0.0
Amount_shipped,"(680, 4720, 696, 4535, 23.59)",0.0
Amount_shipped,"(680, 4720, 250, 4682, 28.56)",0.0
Amount_shipped,"(680, 4720, 572, 4680, 30.45)",0.0
Amount_shipped,"(680, 4720, 371, 4764, 52.72)",0.0
Amount_shipped,"(680, 4720, 312, 4747, 62.13)",0.0
Amount_shipped,"(680, 4720, 417, 4874, 76.13)",0.0
Amount_shipped,"(680, 4720, 350, 4738, 111.96)",0.0
Amount_shipped,"(680, 4720, 327, 4722, 125.89)",0.0
Amount_shipped,"(680, 4720, 555, 4937, 127.49)",0.0
Amount_shipped,"(680, 4720, 239, 4765, 151.68)",0.0
Amount_shipped,"(680, 4720, 558, 4583, 208.94)",0.0
Amount_shipped,"(680, 4720, 592, 4773, 272.69)",0.0
Amount_shipped,"(680, 4720, 303, 4682, 594.76)",0.0
Amount_shipped,"(680, 4720, 519, 4618, 758.82)",0.0
Amount_shipped,"(680, 4720, 190, 4740, 907.18)",0.0
Amount_shipped,"(680, 4720, 604, 4955, 907.45)",0.0
Amount_shipped,"(680, 4720, 334, 4799, 1285.48)",0.0
Amount_shipped,"(680, 4720, 402, 4762, 1356.12)",0.0
Amount_shipped,"(680, 4740, 604, 4556, 10.77)",0.0
Amount_shipped,"(680, 4740, 545, 4715, 11.01)",0.0
Amount_shipped,"(680, 4740, 598, 4885, 11.15)",0.0
Amount_shipped,"(680, 4740, 622, 4729, 11.5)",0.0
Amount_shipped,"(680, 4740, 136, 4692, 11.61)",0.0
Amount_shipped,"(680, 4740, 494, 4926, 11.95)",0.0
Amount_shipped,"(680, 4740, 627, 4796, 12.52)",0.0
Amount_shipped,"(680, 4740, 604, 4624, 12.57)",0.0
Amount_shipped,"(680, 4740, 497, 4720, 12.7)",0.0
Amount_shipped,"(680, 4740, 503, 4807, 16.06)",0.0
Amount_shipped,"(680, 4740, 612, 4678, 16.32)",0.0
Amount_shipped,"(680, 4740, 345, 4695, 23.25)",0.0
Amount_shipped,"(680, 4740, 696, 4535, 23.59)",0.0
Amount_shipped,"(680, 4740, 250, 4682, 28.56)",0.0
Amount_shipped,"(680, 4740, 572, 4680, 30.45)",0.0
Amount_shipped,"(680, 4740, 371, 4764, 52.72)",0.0
Amount_shipped,"(680, 4740, 312, 4747, 62.13)",0.0
Amount_shipped,"(680, 4740, 417, 4874, 76.13)",0.0
Amount_shipped,"(680, 4740, 350, 4738, 111.96)",0.0
Amount_shipped,"(680, 4740, 327, 4722, 125.89)",0.0
Amount_shipped,"(680, 4740, 555, 4937, 127.49)",0.0
Amount_shipped,"(680, 4740, 239, 4765, 151.68)",0.0
Amount_shipped,"(680, 4740, 558, 4583, 208.94)",0.0
Amount_shipped,"(680, 4740, 592, 4773, 272.69)",0.0
Amount_shipped,"(680, 4740, 303, 4682, 594.76)",0.0
Amount_shipped,"(680, 4740, 519, 4618, 758.82)",0.0
Amount_shipped,"(680, 4740, 190, 4740, 907.18)",0.0
Amount_shipped,"(680, 4740, 604, 4955, 907.45)",0.0
Amount_shipped,"(680, 4740, 334, 4799, 1285.48)",0.0
Amount_shipped,"(680, 4740, 402, 4762, 1356.12)",0.0
Amount_shipped,"(680, 4760, 604, 4556, 10.77)",0.0
Amount_shipped,"(680, 4760, 545, 4715, 11.01)",0.0
Amount_shipped,"(680, 4760, 598, 4885, 11.15)",0.0
Amount_shipped,"(680, 4760, 622, 4729, 11.5)",0.0
Amount_shipped,"(680, 4760, 136, 4692, 11.61)",0.0
Amount_shipped,"(680, 4760, 494, 4926, 11.95)",0.0
Amount_shipped,"(680, 4760, 627, 4796, 12.52)",0.0
Amount_shipped,"(680, 4760, 604, 4624, 12.57)",0.0
Amount_shipped,"(680, 4760, 497, 4720, 12.7)",0.0
Amount_shipped,"(680, 4760, 503, 4807, 16.06)",0.0
Amount_shipped,"(680, 4760, 612, 4678, 16.32)",0.0
Amount_shipped,"(680, 4760, 345, 4695, 23.25)",0.0
Amount_shipped,"(680, 4760, 696, 4535, 23.59)",0.0
Amount_shipped,"(680, 4760, 250, 4682, 28.56)",0.0
Amount_shipped,"(680, 4760, 572, 4680, 30.45)",0.0
Amount_shipped,"(680, 4760, 371, 4764, 52.72)",0.0
Amount_shipped,"(680, 4760, 312, 4747, 62.13)",0.0
Amount_shipped,"(680, 4760, 417, 4874, 76.13)",0.0
Amount_shipped,"(680, 4760, 350, 4738, 111.96)",0.0
Amount_shipped,"(680, 4760, 327, 4722, 125.89)",0.0
Amount_shipped,"(680, 4760, 555, 4937, 127.49)",0.0
Amount_shipped,"(680, 4760, 239, 4765, 151.68)",0.0
Amount_shipped,"(680, 4760, 558, 4583, 208.94)",0.0
Amount_shipped,"(680, 4760, 592, 4773, 272.69)",0.0
Amount_shipped,"(680, 4760, 303, 4682, 594.76)",0.0
Amount_shipped,"(680, 4760, 519, 4618, 758.82)",0.0
Amount_shipped,"(680, 4760, 190, 4740, 907.18)",0.0
Amount_shipped,"(680, 4760, 604, 4955, 907.45)",0.0
Amount_shipped,"(680, 4760, 334, 4799, 1285.48)",0.0
Amount_shipped,"(680, 4760, 402, 4762, 1356.12)",0.0
Amount_shipped,"(680, 4780, 604, 4556, 10.77)",0.0
Amount_shipped,"(680, 4780, 545, 4715, 11.01)",0.0
Amount_shipped,"(680, 4780, 598, 4885, 11.15)",0.0
Amount_shipped,"(680, 4780, 622, 4729, 11.5)",0.0
Amount_shipped,"(680, 4780, 136, 4692, 11.61)",0.0
Amount_shipped,"(680, 4780, 494, 4926, 11.95)",0.0
Amount_shipped,"(680, 4780, 627, 4796, 12.52)",0.0
Amount_shipped,"(680, 4780, 604, 4624, 12.57)",0.0
Amount_shipped,"(680, 4780, 497, 4720, 12.7)",0.0
Amount_shipped,"(680, 4780, 503, 4807, 16.06)",0.0
Amount_shipped,"(680, 4780, 612, 4678, 16.32)",0.0
Amount_shipped,"(680, 4780, 345, 4695, 23.25)",0.0
Amount_shipped,"(680, 4780, 696, 4535, 23.59)",0.0
Amount_shipped,"(680, 4780, 250, 4682, 28.56)",0.0
Amount_shipped,"(680, 4780, 572, 4680, 30.45)",0.0
Amount_shipped,"(680, 4780, 371, 4764, 52.72)",0.0
Amount_shipped,"(680, 4780, 312, 4747, 62.13)",0.0
Amount_shipped,"(680, 4780, 417, 4874, 76.13)",0.0
Amount_shipped,"(680, 4780, 350, 4738, 111.96)",0.0
Amount_shipped,"(680, 4780, 327, 4722, 125.89)",0.0
Amount_shipped,"(680, 4780, 555, 4937, 127.49)",0.0
Amount_shipped,"(680, 4780, 239, 4765, 151.68)",0.0
Amount_shipped,"(680, 4780, 558, 4583, 208.94)",0.0
Amount_shipped,"(680, 4780, 592, 4773, 272.69)",0.0
Amount_shipped,"(680, 4780, 303, 4682, 594.76)",0.0
Amount_shipped,"(680, 4780, 519, 4618, 758.82)",0.0
Amount_shipped,"(680, 4780, 190, 4740, 907.18)",0.0
Amount_shipped,"(680, 4780, 604, 4955, 907.45)",0.0
Amount_shipped,"(680, 4780, 334, 4799, 1285.48)",0.0
Amount_shipped,"(680, 4780, 402, 4762, 1356.12)",0.0
Amount_shipped,"(680, 4800, 604, 4556, 10.77)",0.0
Amount_shipped,"(680, 4800, 545, 4715, 11.01)",0.0
Amount_shipped,"(680, 4800, 598, 4885, 11.15)",0.0
Amount_shipped,"(680, 4800, 622, 4729, 11.5)",0.0
Amount_shipped,"(680, 4800, 136, 4692, 11.61)",0.0
Amount_shipped,"(680, 4800, 494, 4926, 11.95)",0.0
Amount_shipped,"(680, 4800, 627, 4796, 12.52)",0.0
Amount_shipped,"(680, 4800, 604, 4624, 12.57)",0.0
Amount_shipped,"(680, 4800, 497, 4720, 12.7)",0.0
Amount_shipped,"(680, 4800, 503, 4807, 16.06)",0.0
Amount_shipped,"(680, 4800, 612, 4678, 16.32)",0.0
Amount_shipped,"(680, 4800, 345, 4695, 23.25)",0.0
Amount_shipped,"(680, 4800, 696, 4535, 23.59)",0.0
Amount_shipped,"(680, 4800, 250, 4682, 28.56)",0.0
Amount_shipped,"(680, 4800, 572, 4680, 30.45)",0.0
Amount_shipped,"(680, 4800, 371, 4764, 52.72)",0.0
Amount_shipped,"(680, 4800, 312, 4747, 62.13)",0.0
Amount_shipped,"(680, 4800, 417, 4874, 76.13)",0.0
Amount_shipped,"(680, 4800, 350, 4738, 111.96)",0.0
Amount_shipped,"(680, 4800, 327, 4722, 125.89)",0.0
Amount_shipped,"(680, 4800, 555, 4937, 127.49)",0.0
Amount_shipped,"(680, 4800, 239, 4765, 151.68)",0.0
Amount_shipped,"(680, 4800, 558, 4583, 208.94)",0.0
Amount_shipped,"(680, 4800, 592, 4773, 272.69)",0.0
Amount_shipped,"(680, 4800, 303, 4682, 594.76)",0.0
Amount_shipped,"(680, 4800, 519, 4618, 758.82)",0.0
Amount_shipped,"(680, 4800, 190, 4740, 907.18)",0.0
Amount_shipped,"(680, 4800, 604, 4955, 907.45)",0.0
Amount_shipped,"(680, 4800, 334, 4799, 1285.48)",0.0
Amount_shipped,"(680, 4800, 402, 4762, 1356.12)",0.0
Amount_shipped,"(680, 4820, 604, 4556, 10.77)",0.0
Amount_shipped,"(680, 4820, 545, 4715, 11.01)",0.0
Amount_shipped,"(680, 4820, 598, 4885, 11.15)",0.0
Amount_shipped,"(680, 4820, 622, 4729, 11.5)",0.0
Amount_shipped,"(680, 4820, 136, 4692, 11.61)",0.0
Amount_shipped,"(680, 4820, 494, 4926, 11.95)",0.0
Amount_shipped,"(680, 4820, 627, 4796, 12.52)",0.0
Amount_shipped,"(680, 4820, 604, 4624, 12.57)",0.0
Amount_shipped,"(680, 4820, 497, 4720, 12.7)",0.0
Amount_shipped,"(680, 4820, 503, 4807, 16.06)",0.0
Amount_shipped,"(680, 4820, 612, 4678, 16.32)",0.0
Amount_shipped,"(680, 4820, 345, 4695, 23.25)",0.0
Amount_shipped,"(680, 4820, 696, 4535, 23.59)",0.0
Amount_shipped,"(680, 4820, 250, 4682, 28.56)",0.0
Amount_shipped,"(680, 4820, 572, 4680, 30.45)",0.0
Amount_shipped,"(680, 4820, 371, 4764, 52.72)",0.0
Amount_shipped,"(680, 4820, 312, 4747, 62.13)",0.0
Amount_shipped,"(680, 4820, 417, 4874, 76.13)",0.0
Amount_shipped,"(680, 4820, 350, 4738, 111.96)",0.0
Amount_shipped,"(680, 4820, 327, 4722, 125.89)",0.0
Amount_shipped,"(680, 4820, 555, 4937, 127.49)",0.0
Amount_shipped,"(680, 4820, 239, 4765, 151.68)",0.0
Amount_shipped,"(680, 4820, 558, 4583, 208.94)",0.0
Amount_shipped,"(680, 4820, 592, 4773, 272.69)",0.0
Amount_shipped,"(680, 4820, 303, 4682, 594.76)",0.0
Amount_shipped,"(680, 4820, 519, 4618, 758.82)",0.0
Amount_shipped,"(680, 4820, 190, 4740, 907.18)",0.0
Amount_shipped,"(680, 4820, 604, 4955, 907.45)",0.0
Amount_shipped,"(680, 4820, 334, 4799, 1285.48)",0.0
Amount_shipped,"(680, 4820, 402, 4762, 1356.12)",0.0
Amount_shipped,"(680, 4840, 604, 4556, 10.77)",0.0
Amount_shipped,"(680, 4840, 545, 4715, 11.01)",0.0
Amount_shipped,"(680, 4840, 598, 4885, 11.15)",0.0
Amount_shipped,"(680, 4840, 622, 4729, 11.5)",0.0
Amount_shipped,"(680, 4840, 136, 4692, 11.61)",0.0
Amount_shipped,"(680, 4840, 494, 4926, 11.95)",0.0
Amount_shipped,"(680, 4840, 627, 4796, 12.52)",0.0
Amount_shipped,"(680, 4840, 604, 4624, 12.57)",0.0
Amount_shipped,"(680, 4840, 497, 4720, 12.7)",0.0
Amount_shipped,"(680, 4840, 503, 4807, 16.06)",0.0
Amount_shipped,"(680, 4840, 612, 4678, 16.32)",0.0
Amount_shipped,"(680, 4840, 345, 4695, 23.25)",0.0
Amount_shipped,"(680, 4840, 696, 4535, 23.59)",0.0
Amount_shipped,"(680, 4840, 250, 4682, 28.56)",0.0
Amount_shipped,"(680, 4840, 572, 4680, 30.45)",0.0
Amount_shipped,"(680, 4840, 371, 4764, 52.72)",0.0
Amount_shipped,"(680, 4840, 312, 4747, 62.13)",0.0
Amount_shipped,"(680, 4840, 417, 4874, 76.13)",0.0
Amount_shipped,"(680, 4840, 350, 4738, 111.96)",0.0
Amount_shipped,"(680, 4840, 327, 4722, 125.89)",0.0
Amount_shipped,"(680, 4840, 555, 4937, 127.49)",0.0
Amount_shipped,"(680, 4840, 239, 4765, 151.68)",0.0
Amount_shipped,"(680, 4840, 558, 4583, 208.94)",0.0
Amount_shipped,"(680, 4840, 592, 4773, 272.69)",0.0
Amount_shipped,"(680, 4840, 303, 4682, 594.76)",0.0
Amount_shipped,"(680, 4840, 519, 4618, 758.82)",0.0
Amount_shipped,"(680, 4840, 190, 4740, 907.18)",0.0
Amount_shipped,"(680, 4840, 604, 4955, 907.45)",0.0
Amount_shipped,"(680, 4840, 334, 4799, 1285.48)",0.0
Amount_shipped,"(680, 4840, 402, 4762, 1356.12)",0.0
Amount_shipped,"(680, 4860, 604, 4556, 10.77)",0.0
Amount_shipped,"(680, 4860, 545, 4715, 11.01)",0.0
Amount_shipped,"(680, 4860, 598, 4885, 11.15)",0.0
Amount_shipped,"(680, 4860, 622, 4729, 11.5)",0.0
Amount_shipped,"(680, 4860, 136, 4692, 11.61)",0.0
Amount_shipped,"(680, 4860, 494, 4926, 11.95)",0.0
Amount_shipped,"(680, 4860, 627, 4796, 12.52)",0.0
Amount_shipped,"(680, 4860, 604, 4624, 12.57)",0.0
Amount_shipped,"(680, 4860, 497, 4720, 12.7)",0.0
Amount_shipped,"(680, 4860, 503, 4807, 16.06)",0.0
Amount_shipped,"(680, 4860, 612, 4678, 16.32)",0.0
Amount_shipped,"(680, 4860, 345, 4695, 23.25)",0.0
Amount_shipped,"(680, 4860, 696, 4535, 23.59)",0.0
Amount_shipped,"(680, 4860, 250, 4682, 28.56)",0.0
Amount_shipped,"(680, 4860, 572, 4680, 30.45)",0.0
Amount_shipped,"(680, 4860, 371, 4764, 52.72)",0.0
Amount_shipped,"(680, 4860, 312, 4747, 62.13)",0.0
Amount_shipped,"(680, 4860, 417, 4874, 76.13)",0.0
Amount_shipped,"(680, 4860, 350, 4738, 111.96)",0.0
Amount_shipped,"(680, 4860, 327, 4722, 125.89)",0.0
Amount_shipped,"(680, 4860, 555, 4937, 127.49)",0.0
Amount_shipped,"(680, 4860, 239, 4765, 151.68)",0.0
Amount_shipped,"(680, 4860, 558, 4583, 208.94)",0.0
Amount_shipped,"(680, 4860, 592, 4773, 272.69)",0.0
Amount_shipped,"(680, 4860, 303, 4682, 594.76)",0.0
Amount_shipped,"(680, 4860, 519, 4618, 758.82)",0.0
Amount_shipped,"(680, 4860, 190, 4740, 907.18)",0.0
Amount_shipped,"(680, 4860, 604, 4955, 907.45)",0.0
Amount_shipped,"(680, 4860, 334, 4799, 1285.48)",0.0
Amount_shipped,"(680, 4860, 402, 4762, 1356.12)",0.0
Amount_shipped,"(680, 4880, 604, 4556, 10.77)",0.0
Amount_shipped,"(680, 4880, 545, 4715, 11.01)",0.0
Amount_shipped,"(680, 4880, 598, 4885, 11.15)",0.0
Amount_shipped,"(680, 4880, 622, 4729, 11.5)",0.0
Amount_shipped,"(680, 4880, 136, 4692, 11.61)",0.0
Amount_shipped,"(680, 4880, 494, 4926, 11.95)",0.0
Amount_shipped,"(680, 4880, 627, 4796, 12.52)",0.0
Amount_shipped,"(680, 4880, 604, 4624, 12.57)",0.0
Amount_shipped,"(680, 4880, 497, 4720, 12.7)",0.0
Amount_shipped,"(680, 4880, 503, 4807, 16.06)",0.0
Amount_shipped,"(680, 4880, 612, 4678, 16.32)",0.0
Amount_shipped,"(680, 4880, 345, 4695, 23.25)",0.0
Amount_shipped,"(680, 4880, 696, 4535, 23.59)",0.0
Amount_shipped,"(680, 4880, 250, 4682, 28.56)",0.0
Amount_shipped,"(680, 4880, 572, 4680, 30.45)",0.0
Amount_shipped,"(680, 4880, 371, 4764, 52.72)",0.0
Amount_shipped,"(680, 4880, 312, 4747, 62.13)",0.0
Amount_shipped,"(680, 4880, 417, 4874, 76.13)",0.0
Amount_shipped,"(680, 4880, 350, 4738, 111.96)",0.0
Amount_shipped,"(680, 4880, 327, 4722, 125.89)",0.0
Amount_shipped,"(680, 4880, 555, 4937, 127.49)",0.0
Amount_shipped,"(680, 4880, 239, 4765, 151.68)",0.0
Amount_shipped,"(680, 4880, 558, 4583, 208.94)",0.0
Amount_shipped,"(680, 4880, 592, 4773, 272.69)",0.0
Amount_shipped,"(680, 4880, 303, 4682, 594.76)",0.0
Amount_shipped,"(680, 4880, 519, 4618, 758.82)",0.0
Amount_shipped,"(680, 4880, 190, 4740, 907.18)",0.0
Amount_shipped,"(680, 4880, 604, 4955, 907.45)",0.0
Amount_shipped,"(680, 4880, 334, 4799, 1285.48)",0.0
Amount_shipped,"(680, 4880, 402, 4762, 1356.12)",0.0
Amount_shipped,"(680, 4900, 604, 4556, 10.77)",0.0
Amount_shipped,"(680, 4900, 545, 4715, 11.01)",0.0
Amount_shipped,"(680, 4900, 598, 4885, 11.15)",0.0
Amount_shipped,"(680, 4900, 622, 4729, 11.5)",0.0
Amount_shipped,"(680, 4900, 136, 4692, 11.61)",0.0
Amount_shipped,"(680, 4900, 494, 4926, 11.95)",0.0
Amount_shipped,"(680, 4900, 627, 4796, 12.52)",0.0
Amount_shipped,"(680, 4900, 604, 4624, 12.57)",0.0
Amount_shipped,"(680, 4900, 497, 4720, 12.7)",0.0
Amount_shipped,"(680, 4900, 503, 4807, 16.06)",0.0
Amount_shipped,"(680, 4900, 612, 4678, 16.32)",0.0
Amount_shipped,"(680, 4900, 345, 4695, 23.25)",0.0
Amount_shipped,"(680, 4900, 696, 4535, 23.59)",0.0
Amount_shipped,"(680, 4900, 250, 4682, 28.56)",0.0
Amount_shipped,"(680, 4900, 572, 4680, 30.45)",0.0
Amount_shipped,"(680, 4900, 371, 4764, 52.72)",0.0
Amount_shipped,"(680, 4900, 312, 4747, 62.13)",0.0
Amount_shipped,"(680, 4900, 417, 4874, 76.13)",0.0
Amount_shipped,"(680, 4900, 350, 4738, 111.96)",0.0
Amount_shipped,"(680, 4900, 327, 4722, 125.89)",0.0
Amount_shipped,"(680, 4900, 555, 4937, 127.49)",0.0
Amount_shipped,"(680, 4900, 239, 4765, 151.68)",0.0
Amount_shipped,"(680, 4900, 558, 4583, 208.94)",0.0
Amount_shipped,"(680, 4900, 592, 4773, 272.69)",0.0
Amount_shipped,"(680, 4900, 303, 4682, 594.76)",0.0
Amount_shipped,"(680, 4900, 519, 4618, 758.82)",0.0
Amount_shipped,"(680, 4900, 190, 4740, 907.18)",0.0
Amount_shipped,"(680, 4900, 604, 4955, 907.45)",0.0
Amount_shipped,"(680, 4900, 334, 4799, 1285.48)",0.0
Amount_shipped,"(680, 4900, 402, 4762, 1356.12)",0.0
Amount_shipped,"(680, 4920, 604, 4556, 10.77)",0.0
Amount_shipped,"(680, 4920, 545, 4715, 11.01)",0.0
Amount_shipped,"(680, 4920, 598, 4885, 11.15)",0.0
Amount_shipped,"(680, 4920, 622, 4729, 11.5)",0.0
Amount_shipped,"(680, 4920, 136, 4692, 11.61)",0.0
Amount_shipped,"(680, 4920, 494, 4926, 11.95)",0.0
Amount_shipped,"(680, 4920, 627, 4796, 12.52)",0.0
Amount_shipped,"(680, 4920, 604, 4624, 12.57)",0.0
Amount_shipped,"(680, 4920, 497, 4720, 12.7)",0.0
Amount_shipped,"(680, 4920, 503, 4807, 16.06)",0.0
Amount_shipped,"(680, 4920, 612, 4678, 16.32)",0.0
Amount_shipped,"(680, 4920, 345, 4695, 23.25)",0.0
Amount_shipped,"(680, 4920, 696, 4535, 23.59)",0.0
Amount_shipped,"(680, 4920, 250, 4682, 28.56)",0.0
Amount_shipped,"(680, 4920, 572, 4680, 30.45)",0.0
Amount_shipped,"(680, 4920, 371, 4764, 52.72)",0.0
Amount_shipped,"(680, 4920, 312, 4747, 62.13)",0.0
Amount_shipped,"(680, 4920, 417, 4874, 76.13)",0.0
Amount_shipped,"(680, 4920, 350, 4738, 111.96)",0.0
Amount_shipped,"(680, 4920, 327, 4722, 125.89)",0.0
Amount_shipped,"(680, 4920, 555, 4937, 127.49)",0.0
Amount_shipped,"(680, 4920, 239, 4765, 151.68)",0.0
Amount_shipped,"(680, 4920, 558, 4583, 208.94)",0.0
Amount_shipped,"(680, 4920, 592, 4773, 272.69)",0.0
Amount_shipped,"(680, 4920, 303, 4682, 594.76)",0.0
Amount_shipped,"(680, 4920, 519, 4618, 758.82)",0.0
Amount_shipped,"(680, 4920, 190, 4740, 907.18)",0.0
Amount_shipped,"(680, 4920, 604, 4955, 907.45)",0.0
Amount_shipped,"(680, 4920, 334, 4799, 1285.48)",0.0
Amount_shipped,"(680, 4920, 402, 4762, 1356.12)",0.0
Amount_shipped,"(680, 4940, 604, 4556, 10.77)",0.0
Amount_shipped,"(680, 4940, 545, 4715, 11.01)",0.0
Amount_shipped,"(680, 4940, 598, 4885, 11.15)",0.0
Amount_shipped,"(680, 4940, 622, 4729, 11.5)",0.0
Amount_shipped,"(680, 4940, 136, 4692, 11.61)",0.0
Amount_shipped,"(680, 4940, 494, 4926, 11.95)",0.0
Amount_shipped,"(680, 4940, 627, 4796, 12.52)",0.0
Amount_shipped,"(680, 4940, 604, 4624, 12.57)",0.0
Amount_shipped,"(680, 4940, 497, 4720, 12.7)",0.0
Amount_shipped,"(680, 4940, 503, 4807, 16.06)",0.0
Amount_shipped,"(680, 4940, 612, 4678, 16.32)",0.0
Amount_shipped,"(680, 4940, 345, 4695, 23.25)",0.0
Amount_shipped,"(680, 4940, 696, 4535, 23.59)",0.0
Amount_shipped,"(680, 4940, 250, 4682, 28.56)",0.0
Amount_shipped,"(680, 4940, 572, 4680, 30.45)",0.0
Amount_shipped,"(680, 4940, 371, 4764, 52.72)",0.0
Amount_shipped,"(680, 4940, 312, 4747, 62.13)",0.0
Amount_shipped,"(680, 4940, 417, 4874, 76.13)",0.0
Amount_shipped,"(680, 4940, 350, 4738, 111.96)",0.0
Amount_shipped,"(680, 4940, 327, 4722, 125.89)",0.0
Amount_shipped,"(680, 4940, 555, 4937, 127.49)",0.0
Amount_shipped,"(680, 4940, 239, 4765, 151.68)",0.0
Amount_shipped,"(680, 4940, 558, 4583, 208.94)",0.0
Amount_shipped,"(680, 4940, 592, 4773, 272.69)",0.0
Amount_shipped,"(680, 4940, 303, 4682, 594.76)",0.0
Amount_shipped,"(680, 4940, 519, 4618, 758.82)",0.0
Amount_shipped,"(680, 4940, 190, 4740, 907.18)",0.0
Amount_shipped,"(680, 4940, 604, 4955, 907.45)",0.0
Amount_shipped,"(680, 4940, 334, 4799, 1285.48)",0.0
Amount_shipped,"(680, 4940, 402, 4762, 1356.12)",0.0
Amount_shipped,"(680, 4960, 604, 4556, 10.77)",0.0
Amount_shipped,"(680, 4960, 545, 4715, 11.01)",0.0
Amount_shipped,"(680, 4960, 598, 4885, 11.15)",0.0
Amount_shipped,"(680, 4960, 622, 4729, 11.5)",0.0
Amount_shipped,"(680, 4960, 136, 4692, 11.61)",0.0
Amount_shipped,"(680, 4960, 494, 4926, 11.95)",0.0
Amount_shipped,"(680, 4960, 627, 4796, 12.52)",0.0
Amount_shipped,"(680, 4960, 604, 4624, 12.57)",0.0
Amount_shipped,"(680, 4960, 497, 4720, 12.7)",0.0
Amount_shipped,"(680, 4960, 503, 4807, 16.06)",0.0
Amount_shipped,"(680, 4960, 612, 4678, 16.32)",0.0
Amount_shipped,"(680, 4960, 345, 4695, 23.25)",0.0
Amount_shipped,"(680, 4960, 696, 4535, 23.59)",0.0
Amount_shipped,"(680, 4960, 250, 4682, 28.56)",0.0
Amount_shipped,"(680, 4960, 572, 4680, 30.45)",0.0
Amount_shipped,"(680, 4960, 371, 4764, 52.72)",0.0
Amount_shipped,"(680, 4960, 312, 4747, 62.13)",0.0
Amount_shipped,"(680, 4960, 417, 4874, 76.13)",0.0
Amount_shipped,"(680, 4960, 350, 4738, 111.96)",0.0
Amount_shipped,"(680, 4960, 327, 4722, 125.89)",0.0
Amount_shipped,"(680, 4960, 555, 4937, 127.49)",0.0
Amount_shipped,"(680, 4960, 239, 4765, 151.68)",0.0
Amount_shipped,"(680, 4960, 558, 4583, 208.94)",0.0
Amount_shipped,"(680, 4960, 592, 4773, 272.69)",0.0
Amount_shipped,"(680, 4960, 303, 4682, 594.76)",0.0
Amount_shipped,"(680, 4960, 519, 4618, 758.82)",0.0
Amount_shipped,"(680, 4960, 190, 4740, 907.18)",0.0
Amount_shipped,"(680, 4960, 604, 4955, 907.45)",0.0
Amount_shipped,"(680, 4960, 334, 4799, 1285.48)",0.0
Amount_shipped,"(680, 4960, 402, 4762, 1356.12)",0.0
Amount_shipped,"(680, 4980, 604, 4556, 10.77)",0.0
Amount_shipped,"(680, 4980, 545, 4715, 11.01)",0.0
Amount_shipped,"(680, 4980, 598, 4885, 11.15)",0.0
Amount_shipped,"(680, 4980, 622, 4729, 11.5)",0.0
Amount_shipped,"(680, 4980, 136, 4692, 11.61)",0.0
Amount_shipped,"(680, 4980, 494, 4926, 11.95)",0.0
Amount_shipped,"(680, 4980, 627, 4796, 12.52)",0.0
Amount_shipped,"(680, 4980, 604, 4624, 12.57)",0.0
Amount_shipped,"(680, 4980, 497, 4720, 12.7)",0.0
Amount_shipped,"(680, 4980, 503, 4807, 16.06)",0.0
Amount_shipped,"(680, 4980, 612, 4678, 16.32)",0.0
Amount_shipped,"(680, 4980, 345, 4695, 23.25)",0.0
Amount_shipped,"(680, 4980, 696, 4535, 23.59)",0.0
Amount_shipped,"(680, 4980, 250, 4682, 28.56)",0.0
Amount_shipped,"(680, 4980, 572, 4680, 30.45)",0.0
Amount_shipped,"(680, 4980, 371, 4764, 52.72)",0.0
Amount_shipped,"(680, 4980, 312, 4747, 62.13)",0.0
Amount_shipped,"(680, 4980, 417, 4874, 76.13)",0.0
Amount_shipped,"(680, 4980, 350, 4738, 111.96)",0.0
Amount_shipped,"(680, 4980, 327, 4722, 125.89)",0.0
Amount_shipped,"(680, 4980, 555, 4937, 127.49)",0.0
Amount_shipped,"(680, 4980, 239, 4765, 151.68)",0.0
Amount_shipped,"(680, 4980, 558, 4583, 208.94)",0.0
Amount_shipped,"(680, 4980, 592, 4773, 272.69)",0.0
Amount_shipped,"(680, 4980, 303, 4682, 594.76)",0.0
Amount_shipped,"(680, 4980, 519, 4618, 758.82)",0.0
Amount_shipped,"(680, 4980, 190, 4740, 907.18)",0.0
Amount_shipped,"(680, 4980, 604, 4955, 907.45)",0.0
Amount_shipped,"(680, 4980, 334, 4799, 1285.48)",0.0
Amount_shipped,"(680, 4980, 402, 4762, 1356.12)",0.0
Variable,NPV
NPV,,25514710.708633702
