Variable,opex_costs
opex_costs,"(0, 0, 'Pyrolysis', 'heat')",0.0
opex_costs,"(0, 0, 'Pyrolysis', 'electricity')",0.0
opex_costs,"(0, 0, 'Pyrolysis', 'disposal')",374.28359999999765
opex_costs,"(0, 0, 'Pyrolysis', 'transportation')",9248.601999999999
opex_costs,"(0, 0, 'Pyrolysis', 'water')",0.0
opex_costs,"(0, 0, 'Pyrolysis', 'labor')",10232.11833044732
opex_costs,"(0, 0, 'Pyrolysis', 'diesel')",672.00789645
opex_costs,"(0, 0, 'Pyrolysis', 'TPC')",65595.27211326794
opex_costs,"(0, 0, 'AD', 'heat')",0.0
opex_costs,"(0, 0, 'AD', 'electricity')",0.0
opex_costs,"(0, 0, 'AD', 'disposal')",0.0
opex_costs,"(0, 0, 'AD', 'transportation')",0.0
opex_costs,"(0, 0, 'AD', 'water')",0.0
opex_costs,"(0, 0, 'AD', 'labor')",0.0
opex_costs,"(0, 0, 'AD', 'diesel')",0.0
opex_costs,"(0, 0, 'AD', 'TPC')",0.0
opex_costs,"(0, 0, 'HTL', 'heat')",0.0
opex_costs,"(0, 0, 'HTL', 'electricity')",0.0
opex_costs,"(0, 0, 'HTL', 'disposal')",0.0
opex_costs,"(0, 0, 'HTL', 'transportation')",0.0
opex_costs,"(0, 0, 'HTL', 'water')",0.0
opex_costs,"(0, 0, 'HTL', 'labor')",0.0
opex_costs,"(0, 0, 'HTL', 'diesel')",0.0
opex_costs,"(0, 0, 'HTL', 'TPC')",0.0
opex_costs,"(0, 0, 'HTC', 'heat')",0.0
opex_costs,"(0, 0, 'HTC', 'electricity')",0.0
opex_costs,"(0, 0, 'HTC', 'disposal')",0.0
opex_costs,"(0, 0, 'HTC', 'transportation')",0.0
opex_costs,"(0, 0, 'HTC', 'water')",0.0
opex_costs,"(0, 0, 'HTC', 'labor')",0.0
opex_costs,"(0, 0, 'HTC', 'diesel')",0.0
opex_costs,"(0, 0, 'HTC', 'TPC')",0.0
opex_costs,"(0, 0, 'CHP', 'heat')",0.0
opex_costs,"(0, 0, 'CHP', 'electricity')",0.0
opex_costs,"(0, 0, 'CHP', 'disposal')",0.0
opex_costs,"(0, 0, 'CHP', 'transportation')",0.0
opex_costs,"(0, 0, 'CHP', 'water')",0.0
opex_costs,"(0, 0, 'CHP', 'labor')",0.0
opex_costs,"(0, 0, 'CHP', 'diesel')",0.0
opex_costs,"(0, 0, 'CHP', 'TPC')",947.5885906698185
opex_costs,"(0, 0, 'Feedstock', 'heat')",0.0
opex_costs,"(0, 0, 'Feedstock', 'electricity')",0.0
opex_costs,"(0, 0, 'Feedstock', 'disposal')",0.0
opex_costs,"(0, 0, 'Feedstock', 'transportation')",0.0
opex_costs,"(0, 0, 'Feedstock', 'water')",0.0
opex_costs,"(0, 0, 'Feedstock', 'labor')",0.0
opex_costs,"(0, 0, 'Feedstock', 'diesel')",0.0
opex_costs,"(0, 0, 'Feedstock', 'TPC')",0.0
opex_costs,"(0, 1, 'Pyrolysis', 'heat')",0.0
opex_costs,"(0, 1, 'Pyrolysis', 'electricity')",0.0
opex_costs,"(0, 1, 'Pyrolysis', 'disposal')",279.1344333373669
opex_costs,"(0, 1, 'Pyrolysis', 'transportation')",9196.60306917662
opex_costs,"(0, 1, 'Pyrolysis', 'water')",0.0
opex_costs,"(0, 1, 'Pyrolysis', 'labor')",10174.589720908107
opex_costs,"(0, 1, 'Pyrolysis', 'diesel')",668.2296289756001
opex_costs,"(0, 1, 'Pyrolysis', 'TPC')",65226.47215658706
opex_costs,"(0, 1, 'AD', 'heat')",0.0
opex_costs,"(0, 1, 'AD', 'electricity')",0.0
opex_costs,"(0, 1, 'AD', 'disposal')",0.0
opex_costs,"(0, 1, 'AD', 'transportation')",0.0
opex_costs,"(0, 1, 'AD', 'water')",0.0
opex_costs,"(0, 1, 'AD', 'labor')",0.0
opex_costs,"(0, 1, 'AD', 'diesel')",0.0
opex_costs,"(0, 1, 'AD', 'TPC')",0.0
opex_costs,"(0, 1, 'HTL', 'heat')",0.0
opex_costs,"(0, 1, 'HTL', 'electricity')",0.0
opex_costs,"(0, 1, 'HTL', 'disposal')",0.0
opex_costs,"(0, 1, 'HTL', 'transportation')",0.0
opex_costs,"(0, 1, 'HTL', 'water')",0.0
opex_costs,"(0, 1, 'HTL', 'labor')",0.0
opex_costs,"(0, 1, 'HTL', 'diesel')",0.0
opex_costs,"(0, 1, 'HTL', 'TPC')",0.0
opex_costs,"(0, 1, 'HTC', 'heat')",0.0
opex_costs,"(0, 1, 'HTC', 'electricity')",0.0
opex_costs,"(0, 1, 'HTC', 'disposal')",0.0
opex_costs,"(0, 1, 'HTC', 'transportation')",0.0
opex_costs,"(0, 1, 'HTC', 'water')",0.0
opex_costs,"(0, 1, 'HTC', 'labor')",0.0
opex_costs,"(0, 1, 'HTC', 'diesel')",0.0
opex_costs,"(0, 1, 'HTC', 'TPC')",0.0
opex_costs,"(0, 1, 'CHP', 'heat')",0.0
opex_costs,"(0, 1, 'CHP', 'electricity')",0.0
opex_costs,"(0, 1, 'CHP', 'disposal')",0.0
opex_costs,"(0, 1, 'CHP', 'transportation')",0.0
opex_costs,"(0, 1, 'CHP', 'water')",0.0
opex_costs,"(0, 1, 'CHP', 'labor')",0.0
opex_costs,"(0, 1, 'CHP', 'diesel')",0.0
opex_costs,"(0, 1, 'CHP', 'TPC')",942.2609104890445
opex_costs,"(0, 1, 'Feedstock', 'heat')",0.0
opex_costs,"(0, 1, 'Feedstock', 'electricity')",0.0
opex_costs,"(0, 1, 'Feedstock', 'disposal')",0.0
opex_costs,"(0, 1, 'Feedstock', 'transportation')",0.0
opex_costs,"(0, 1, 'Feedstock', 'water')",0.0
opex_costs,"(0, 1, 'Feedstock', 'labor')",0.0
opex_costs,"(0, 1, 'Feedstock', 'diesel')",0.0
opex_costs,"(0, 1, 'Feedstock', 'TPC')",0.0
opex_costs,"(0, 2, 'Pyrolysis', 'heat')",0.0
opex_costs,"(0, 2, 'Pyrolysis', 'electricity')",0.0
opex_costs,"(0, 2, 'Pyrolysis', 'disposal')",277.5650402393395
opex_costs,"(0, 2, 'Pyrolysis', 'transportation')",9144.896494842007
opex_costs,"(0, 2, 'Pyrolysis', 'water')",0.0
opex_costs,"(0, 2, 'Pyrolysis', 'labor')",10117.3845576787
opex_costs,"(0, 2, 'Pyrolysis', 'diesel')",664.4726042651372
opex_costs,"(0, 2, 'Pyrolysis', 'TPC')",64859.74572447076
opex_costs,"(0, 2, 'AD', 'heat')",0.0
opex_costs,"(0, 2, 'AD', 'electricity')",0.0
opex_costs,"(0, 2, 'AD', 'disposal')",0.0
opex_costs,"(0, 2, 'AD', 'transportation')",0.0
opex_costs,"(0, 2, 'AD', 'water')",0.0
opex_costs,"(0, 2, 'AD', 'labor')",0.0
opex_costs,"(0, 2, 'AD', 'diesel')",0.0
opex_costs,"(0, 2, 'AD', 'TPC')",0.0
opex_costs,"(0, 2, 'HTL', 'heat')",0.0
opex_costs,"(0, 2, 'HTL', 'electricity')",0.0
opex_costs,"(0, 2, 'HTL', 'disposal')",0.0
opex_costs,"(0, 2, 'HTL', 'transportation')",0.0
opex_costs,"(0, 2, 'HTL', 'water')",0.0
opex_costs,"(0, 2, 'HTL', 'labor')",0.0
opex_costs,"(0, 2, 'HTL', 'diesel')",0.0
opex_costs,"(0, 2, 'HTL', 'TPC')",0.0
opex_costs,"(0, 2, 'HTC', 'heat')",0.0
opex_costs,"(0, 2, 'HTC', 'electricity')",0.0
opex_costs,"(0, 2, 'HTC', 'disposal')",0.0
opex_costs,"(0, 2, 'HTC', 'transportation')",0.0
opex_costs,"(0, 2, 'HTC', 'water')",0.0
opex_costs,"(0, 2, 'HTC', 'labor')",0.0
opex_costs,"(0, 2, 'HTC', 'diesel')",0.0
opex_costs,"(0, 2, 'HTC', 'TPC')",0.0
opex_costs,"(0, 2, 'CHP', 'heat')",0.0
opex_costs,"(0, 2, 'CHP', 'electricity')",0.0
opex_costs,"(0, 2, 'CHP', 'disposal')",0.0
opex_costs,"(0, 2, 'CHP', 'transportation')",0.0
opex_costs,"(0, 2, 'CHP', 'water')",0.0
opex_costs,"(0, 2, 'CHP', 'labor')",0.0
opex_costs,"(0, 2, 'CHP', 'diesel')",0.0
opex_costs,"(0, 2, 'CHP', 'TPC')",936.9631844216782
opex_costs,"(0, 2, 'Feedstock', 'heat')",0.0
opex_costs,"(0, 2, 'Feedstock', 'electricity')",0.0
opex_costs,"(0, 2, 'Feedstock', 'disposal')",0.0
opex_costs,"(0, 2, 'Feedstock', 'transportation')",0.0
opex_costs,"(0, 2, 'Feedstock', 'water')",0.0
opex_costs,"(0, 2, 'Feedstock', 'labor')",0.0
opex_costs,"(0, 2, 'Feedstock', 'diesel')",0.0
opex_costs,"(0, 2, 'Feedstock', 'TPC')",0.0
opex_costs,"(0, 3, 'Pyrolysis', 'heat')",0.0
opex_costs,"(0, 3, 'Pyrolysis', 'electricity')",0.0
opex_costs,"(0, 3, 'Pyrolysis', 'disposal')",276.0044708336721
opex_costs,"(0, 3, 'Pyrolysis', 'transportation')",9093.480633263978
opex_costs,"(0, 3, 'Pyrolysis', 'water')",0.0
opex_costs,"(0, 3, 'Pyrolysis', 'labor')",10060.501022228878
opex_costs,"(0, 3, 'Pyrolysis', 'diesel')",660.7367028842348
opex_costs,"(0, 3, 'Pyrolysis', 'TPC')",64495.08115882625
opex_costs,"(0, 3, 'AD', 'heat')",0.0
opex_costs,"(0, 3, 'AD', 'electricity')",0.0
opex_costs,"(0, 3, 'AD', 'disposal')",0.0
opex_costs,"(0, 3, 'AD', 'transportation')",0.0
opex_costs,"(0, 3, 'AD', 'water')",0.0
opex_costs,"(0, 3, 'AD', 'labor')",0.0
opex_costs,"(0, 3, 'AD', 'diesel')",0.0
opex_costs,"(0, 3, 'AD', 'TPC')",0.0
opex_costs,"(0, 3, 'HTL', 'heat')",0.0
opex_costs,"(0, 3, 'HTL', 'electricity')",0.0
opex_costs,"(0, 3, 'HTL', 'disposal')",0.0
opex_costs,"(0, 3, 'HTL', 'transportation')",0.0
opex_costs,"(0, 3, 'HTL', 'water')",0.0
opex_costs,"(0, 3, 'HTL', 'labor')",0.0
opex_costs,"(0, 3, 'HTL', 'diesel')",0.0
opex_costs,"(0, 3, 'HTL', 'TPC')",0.0
opex_costs,"(0, 3, 'HTC', 'heat')",0.0
opex_costs,"(0, 3, 'HTC', 'electricity')",0.0
opex_costs,"(0, 3, 'HTC', 'disposal')",0.0
opex_costs,"(0, 3, 'HTC', 'transportation')",0.0
opex_costs,"(0, 3, 'HTC', 'water')",0.0
opex_costs,"(0, 3, 'HTC', 'labor')",0.0
opex_costs,"(0, 3, 'HTC', 'diesel')",0.0
opex_costs,"(0, 3, 'HTC', 'TPC')",0.0
opex_costs,"(0, 3, 'CHP', 'heat')",0.0
opex_costs,"(0, 3, 'CHP', 'electricity')",0.0
opex_costs,"(0, 3, 'CHP', 'disposal')",0.0
opex_costs,"(0, 3, 'CHP', 'transportation')",0.0
opex_costs,"(0, 3, 'CHP', 'water')",0.0
opex_costs,"(0, 3, 'CHP', 'labor')",0.0
opex_costs,"(0, 3, 'CHP', 'diesel')",0.0
opex_costs,"(0, 3, 'CHP', 'TPC')",931.6952440550368
opex_costs,"(0, 3, 'Feedstock', 'heat')",0.0
opex_costs,"(0, 3, 'Feedstock', 'electricity')",0.0
opex_costs,"(0, 3, 'Feedstock', 'disposal')",0.0
opex_costs,"(0, 3, 'Feedstock', 'transportation')",0.0
opex_costs,"(0, 3, 'Feedstock', 'water')",0.0
opex_costs,"(0, 3, 'Feedstock', 'labor')",0.0
opex_costs,"(0, 3, 'Feedstock', 'diesel')",0.0
opex_costs,"(0, 3, 'Feedstock', 'TPC')",0.0
opex_costs,"(0, 4, 'Pyrolysis', 'heat')",0.0
opex_costs,"(0, 4, 'Pyrolysis', 'electricity')",0.0
opex_costs,"(0, 4, 'Pyrolysis', 'disposal')",274.4526755044078
opex_costs,"(0, 4, 'Pyrolysis', 'transportation')",9042.353849951987
opex_costs,"(0, 4, 'Pyrolysis', 'water')",0.0
opex_costs,"(0, 4, 'Pyrolysis', 'labor')",10003.93730625284
opex_costs,"(0, 4, 'Pyrolysis', 'diesel')",657.0218060700195
opex_costs,"(0, 4, 'Pyrolysis', 'TPC')",64132.46686710668
opex_costs,"(0, 4, 'AD', 'heat')",0.0
opex_costs,"(0, 4, 'AD', 'electricity')",0.0
opex_costs,"(0, 4, 'AD', 'disposal')",0.0
opex_costs,"(0, 4, 'AD', 'transportation')",0.0
opex_costs,"(0, 4, 'AD', 'water')",0.0
opex_costs,"(0, 4, 'AD', 'labor')",0.0
opex_costs,"(0, 4, 'AD', 'diesel')",0.0
opex_costs,"(0, 4, 'AD', 'TPC')",0.0
opex_costs,"(0, 4, 'HTL', 'heat')",0.0
opex_costs,"(0, 4, 'HTL', 'electricity')",0.0
opex_costs,"(0, 4, 'HTL', 'disposal')",0.0
opex_costs,"(0, 4, 'HTL', 'transportation')",0.0
opex_costs,"(0, 4, 'HTL', 'water')",0.0
opex_costs,"(0, 4, 'HTL', 'labor')",0.0
opex_costs,"(0, 4, 'HTL', 'diesel')",0.0
opex_costs,"(0, 4, 'HTL', 'TPC')",0.0
opex_costs,"(0, 4, 'HTC', 'heat')",0.0
opex_costs,"(0, 4, 'HTC', 'electricity')",0.0
opex_costs,"(0, 4, 'HTC', 'disposal')",0.0
opex_costs,"(0, 4, 'HTC', 'transportation')",0.0
opex_costs,"(0, 4, 'HTC', 'water')",0.0
opex_costs,"(0, 4, 'HTC', 'labor')",0.0
opex_costs,"(0, 4, 'HTC', 'diesel')",0.0
opex_costs,"(0, 4, 'HTC', 'TPC')",0.0
opex_costs,"(0, 4, 'CHP', 'heat')",0.0
opex_costs,"(0, 4, 'CHP', 'electricity')",0.0
opex_costs,"(0, 4, 'CHP', 'disposal')",0.0
opex_costs,"(0, 4, 'CHP', 'transportation')",0.0
opex_costs,"(0, 4, 'CHP', 'water')",0.0
opex_costs,"(0, 4, 'CHP', 'labor')",0.0
opex_costs,"(0, 4, 'CHP', 'diesel')",0.0
opex_costs,"(0, 4, 'CHP', 'TPC')",926.4569219233146
opex_costs,"(0, 4, 'Feedstock', 'heat')",0.0
opex_costs,"(0, 4, 'Feedstock', 'electricity')",0.0
opex_costs,"(0, 4, 'Feedstock', 'disposal')",0.0
opex_costs,"(0, 4, 'Feedstock', 'transportation')",0.0
opex_costs,"(0, 4, 'Feedstock', 'water')",0.0
opex_costs,"(0, 4, 'Feedstock', 'labor')",0.0
opex_costs,"(0, 4, 'Feedstock', 'diesel')",0.0
opex_costs,"(0, 4, 'Feedstock', 'TPC')",0.0
opex_costs,"(0, 5, 'Pyrolysis', 'heat')",0.0
opex_costs,"(0, 5, 'Pyrolysis', 'electricity')",0.0
opex_costs,"(0, 5, 'Pyrolysis', 'disposal')",272.9096049205676
opex_costs,"(0, 5, 'Pyrolysis', 'transportation')",30571.1493663769
opex_costs,"(0, 5, 'Pyrolysis', 'water')",0.0
opex_costs,"(0, 5, 'Pyrolysis', 'labor')",9947.691611611714
opex_costs,"(0, 5, 'Pyrolysis', 'diesel')",2221.314505452575
opex_costs,"(0, 5, 'Pyrolysis', 'TPC')",63771.89132194261
opex_costs,"(0, 5, 'AD', 'heat')",0.0
opex_costs,"(0, 5, 'AD', 'electricity')",0.0
opex_costs,"(0, 5, 'AD', 'disposal')",0.0
opex_costs,"(0, 5, 'AD', 'transportation')",0.0
opex_costs,"(0, 5, 'AD', 'water')",0.0
opex_costs,"(0, 5, 'AD', 'labor')",0.0
opex_costs,"(0, 5, 'AD', 'diesel')",0.0
opex_costs,"(0, 5, 'AD', 'TPC')",0.0
opex_costs,"(0, 5, 'HTL', 'heat')",0.0
opex_costs,"(0, 5, 'HTL', 'electricity')",0.0
opex_costs,"(0, 5, 'HTL', 'disposal')",0.0
opex_costs,"(0, 5, 'HTL', 'transportation')",0.0
opex_costs,"(0, 5, 'HTL', 'water')",0.0
opex_costs,"(0, 5, 'HTL', 'labor')",0.0
opex_costs,"(0, 5, 'HTL', 'diesel')",0.0
opex_costs,"(0, 5, 'HTL', 'TPC')",0.0
opex_costs,"(0, 5, 'HTC', 'heat')",0.0
opex_costs,"(0, 5, 'HTC', 'electricity')",0.0
opex_costs,"(0, 5, 'HTC', 'disposal')",0.0
opex_costs,"(0, 5, 'HTC', 'transportation')",0.0
opex_costs,"(0, 5, 'HTC', 'water')",0.0
opex_costs,"(0, 5, 'HTC', 'labor')",0.0
opex_costs,"(0, 5, 'HTC', 'diesel')",0.0
opex_costs,"(0, 5, 'HTC', 'TPC')",0.0
opex_costs,"(0, 5, 'CHP', 'heat')",0.0
opex_costs,"(0, 5, 'CHP', 'electricity')",0.0
opex_costs,"(0, 5, 'CHP', 'disposal')",0.0
opex_costs,"(0, 5, 'CHP', 'transportation')",0.0
opex_costs,"(0, 5, 'CHP', 'water')",0.0
opex_costs,"(0, 5, 'CHP', 'labor')",0.0
opex_costs,"(0, 5, 'CHP', 'diesel')",0.0
opex_costs,"(0, 5, 'CHP', 'TPC')",921.248051502257
opex_costs,"(0, 5, 'Feedstock', 'heat')",0.0
opex_costs,"(0, 5, 'Feedstock', 'electricity')",0.0
opex_costs,"(0, 5, 'Feedstock', 'disposal')",0.0
opex_costs,"(0, 5, 'Feedstock', 'transportation')",0.0
opex_costs,"(0, 5, 'Feedstock', 'water')",0.0
opex_costs,"(0, 5, 'Feedstock', 'labor')",0.0
opex_costs,"(0, 5, 'Feedstock', 'diesel')",0.0
opex_costs,"(0, 5, 'Feedstock', 'TPC')",0.0
opex_costs,"(0, 6, 'Pyrolysis', 'heat')",0.0
opex_costs,"(0, 6, 'Pyrolysis', 'electricity')",0.0
opex_costs,"(0, 6, 'Pyrolysis', 'disposal')",361.8336133713714
opex_costs,"(0, 6, 'Pyrolysis', 'transportation')",8940.961026060702
opex_costs,"(0, 6, 'Pyrolysis', 'water')",0.0
opex_costs,"(0, 6, 'Pyrolysis', 'labor')",9891.76215027642
opex_costs,"(0, 6, 'Pyrolysis', 'diesel')",649.6545544250348
opex_costs,"(0, 6, 'Pyrolysis', 'TPC')",63413.34306077558
opex_costs,"(0, 6, 'AD', 'heat')",0.0
opex_costs,"(0, 6, 'AD', 'electricity')",0.0
opex_costs,"(0, 6, 'AD', 'disposal')",0.0
opex_costs,"(0, 6, 'AD', 'transportation')",0.0
opex_costs,"(0, 6, 'AD', 'water')",0.0
opex_costs,"(0, 6, 'AD', 'labor')",0.0
opex_costs,"(0, 6, 'AD', 'diesel')",0.0
opex_costs,"(0, 6, 'AD', 'TPC')",0.0
opex_costs,"(0, 6, 'HTL', 'heat')",0.0
opex_costs,"(0, 6, 'HTL', 'electricity')",0.0
opex_costs,"(0, 6, 'HTL', 'disposal')",0.0
opex_costs,"(0, 6, 'HTL', 'transportation')",0.0
opex_costs,"(0, 6, 'HTL', 'water')",0.0
opex_costs,"(0, 6, 'HTL', 'labor')",0.0
opex_costs,"(0, 6, 'HTL', 'diesel')",0.0
opex_costs,"(0, 6, 'HTL', 'TPC')",0.0
opex_costs,"(0, 6, 'HTC', 'heat')",0.0
opex_costs,"(0, 6, 'HTC', 'electricity')",0.0
opex_costs,"(0, 6, 'HTC', 'disposal')",0.0
opex_costs,"(0, 6, 'HTC', 'transportation')",0.0
opex_costs,"(0, 6, 'HTC', 'water')",0.0
opex_costs,"(0, 6, 'HTC', 'labor')",0.0
opex_costs,"(0, 6, 'HTC', 'diesel')",0.0
opex_costs,"(0, 6, 'HTC', 'TPC')",0.0
opex_costs,"(0, 6, 'CHP', 'heat')",0.0
opex_costs,"(0, 6, 'CHP', 'electricity')",0.0
opex_costs,"(0, 6, 'CHP', 'disposal')",0.0
opex_costs,"(0, 6, 'CHP', 'transportation')",0.0
opex_costs,"(0, 6, 'CHP', 'water')",0.0
opex_costs,"(0, 6, 'CHP', 'labor')",0.0
opex_costs,"(0, 6, 'CHP', 'diesel')",0.0
opex_costs,"(0, 6, 'CHP', 'TPC')",916.0684672038687
opex_costs,"(0, 6, 'Feedstock', 'heat')",0.0
opex_costs,"(0, 6, 'Feedstock', 'electricity')",0.0
opex_costs,"(0, 6, 'Feedstock', 'disposal')",0.0
opex_costs,"(0, 6, 'Feedstock', 'transportation')",0.0
opex_costs,"(0, 6, 'Feedstock', 'water')",0.0
opex_costs,"(0, 6, 'Feedstock', 'labor')",0.0
opex_costs,"(0, 6, 'Feedstock', 'diesel')",0.0
opex_costs,"(0, 6, 'Feedstock', 'TPC')",0.0
opex_costs,"(0, 7, 'Pyrolysis', 'heat')",0.0
opex_costs,"(0, 7, 'Pyrolysis', 'electricity')",0.0
opex_costs,"(0, 7, 'Pyrolysis', 'disposal')",359.799256061437
opex_costs,"(0, 7, 'Pyrolysis', 'transportation')",8890.691762242377
opex_costs,"(0, 7, 'Pyrolysis', 'water')",0.0
opex_costs,"(0, 7, 'Pyrolysis', 'labor')",9836.1471442708
opex_costs,"(0, 7, 'Pyrolysis', 'diesel')",646.001965392158
opex_costs,"(0, 7, 'Pyrolysis', 'TPC')",63056.810685493714
opex_costs,"(0, 7, 'AD', 'heat')",0.0
opex_costs,"(0, 7, 'AD', 'electricity')",0.0
opex_costs,"(0, 7, 'AD', 'disposal')",0.0
opex_costs,"(0, 7, 'AD', 'transportation')",0.0
opex_costs,"(0, 7, 'AD', 'water')",0.0
opex_costs,"(0, 7, 'AD', 'labor')",0.0
opex_costs,"(0, 7, 'AD', 'diesel')",0.0
opex_costs,"(0, 7, 'AD', 'TPC')",0.0
opex_costs,"(0, 7, 'HTL', 'heat')",0.0
opex_costs,"(0, 7, 'HTL', 'electricity')",0.0
opex_costs,"(0, 7, 'HTL', 'disposal')",0.0
opex_costs,"(0, 7, 'HTL', 'transportation')",0.0
opex_costs,"(0, 7, 'HTL', 'water')",0.0
opex_costs,"(0, 7, 'HTL', 'labor')",0.0
opex_costs,"(0, 7, 'HTL', 'diesel')",0.0
opex_costs,"(0, 7, 'HTL', 'TPC')",0.0
opex_costs,"(0, 7, 'HTC', 'heat')",0.0
opex_costs,"(0, 7, 'HTC', 'electricity')",0.0
opex_costs,"(0, 7, 'HTC', 'disposal')",0.0
opex_costs,"(0, 7, 'HTC', 'transportation')",0.0
opex_costs,"(0, 7, 'HTC', 'water')",0.0
opex_costs,"(0, 7, 'HTC', 'labor')",0.0
opex_costs,"(0, 7, 'HTC', 'diesel')",0.0
opex_costs,"(0, 7, 'HTC', 'TPC')",0.0
opex_costs,"(0, 7, 'CHP', 'heat')",0.0
opex_costs,"(0, 7, 'CHP', 'electricity')",0.0
opex_costs,"(0, 7, 'CHP', 'disposal')",0.0
opex_costs,"(0, 7, 'CHP', 'transportation')",0.0
opex_costs,"(0, 7, 'CHP', 'water')",0.0
opex_costs,"(0, 7, 'CHP', 'labor')",0.0
opex_costs,"(0, 7, 'CHP', 'diesel')",0.0
opex_costs,"(0, 7, 'CHP', 'TPC')",910.9180043711493
opex_costs,"(0, 7, 'Feedstock', 'heat')",0.0
opex_costs,"(0, 7, 'Feedstock', 'electricity')",0.0
opex_costs,"(0, 7, 'Feedstock', 'disposal')",0.0
opex_costs,"(0, 7, 'Feedstock', 'transportation')",0.0
opex_costs,"(0, 7, 'Feedstock', 'water')",0.0
opex_costs,"(0, 7, 'Feedstock', 'labor')",0.0
opex_costs,"(0, 7, 'Feedstock', 'diesel')",0.0
opex_costs,"(0, 7, 'Feedstock', 'TPC')",0.0
opex_costs,"(0, 8, 'Pyrolysis', 'heat')",0.0
opex_costs,"(0, 8, 'Pyrolysis', 'electricity')",0.0
opex_costs,"(0, 8, 'Pyrolysis', 'disposal')",357.77633664372985
opex_costs,"(0, 8, 'Pyrolysis', 'transportation')",8840.705130109558
opex_costs,"(0, 8, 'Pyrolysis', 'water')",0.0
opex_costs,"(0, 8, 'Pyrolysis', 'labor')",9780.844825615122
opex_costs,"(0, 8, 'Pyrolysis', 'diesel')",642.3699125143073
opex_costs,"(0, 8, 'Pyrolysis', 'TPC')",62702.28286206936
opex_costs,"(0, 8, 'AD', 'heat')",0.0
opex_costs,"(0, 8, 'AD', 'electricity')",0.0
opex_costs,"(0, 8, 'AD', 'disposal')",0.0
opex_costs,"(0, 8, 'AD', 'transportation')",0.0
opex_costs,"(0, 8, 'AD', 'water')",0.0
opex_costs,"(0, 8, 'AD', 'labor')",0.0
opex_costs,"(0, 8, 'AD', 'diesel')",0.0
opex_costs,"(0, 8, 'AD', 'TPC')",0.0
opex_costs,"(0, 8, 'HTL', 'heat')",0.0
opex_costs,"(0, 8, 'HTL', 'electricity')",0.0
opex_costs,"(0, 8, 'HTL', 'disposal')",0.0
opex_costs,"(0, 8, 'HTL', 'transportation')",0.0
opex_costs,"(0, 8, 'HTL', 'water')",0.0
opex_costs,"(0, 8, 'HTL', 'labor')",0.0
opex_costs,"(0, 8, 'HTL', 'diesel')",0.0
opex_costs,"(0, 8, 'HTL', 'TPC')",0.0
opex_costs,"(0, 8, 'HTC', 'heat')",0.0
opex_costs,"(0, 8, 'HTC', 'electricity')",0.0
opex_costs,"(0, 8, 'HTC', 'disposal')",0.0
opex_costs,"(0, 8, 'HTC', 'transportation')",0.0
opex_costs,"(0, 8, 'HTC', 'water')",0.0
opex_costs,"(0, 8, 'HTC', 'labor')",0.0
opex_costs,"(0, 8, 'HTC', 'diesel')",0.0
opex_costs,"(0, 8, 'HTC', 'TPC')",0.0
opex_costs,"(0, 8, 'CHP', 'heat')",0.0
opex_costs,"(0, 8, 'CHP', 'electricity')",0.0
opex_costs,"(0, 8, 'CHP', 'disposal')",0.0
opex_costs,"(0, 8, 'CHP', 'transportation')",0.0
opex_costs,"(0, 8, 'CHP', 'water')",0.0
opex_costs,"(0, 8, 'CHP', 'labor')",0.0
opex_costs,"(0, 8, 'CHP', 'diesel')",0.0
opex_costs,"(0, 8, 'CHP', 'TPC')",905.7964992728578
opex_costs,"(0, 8, 'Feedstock', 'heat')",0.0
opex_costs,"(0, 8, 'Feedstock', 'electricity')",0.0
opex_costs,"(0, 8, 'Feedstock', 'disposal')",0.0
opex_costs,"(0, 8, 'Feedstock', 'transportation')",0.0
opex_costs,"(0, 8, 'Feedstock', 'water')",0.0
opex_costs,"(0, 8, 'Feedstock', 'labor')",0.0
opex_costs,"(0, 8, 'Feedstock', 'diesel')",0.0
opex_costs,"(0, 8, 'Feedstock', 'TPC')",0.0
opex_costs,"(0, 9, 'Pyrolysis', 'heat')",0.0
opex_costs,"(0, 9, 'Pyrolysis', 'electricity')",0.0
opex_costs,"(0, 9, 'Pyrolysis', 'disposal')",355.7647907986514
opex_costs,"(0, 9, 'Pyrolysis', 'transportation')",8790.999540606357
opex_costs,"(0, 9, 'Pyrolysis', 'water')",0.0
opex_costs,"(0, 9, 'Pyrolysis', 'labor')",9725.853436269857
opex_costs,"(0, 9, 'Pyrolysis', 'diesel')",638.7582803299131
opex_costs,"(0, 9, 'Pyrolysis', 'TPC')",62349.74832019883
opex_costs,"(0, 9, 'AD', 'heat')",0.0
opex_costs,"(0, 9, 'AD', 'electricity')",0.0
opex_costs,"(0, 9, 'AD', 'disposal')",0.0
opex_costs,"(0, 9, 'AD', 'transportation')",0.0
opex_costs,"(0, 9, 'AD', 'water')",0.0
opex_costs,"(0, 9, 'AD', 'labor')",0.0
opex_costs,"(0, 9, 'AD', 'diesel')",0.0
opex_costs,"(0, 9, 'AD', 'TPC')",0.0
opex_costs,"(0, 9, 'HTL', 'heat')",0.0
opex_costs,"(0, 9, 'HTL', 'electricity')",0.0
opex_costs,"(0, 9, 'HTL', 'disposal')",0.0
opex_costs,"(0, 9, 'HTL', 'transportation')",0.0
opex_costs,"(0, 9, 'HTL', 'water')",0.0
opex_costs,"(0, 9, 'HTL', 'labor')",0.0
opex_costs,"(0, 9, 'HTL', 'diesel')",0.0
opex_costs,"(0, 9, 'HTL', 'TPC')",0.0
opex_costs,"(0, 9, 'HTC', 'heat')",0.0
opex_costs,"(0, 9, 'HTC', 'electricity')",0.0
opex_costs,"(0, 9, 'HTC', 'disposal')",0.0
opex_costs,"(0, 9, 'HTC', 'transportation')",0.0
opex_costs,"(0, 9, 'HTC', 'water')",0.0
opex_costs,"(0, 9, 'HTC', 'labor')",0.0
opex_costs,"(0, 9, 'HTC', 'diesel')",0.0
opex_costs,"(0, 9, 'HTC', 'TPC')",0.0
opex_costs,"(0, 9, 'CHP', 'heat')",0.0
opex_costs,"(0, 9, 'CHP', 'electricity')",0.0
opex_costs,"(0, 9, 'CHP', 'disposal')",0.0
opex_costs,"(0, 9, 'CHP', 'transportation')",0.0
opex_costs,"(0, 9, 'CHP', 'water')",0.0
opex_costs,"(0, 9, 'CHP', 'labor')",0.0
opex_costs,"(0, 9, 'CHP', 'diesel')",0.0
opex_costs,"(0, 9, 'CHP', 'TPC')",900.7037890983091
opex_costs,"(0, 9, 'Feedstock', 'heat')",0.0
opex_costs,"(0, 9, 'Feedstock', 'electricity')",0.0
opex_costs,"(0, 9, 'Feedstock', 'disposal')",0.0
opex_costs,"(0, 9, 'Feedstock', 'transportation')",0.0
opex_costs,"(0, 9, 'Feedstock', 'water')",0.0
opex_costs,"(0, 9, 'Feedstock', 'labor')",0.0
opex_costs,"(0, 9, 'Feedstock', 'diesel')",0.0
opex_costs,"(0, 9, 'Feedstock', 'TPC')",0.0
opex_costs,"(0, 10, 'Pyrolysis', 'heat')",0.0
opex_costs,"(0, 10, 'Pyrolysis', 'electricity')",0.0
opex_costs,"(0, 10, 'Pyrolysis', 'disposal')",353.7645545684266
opex_costs,"(0, 10, 'Pyrolysis', 'transportation')",8741.573413611122
opex_costs,"(0, 10, 'Pyrolysis', 'water')",0.0
opex_costs,"(0, 10, 'Pyrolysis', 'labor')",9671.171228079802
opex_costs,"(0, 10, 'Pyrolysis', 'diesel')",635.1669540265714
opex_costs,"(0, 10, 'Pyrolysis', 'TPC')",61999.19585294406
opex_costs,"(0, 10, 'AD', 'heat')",0.0
opex_costs,"(0, 10, 'AD', 'electricity')",0.0
opex_costs,"(0, 10, 'AD', 'disposal')",0.0
opex_costs,"(0, 10, 'AD', 'transportation')",0.0
opex_costs,"(0, 10, 'AD', 'water')",0.0
opex_costs,"(0, 10, 'AD', 'labor')",0.0
opex_costs,"(0, 10, 'AD', 'diesel')",0.0
opex_costs,"(0, 10, 'AD', 'TPC')",0.0
opex_costs,"(0, 10, 'HTL', 'heat')",0.0
opex_costs,"(0, 10, 'HTL', 'electricity')",0.0
opex_costs,"(0, 10, 'HTL', 'disposal')",0.0
opex_costs,"(0, 10, 'HTL', 'transportation')",0.0
opex_costs,"(0, 10, 'HTL', 'water')",0.0
opex_costs,"(0, 10, 'HTL', 'labor')",0.0
opex_costs,"(0, 10, 'HTL', 'diesel')",0.0
opex_costs,"(0, 10, 'HTL', 'TPC')",0.0
opex_costs,"(0, 10, 'HTC', 'heat')",0.0
opex_costs,"(0, 10, 'HTC', 'electricity')",0.0
opex_costs,"(0, 10, 'HTC', 'disposal')",0.0
opex_costs,"(0, 10, 'HTC', 'transportation')",0.0
opex_costs,"(0, 10, 'HTC', 'water')",0.0
opex_costs,"(0, 10, 'HTC', 'labor')",0.0
opex_costs,"(0, 10, 'HTC', 'diesel')",0.0
opex_costs,"(0, 10, 'HTC', 'TPC')",0.0
opex_costs,"(0, 10, 'CHP', 'heat')",0.0
opex_costs,"(0, 10, 'CHP', 'electricity')",0.0
opex_costs,"(0, 10, 'CHP', 'disposal')",0.0
opex_costs,"(0, 10, 'CHP', 'transportation')",0.0
opex_costs,"(0, 10, 'CHP', 'water')",0.0
opex_costs,"(0, 10, 'CHP', 'labor')",0.0
opex_costs,"(0, 10, 'CHP', 'diesel')",0.0
opex_costs,"(0, 10, 'CHP', 'TPC')",895.6397119521974
opex_costs,"(0, 10, 'Feedstock', 'heat')",0.0
opex_costs,"(0, 10, 'Feedstock', 'electricity')",0.0
opex_costs,"(0, 10, 'Feedstock', 'disposal')",0.0
opex_costs,"(0, 10, 'Feedstock', 'transportation')",0.0
opex_costs,"(0, 10, 'Feedstock', 'water')",0.0
opex_costs,"(0, 10, 'Feedstock', 'labor')",0.0
opex_costs,"(0, 10, 'Feedstock', 'diesel')",0.0
opex_costs,"(0, 10, 'Feedstock', 'TPC')",0.0
opex_costs,"(0, 11, 'Pyrolysis', 'heat')",0.0
opex_costs,"(0, 11, 'Pyrolysis', 'electricity')",0.0
opex_costs,"(0, 11, 'Pyrolysis', 'disposal')",263.8316732877487
opex_costs,"(0, 11, 'Pyrolysis', 'transportation')",8692.425177886213
opex_costs,"(0, 11, 'Pyrolysis', 'water')",0.0
opex_costs,"(0, 11, 'Pyrolysis', 'labor')",9616.796462718508
opex_costs,"(0, 11, 'Pyrolysis', 'diesel')",631.5958194373951
opex_costs,"(0, 11, 'Pyrolysis', 'TPC')",61650.61431637643
opex_costs,"(0, 11, 'AD', 'heat')",0.0
opex_costs,"(0, 11, 'AD', 'electricity')",0.0
opex_costs,"(0, 11, 'AD', 'disposal')",0.0
opex_costs,"(0, 11, 'AD', 'transportation')",0.0
opex_costs,"(0, 11, 'AD', 'water')",0.0
opex_costs,"(0, 11, 'AD', 'labor')",0.0
opex_costs,"(0, 11, 'AD', 'diesel')",0.0
opex_costs,"(0, 11, 'AD', 'TPC')",0.0
opex_costs,"(0, 11, 'HTL', 'heat')",0.0
opex_costs,"(0, 11, 'HTL', 'electricity')",0.0
opex_costs,"(0, 11, 'HTL', 'disposal')",0.0
opex_costs,"(0, 11, 'HTL', 'transportation')",0.0
opex_costs,"(0, 11, 'HTL', 'water')",0.0
opex_costs,"(0, 11, 'HTL', 'labor')",0.0
opex_costs,"(0, 11, 'HTL', 'diesel')",0.0
opex_costs,"(0, 11, 'HTL', 'TPC')",0.0
opex_costs,"(0, 11, 'HTC', 'heat')",0.0
opex_costs,"(0, 11, 'HTC', 'electricity')",0.0
opex_costs,"(0, 11, 'HTC', 'disposal')",0.0
opex_costs,"(0, 11, 'HTC', 'transportation')",0.0
opex_costs,"(0, 11, 'HTC', 'water')",0.0
opex_costs,"(0, 11, 'HTC', 'labor')",0.0
opex_costs,"(0, 11, 'HTC', 'diesel')",0.0
opex_costs,"(0, 11, 'HTC', 'TPC')",0.0
opex_costs,"(0, 11, 'CHP', 'heat')",0.0
opex_costs,"(0, 11, 'CHP', 'electricity')",0.0
opex_costs,"(0, 11, 'CHP', 'disposal')",0.0
opex_costs,"(0, 11, 'CHP', 'transportation')",0.0
opex_costs,"(0, 11, 'CHP', 'water')",0.0
opex_costs,"(0, 11, 'CHP', 'labor')",0.0
opex_costs,"(0, 11, 'CHP', 'diesel')",0.0
opex_costs,"(0, 11, 'CHP', 'TPC')",890.6041068494507
opex_costs,"(0, 11, 'Feedstock', 'heat')",0.0
opex_costs,"(0, 11, 'Feedstock', 'electricity')",0.0
opex_costs,"(0, 11, 'Feedstock', 'disposal')",0.0
opex_costs,"(0, 11, 'Feedstock', 'transportation')",0.0
opex_costs,"(0, 11, 'Feedstock', 'water')",0.0
opex_costs,"(0, 11, 'Feedstock', 'labor')",0.0
opex_costs,"(0, 11, 'Feedstock', 'diesel')",0.0
opex_costs,"(0, 11, 'Feedstock', 'TPC')",0.0
opex_costs,"(0, 12, 'Pyrolysis', 'heat')",0.0
opex_costs,"(0, 12, 'Pyrolysis', 'electricity')",0.0
opex_costs,"(0, 12, 'Pyrolysis', 'disposal')",262.3483177570093
opex_costs,"(0, 12, 'Pyrolysis', 'transportation')",8643.553271028037
opex_costs,"(0, 12, 'Pyrolysis', 'water')",0.0
opex_costs,"(0, 12, 'Pyrolysis', 'labor')",9562.727411633008
opex_costs,"(0, 12, 'Pyrolysis', 'diesel')",628.0447630373832
opex_costs,"(0, 12, 'Pyrolysis', 'TPC')",61303.992629222375
opex_costs,"(0, 12, 'AD', 'heat')",0.0
opex_costs,"(0, 12, 'AD', 'electricity')",0.0
opex_costs,"(0, 12, 'AD', 'disposal')",0.0
opex_costs,"(0, 12, 'AD', 'transportation')",0.0
opex_costs,"(0, 12, 'AD', 'water')",0.0
opex_costs,"(0, 12, 'AD', 'labor')",0.0
opex_costs,"(0, 12, 'AD', 'diesel')",0.0
opex_costs,"(0, 12, 'AD', 'TPC')",0.0
opex_costs,"(0, 12, 'HTL', 'heat')",0.0
opex_costs,"(0, 12, 'HTL', 'electricity')",0.0
opex_costs,"(0, 12, 'HTL', 'disposal')",0.0
opex_costs,"(0, 12, 'HTL', 'transportation')",0.0
opex_costs,"(0, 12, 'HTL', 'water')",0.0
opex_costs,"(0, 12, 'HTL', 'labor')",0.0
opex_costs,"(0, 12, 'HTL', 'diesel')",0.0
opex_costs,"(0, 12, 'HTL', 'TPC')",0.0
opex_costs,"(0, 12, 'HTC', 'heat')",0.0
opex_costs,"(0, 12, 'HTC', 'electricity')",0.0
opex_costs,"(0, 12, 'HTC', 'disposal')",0.0
opex_costs,"(0, 12, 'HTC', 'transportation')",0.0
opex_costs,"(0, 12, 'HTC', 'water')",0.0
opex_costs,"(0, 12, 'HTC', 'labor')",0.0
opex_costs,"(0, 12, 'HTC', 'diesel')",0.0
opex_costs,"(0, 12, 'HTC', 'TPC')",0.0
opex_costs,"(0, 12, 'CHP', 'heat')",0.0
opex_costs,"(0, 12, 'CHP', 'electricity')",0.0
opex_costs,"(0, 12, 'CHP', 'disposal')",0.0
opex_costs,"(0, 12, 'CHP', 'transportation')",0.0
opex_costs,"(0, 12, 'CHP', 'water')",0.0
opex_costs,"(0, 12, 'CHP', 'labor')",0.0
opex_costs,"(0, 12, 'CHP', 'diesel')",0.0
opex_costs,"(0, 12, 'CHP', 'TPC')",885.5968137101106
opex_costs,"(0, 12, 'Feedstock', 'heat')",0.0
opex_costs,"(0, 12, 'Feedstock', 'electricity')",0.0
opex_costs,"(0, 12, 'Feedstock', 'disposal')",0.0
opex_costs,"(0, 12, 'Feedstock', 'transportation')",0.0
opex_costs,"(0, 12, 'Feedstock', 'water')",0.0
opex_costs,"(0, 12, 'Feedstock', 'labor')",0.0
opex_costs,"(0, 12, 'Feedstock', 'diesel')",0.0
opex_costs,"(0, 12, 'Feedstock', 'TPC')",0.0
opex_costs,"(0, 13, 'Pyrolysis', 'heat')",0.0
opex_costs,"(0, 13, 'Pyrolysis', 'electricity')",0.0
opex_costs,"(0, 13, 'Pyrolysis', 'disposal')",260.87330217879787
opex_costs,"(0, 13, 'Pyrolysis', 'transportation')",8594.9561394174
opex_costs,"(0, 13, 'Pyrolysis', 'water')",0.0
opex_costs,"(0, 13, 'Pyrolysis', 'labor')",9508.962355988884
opex_costs,"(0, 13, 'Pyrolysis', 'diesel')",624.5136719398131
opex_costs,"(0, 13, 'Pyrolysis', 'TPC')",60959.31977251127
opex_costs,"(0, 13, 'AD', 'heat')",0.0
opex_costs,"(0, 13, 'AD', 'electricity')",0.0
opex_costs,"(0, 13, 'AD', 'disposal')",0.0
opex_costs,"(0, 13, 'AD', 'transportation')",0.0
opex_costs,"(0, 13, 'AD', 'water')",0.0
opex_costs,"(0, 13, 'AD', 'labor')",0.0
opex_costs,"(0, 13, 'AD', 'diesel')",0.0
opex_costs,"(0, 13, 'AD', 'TPC')",0.0
opex_costs,"(0, 13, 'HTL', 'heat')",0.0
opex_costs,"(0, 13, 'HTL', 'electricity')",0.0
opex_costs,"(0, 13, 'HTL', 'disposal')",0.0
opex_costs,"(0, 13, 'HTL', 'transportation')",0.0
opex_costs,"(0, 13, 'HTL', 'water')",0.0
opex_costs,"(0, 13, 'HTL', 'labor')",0.0
opex_costs,"(0, 13, 'HTL', 'diesel')",0.0
opex_costs,"(0, 13, 'HTL', 'TPC')",0.0
opex_costs,"(0, 13, 'HTC', 'heat')",0.0
opex_costs,"(0, 13, 'HTC', 'electricity')",0.0
opex_costs,"(0, 13, 'HTC', 'disposal')",0.0
opex_costs,"(0, 13, 'HTC', 'transportation')",0.0
opex_costs,"(0, 13, 'HTC', 'water')",0.0
opex_costs,"(0, 13, 'HTC', 'labor')",0.0
opex_costs,"(0, 13, 'HTC', 'diesel')",0.0
opex_costs,"(0, 13, 'HTC', 'TPC')",0.0
opex_costs,"(0, 13, 'CHP', 'heat')",0.0
opex_costs,"(0, 13, 'CHP', 'electricity')",0.0
opex_costs,"(0, 13, 'CHP', 'disposal')",0.0
opex_costs,"(0, 13, 'CHP', 'transportation')",0.0
opex_costs,"(0, 13, 'CHP', 'water')",0.0
opex_costs,"(0, 13, 'CHP', 'labor')",0.0
opex_costs,"(0, 13, 'CHP', 'diesel')",0.0
opex_costs,"(0, 13, 'CHP', 'TPC')",880.6176733542472
opex_costs,"(0, 13, 'Feedstock', 'heat')",0.0
opex_costs,"(0, 13, 'Feedstock', 'electricity')",0.0
opex_costs,"(0, 13, 'Feedstock', 'disposal')",0.0
opex_costs,"(0, 13, 'Feedstock', 'transportation')",0.0
opex_costs,"(0, 13, 'Feedstock', 'water')",0.0
opex_costs,"(0, 13, 'Feedstock', 'labor')",0.0
opex_costs,"(0, 13, 'Feedstock', 'diesel')",0.0
opex_costs,"(0, 13, 'Feedstock', 'TPC')",0.0
opex_costs,"(0, 14, 'Pyrolysis', 'heat')",0.0
opex_costs,"(0, 14, 'Pyrolysis', 'electricity')",0.0
opex_costs,"(0, 14, 'Pyrolysis', 'disposal')",259.4065796629342
opex_costs,"(0, 14, 'Pyrolysis', 'transportation')",8546.632238170101
opex_costs,"(0, 14, 'Pyrolysis', 'water')",0.0
opex_costs,"(0, 14, 'Pyrolysis', 'labor')",9455.49958661561
opex_costs,"(0, 14, 'Pyrolysis', 'diesel')",621.0024338926517
opex_costs,"(0, 14, 'Pyrolysis', 'TPC')",60616.584789225024
opex_costs,"(0, 14, 'AD', 'heat')",0.0
opex_costs,"(0, 14, 'AD', 'electricity')",0.0
opex_costs,"(0, 14, 'AD', 'disposal')",0.0
opex_costs,"(0, 14, 'AD', 'transportation')",0.0
opex_costs,"(0, 14, 'AD', 'water')",0.0
opex_costs,"(0, 14, 'AD', 'labor')",0.0
opex_costs,"(0, 14, 'AD', 'diesel')",0.0
opex_costs,"(0, 14, 'AD', 'TPC')",0.0
opex_costs,"(0, 14, 'HTL', 'heat')",0.0
opex_costs,"(0, 14, 'HTL', 'electricity')",0.0
opex_costs,"(0, 14, 'HTL', 'disposal')",0.0
opex_costs,"(0, 14, 'HTL', 'transportation')",0.0
opex_costs,"(0, 14, 'HTL', 'water')",0.0
opex_costs,"(0, 14, 'HTL', 'labor')",0.0
opex_costs,"(0, 14, 'HTL', 'diesel')",0.0
opex_costs,"(0, 14, 'HTL', 'TPC')",0.0
opex_costs,"(0, 14, 'HTC', 'heat')",0.0
opex_costs,"(0, 14, 'HTC', 'electricity')",0.0
opex_costs,"(0, 14, 'HTC', 'disposal')",0.0
opex_costs,"(0, 14, 'HTC', 'transportation')",0.0
opex_costs,"(0, 14, 'HTC', 'water')",0.0
opex_costs,"(0, 14, 'HTC', 'labor')",0.0
opex_costs,"(0, 14, 'HTC', 'diesel')",0.0
opex_costs,"(0, 14, 'HTC', 'TPC')",0.0
opex_costs,"(0, 14, 'CHP', 'heat')",0.0
opex_costs,"(0, 14, 'CHP', 'electricity')",0.0
opex_costs,"(0, 14, 'CHP', 'disposal')",0.0
opex_costs,"(0, 14, 'CHP', 'transportation')",0.0
opex_costs,"(0, 14, 'CHP', 'water')",0.0
opex_costs,"(0, 14, 'CHP', 'labor')",0.0
opex_costs,"(0, 14, 'CHP', 'diesel')",0.0
opex_costs,"(0, 14, 'CHP', 'TPC')",875.6665274968956
opex_costs,"(0, 14, 'Feedstock', 'heat')",0.0
opex_costs,"(0, 14, 'Feedstock', 'electricity')",0.0
opex_costs,"(0, 14, 'Feedstock', 'disposal')",0.0
opex_costs,"(0, 14, 'Feedstock', 'transportation')",0.0
opex_costs,"(0, 14, 'Feedstock', 'water')",0.0
opex_costs,"(0, 14, 'Feedstock', 'labor')",0.0
opex_costs,"(0, 14, 'Feedstock', 'diesel')",0.0
opex_costs,"(0, 14, 'Feedstock', 'TPC')",0.0
opex_costs,"(0, 15, 'Pyrolysis', 'heat')",0.0
opex_costs,"(0, 15, 'Pyrolysis', 'electricity')",0.0
opex_costs,"(0, 15, 'Pyrolysis', 'disposal')",257.9481035828711
opex_costs,"(0, 15, 'Pyrolysis', 'transportation')",8498.580031087831
opex_costs,"(0, 15, 'Pyrolysis', 'water')",0.0
opex_costs,"(0, 15, 'Pyrolysis', 'labor')",9402.337403952224
opex_costs,"(0, 15, 'Pyrolysis', 'diesel')",617.5109372749858
opex_costs,"(0, 15, 'Pyrolysis', 'TPC')",60275.77678394977
opex_costs,"(0, 15, 'AD', 'heat')",0.0
opex_costs,"(0, 15, 'AD', 'electricity')",0.0
opex_costs,"(0, 15, 'AD', 'disposal')",0.0
opex_costs,"(0, 15, 'AD', 'transportation')",0.0
opex_costs,"(0, 15, 'AD', 'water')",0.0
opex_costs,"(0, 15, 'AD', 'labor')",0.0
opex_costs,"(0, 15, 'AD', 'diesel')",0.0
opex_costs,"(0, 15, 'AD', 'TPC')",0.0
opex_costs,"(0, 15, 'HTL', 'heat')",0.0
opex_costs,"(0, 15, 'HTL', 'electricity')",0.0
opex_costs,"(0, 15, 'HTL', 'disposal')",0.0
opex_costs,"(0, 15, 'HTL', 'transportation')",0.0
opex_costs,"(0, 15, 'HTL', 'water')",0.0
opex_costs,"(0, 15, 'HTL', 'labor')",0.0
opex_costs,"(0, 15, 'HTL', 'diesel')",0.0
opex_costs,"(0, 15, 'HTL', 'TPC')",0.0
opex_costs,"(0, 15, 'HTC', 'heat')",0.0
opex_costs,"(0, 15, 'HTC', 'electricity')",0.0
opex_costs,"(0, 15, 'HTC', 'disposal')",0.0
opex_costs,"(0, 15, 'HTC', 'transportation')",0.0
opex_costs,"(0, 15, 'HTC', 'water')",0.0
opex_costs,"(0, 15, 'HTC', 'labor')",0.0
opex_costs,"(0, 15, 'HTC', 'diesel')",0.0
opex_costs,"(0, 15, 'HTC', 'TPC')",0.0
opex_costs,"(0, 15, 'CHP', 'heat')",0.0
opex_costs,"(0, 15, 'CHP', 'electricity')",0.0
opex_costs,"(0, 15, 'CHP', 'disposal')",0.0
opex_costs,"(0, 15, 'CHP', 'transportation')",0.0
opex_costs,"(0, 15, 'CHP', 'water')",0.0
opex_costs,"(0, 15, 'CHP', 'labor')",0.0
opex_costs,"(0, 15, 'CHP', 'diesel')",0.0
opex_costs,"(0, 15, 'CHP', 'TPC')",870.7432187430252
opex_costs,"(0, 15, 'Feedstock', 'heat')",0.0
opex_costs,"(0, 15, 'Feedstock', 'electricity')",0.0
opex_costs,"(0, 15, 'Feedstock', 'disposal')",0.0
opex_costs,"(0, 15, 'Feedstock', 'transportation')",0.0
opex_costs,"(0, 15, 'Feedstock', 'water')",0.0
opex_costs,"(0, 15, 'Feedstock', 'labor')",0.0
opex_costs,"(0, 15, 'Feedstock', 'diesel')",0.0
opex_costs,"(0, 15, 'Feedstock', 'TPC')",0.0
opex_costs,"(0, 16, 'Pyrolysis', 'heat')",0.0
opex_costs,"(0, 16, 'Pyrolysis', 'electricity')",0.0
opex_costs,"(0, 16, 'Pyrolysis', 'disposal')",256.4978275742129
opex_costs,"(0, 16, 'Pyrolysis', 'transportation')",8450.797990609335
opex_costs,"(0, 16, 'Pyrolysis', 'water')",0.0
opex_costs,"(0, 16, 'Pyrolysis', 'labor')",9349.474117993308
opex_costs,"(0, 16, 'Pyrolysis', 'diesel')",614.0390710934762
opex_costs,"(0, 16, 'Pyrolysis', 'TPC')",59936.884922529614
opex_costs,"(0, 16, 'AD', 'heat')",0.0
opex_costs,"(0, 16, 'AD', 'electricity')",0.0
opex_costs,"(0, 16, 'AD', 'disposal')",0.0
opex_costs,"(0, 16, 'AD', 'transportation')",0.0
opex_costs,"(0, 16, 'AD', 'water')",0.0
opex_costs,"(0, 16, 'AD', 'labor')",0.0
opex_costs,"(0, 16, 'AD', 'diesel')",0.0
opex_costs,"(0, 16, 'AD', 'TPC')",0.0
opex_costs,"(0, 16, 'HTL', 'heat')",0.0
opex_costs,"(0, 16, 'HTL', 'electricity')",0.0
opex_costs,"(0, 16, 'HTL', 'disposal')",0.0
opex_costs,"(0, 16, 'HTL', 'transportation')",0.0
opex_costs,"(0, 16, 'HTL', 'water')",0.0
opex_costs,"(0, 16, 'HTL', 'labor')",0.0
opex_costs,"(0, 16, 'HTL', 'diesel')",0.0
opex_costs,"(0, 16, 'HTL', 'TPC')",0.0
opex_costs,"(0, 16, 'HTC', 'heat')",0.0
opex_costs,"(0, 16, 'HTC', 'electricity')",0.0
opex_costs,"(0, 16, 'HTC', 'disposal')",0.0
opex_costs,"(0, 16, 'HTC', 'transportation')",0.0
opex_costs,"(0, 16, 'HTC', 'water')",0.0
opex_costs,"(0, 16, 'HTC', 'labor')",0.0
opex_costs,"(0, 16, 'HTC', 'diesel')",0.0
opex_costs,"(0, 16, 'HTC', 'TPC')",0.0
opex_costs,"(0, 16, 'CHP', 'heat')",0.0
opex_costs,"(0, 16, 'CHP', 'electricity')",0.0
opex_costs,"(0, 16, 'CHP', 'disposal')",0.0
opex_costs,"(0, 16, 'CHP', 'transportation')",0.0
opex_costs,"(0, 16, 'CHP', 'water')",0.0
opex_costs,"(0, 16, 'CHP', 'labor')",0.0
opex_costs,"(0, 16, 'CHP', 'diesel')",0.0
opex_costs,"(0, 16, 'CHP', 'TPC')",865.847590582537
opex_costs,"(0, 16, 'Feedstock', 'heat')",0.0
opex_costs,"(0, 16, 'Feedstock', 'electricity')",0.0
opex_costs,"(0, 16, 'Feedstock', 'disposal')",0.0
opex_costs,"(0, 16, 'Feedstock', 'transportation')",0.0
opex_costs,"(0, 16, 'Feedstock', 'water')",0.0
opex_costs,"(0, 16, 'Feedstock', 'labor')",0.0
opex_costs,"(0, 16, 'Feedstock', 'diesel')",0.0
opex_costs,"(0, 16, 'Feedstock', 'TPC')",0.0
opex_costs,"(0, 17, 'Pyrolysis', 'heat')",0.0
opex_costs,"(0, 17, 'Pyrolysis', 'electricity')",0.0
opex_costs,"(0, 17, 'Pyrolysis', 'disposal')",255.05570553324068
opex_costs,"(0, 17, 'Pyrolysis', 'transportation')",36638.32084624164
opex_costs,"(0, 17, 'Pyrolysis', 'water')",0.0
opex_costs,"(0, 17, 'Pyrolysis', 'labor')",9296.908048235247
opex_costs,"(0, 17, 'Pyrolysis', 'diesel')",2662.1581209076817
opex_costs,"(0, 17, 'Pyrolysis', 'TPC')",59599.89843172207
opex_costs,"(0, 17, 'AD', 'heat')",0.0
opex_costs,"(0, 17, 'AD', 'electricity')",0.0
opex_costs,"(0, 17, 'AD', 'disposal')",0.0
opex_costs,"(0, 17, 'AD', 'transportation')",0.0
opex_costs,"(0, 17, 'AD', 'water')",0.0
opex_costs,"(0, 17, 'AD', 'labor')",0.0
opex_costs,"(0, 17, 'AD', 'diesel')",0.0
opex_costs,"(0, 17, 'AD', 'TPC')",0.0
opex_costs,"(0, 17, 'HTL', 'heat')",0.0
opex_costs,"(0, 17, 'HTL', 'electricity')",0.0
opex_costs,"(0, 17, 'HTL', 'disposal')",0.0
opex_costs,"(0, 17, 'HTL', 'transportation')",0.0
opex_costs,"(0, 17, 'HTL', 'water')",0.0
opex_costs,"(0, 17, 'HTL', 'labor')",0.0
opex_costs,"(0, 17, 'HTL', 'diesel')",0.0
opex_costs,"(0, 17, 'HTL', 'TPC')",0.0
opex_costs,"(0, 17, 'HTC', 'heat')",0.0
opex_costs,"(0, 17, 'HTC', 'electricity')",0.0
opex_costs,"(0, 17, 'HTC', 'disposal')",0.0
opex_costs,"(0, 17, 'HTC', 'transportation')",0.0
opex_costs,"(0, 17, 'HTC', 'water')",0.0
opex_costs,"(0, 17, 'HTC', 'labor')",0.0
opex_costs,"(0, 17, 'HTC', 'diesel')",0.0
opex_costs,"(0, 17, 'HTC', 'TPC')",0.0
opex_costs,"(0, 17, 'CHP', 'heat')",0.0
opex_costs,"(0, 17, 'CHP', 'electricity')",0.0
opex_costs,"(0, 17, 'CHP', 'disposal')",0.0
opex_costs,"(0, 17, 'CHP', 'transportation')",0.0
opex_costs,"(0, 17, 'CHP', 'water')",0.0
opex_costs,"(0, 17, 'CHP', 'labor')",0.0
opex_costs,"(0, 17, 'CHP', 'diesel')",0.0
opex_costs,"(0, 17, 'CHP', 'TPC')",860.9794873852869
opex_costs,"(0, 17, 'Feedstock', 'heat')",0.0
opex_costs,"(0, 17, 'Feedstock', 'electricity')",0.0
opex_costs,"(0, 17, 'Feedstock', 'disposal')",0.0
opex_costs,"(0, 17, 'Feedstock', 'transportation')",0.0
opex_costs,"(0, 17, 'Feedstock', 'water')",0.0
opex_costs,"(0, 17, 'Feedstock', 'labor')",0.0
opex_costs,"(0, 17, 'Feedstock', 'diesel')",0.0
opex_costs,"(0, 17, 'Feedstock', 'TPC')",0.0
opex_costs,"(0, 18, 'Pyrolysis', 'heat')",0.0
opex_costs,"(0, 18, 'Pyrolysis', 'electricity')",0.0
opex_costs,"(0, 18, 'Pyrolysis', 'disposal')",338.1622554872631
opex_costs,"(0, 18, 'Pyrolysis', 'transportation')",8356.038342112806
opex_costs,"(0, 18, 'Pyrolysis', 'water')",0.0
opex_costs,"(0, 18, 'Pyrolysis', 'labor')",9244.637523622821
opex_costs,"(0, 18, 'Pyrolysis', 'diesel')",607.1537891822757
opex_costs,"(0, 18, 'Pyrolysis', 'TPC')",59264.806598855685
opex_costs,"(0, 18, 'AD', 'heat')",0.0
opex_costs,"(0, 18, 'AD', 'electricity')",0.0
opex_costs,"(0, 18, 'AD', 'disposal')",0.0
opex_costs,"(0, 18, 'AD', 'transportation')",0.0
opex_costs,"(0, 18, 'AD', 'water')",0.0
opex_costs,"(0, 18, 'AD', 'labor')",0.0
opex_costs,"(0, 18, 'AD', 'diesel')",0.0
opex_costs,"(0, 18, 'AD', 'TPC')",0.0
opex_costs,"(0, 18, 'HTL', 'heat')",0.0
opex_costs,"(0, 18, 'HTL', 'electricity')",0.0
opex_costs,"(0, 18, 'HTL', 'disposal')",0.0
opex_costs,"(0, 18, 'HTL', 'transportation')",0.0
opex_costs,"(0, 18, 'HTL', 'water')",0.0
opex_costs,"(0, 18, 'HTL', 'labor')",0.0
opex_costs,"(0, 18, 'HTL', 'diesel')",0.0
opex_costs,"(0, 18, 'HTL', 'TPC')",0.0
opex_costs,"(0, 18, 'HTC', 'heat')",0.0
opex_costs,"(0, 18, 'HTC', 'electricity')",0.0
opex_costs,"(0, 18, 'HTC', 'disposal')",0.0
opex_costs,"(0, 18, 'HTC', 'transportation')",0.0
opex_costs,"(0, 18, 'HTC', 'water')",0.0
opex_costs,"(0, 18, 'HTC', 'labor')",0.0
opex_costs,"(0, 18, 'HTC', 'diesel')",0.0
opex_costs,"(0, 18, 'HTC', 'TPC')",0.0
opex_costs,"(0, 18, 'CHP', 'heat')",0.0
opex_costs,"(0, 18, 'CHP', 'electricity')",0.0
opex_costs,"(0, 18, 'CHP', 'disposal')",0.0
opex_costs,"(0, 18, 'CHP', 'transportation')",0.0
opex_costs,"(0, 18, 'CHP', 'water')",0.0
opex_costs,"(0, 18, 'CHP', 'labor')",0.0
opex_costs,"(0, 18, 'CHP', 'diesel')",0.0
opex_costs,"(0, 18, 'CHP', 'TPC')",856.1387543961391
opex_costs,"(0, 18, 'Feedstock', 'heat')",0.0
opex_costs,"(0, 18, 'Feedstock', 'electricity')",0.0
opex_costs,"(0, 18, 'Feedstock', 'disposal')",0.0
opex_costs,"(0, 18, 'Feedstock', 'transportation')",0.0
opex_costs,"(0, 18, 'Feedstock', 'water')",0.0
opex_costs,"(0, 18, 'Feedstock', 'labor')",0.0
opex_costs,"(0, 18, 'Feedstock', 'diesel')",0.0
opex_costs,"(0, 18, 'Feedstock', 'TPC')",0.0
opex_costs,"(0, 19, 'Pyrolysis', 'heat')",0.0
opex_costs,"(0, 19, 'Pyrolysis', 'electricity')",0.0
opex_costs,"(0, 19, 'Pyrolysis', 'disposal')",336.2609869842397
opex_costs,"(0, 19, 'Pyrolysis', 'transportation')",8309.057721721849
opex_costs,"(0, 19, 'Pyrolysis', 'water')",0.0
opex_costs,"(0, 19, 'Pyrolysis', 'labor')",9192.660882496077
opex_costs,"(0, 19, 'Pyrolysis', 'diesel')",603.7401545721104
opex_costs,"(0, 19, 'Pyrolysis', 'TPC')",58931.59877148946
opex_costs,"(0, 19, 'AD', 'heat')",0.0
opex_costs,"(0, 19, 'AD', 'electricity')",0.0
opex_costs,"(0, 19, 'AD', 'disposal')",0.0
opex_costs,"(0, 19, 'AD', 'transportation')",0.0
opex_costs,"(0, 19, 'AD', 'water')",0.0
opex_costs,"(0, 19, 'AD', 'labor')",0.0
opex_costs,"(0, 19, 'AD', 'diesel')",0.0
opex_costs,"(0, 19, 'AD', 'TPC')",0.0
opex_costs,"(0, 19, 'HTL', 'heat')",0.0
opex_costs,"(0, 19, 'HTL', 'electricity')",0.0
opex_costs,"(0, 19, 'HTL', 'disposal')",0.0
opex_costs,"(0, 19, 'HTL', 'transportation')",0.0
opex_costs,"(0, 19, 'HTL', 'water')",0.0
opex_costs,"(0, 19, 'HTL', 'labor')",0.0
opex_costs,"(0, 19, 'HTL', 'diesel')",0.0
opex_costs,"(0, 19, 'HTL', 'TPC')",0.0
opex_costs,"(0, 19, 'HTC', 'heat')",0.0
opex_costs,"(0, 19, 'HTC', 'electricity')",0.0
opex_costs,"(0, 19, 'HTC', 'disposal')",0.0
opex_costs,"(0, 19, 'HTC', 'transportation')",0.0
opex_costs,"(0, 19, 'HTC', 'water')",0.0
opex_costs,"(0, 19, 'HTC', 'labor')",0.0
opex_costs,"(0, 19, 'HTC', 'diesel')",0.0
opex_costs,"(0, 19, 'HTC', 'TPC')",0.0
opex_costs,"(0, 19, 'CHP', 'heat')",0.0
opex_costs,"(0, 19, 'CHP', 'electricity')",0.0
opex_costs,"(0, 19, 'CHP', 'disposal')",0.0
opex_costs,"(0, 19, 'CHP', 'transportation')",0.0
opex_costs,"(0, 19, 'CHP', 'water')",0.0
opex_costs,"(0, 19, 'CHP', 'labor')",0.0
opex_costs,"(0, 19, 'CHP', 'diesel')",0.0
opex_costs,"(0, 19, 'CHP', 'TPC')",851.3252377300462
opex_costs,"(0, 19, 'Feedstock', 'heat')",0.0
opex_costs,"(0, 19, 'Feedstock', 'electricity')",0.0
opex_costs,"(0, 19, 'Feedstock', 'disposal')",0.0
opex_costs,"(0, 19, 'Feedstock', 'transportation')",0.0
opex_costs,"(0, 19, 'Feedstock', 'water')",0.0
opex_costs,"(0, 19, 'Feedstock', 'labor')",0.0
opex_costs,"(0, 19, 'Feedstock', 'diesel')",0.0
opex_costs,"(0, 19, 'Feedstock', 'TPC')",0.0
opex_costs,"(0, 20, 'Pyrolysis', 'heat')",0.0
opex_costs,"(0, 20, 'Pyrolysis', 'electricity')",0.0
opex_costs,"(0, 20, 'Pyrolysis', 'disposal')",334.37040807825224
opex_costs,"(0, 20, 'Pyrolysis', 'transportation')",8262.341243093046
opex_costs,"(0, 20, 'Pyrolysis', 'water')",0.0
opex_costs,"(0, 20, 'Pyrolysis', 'labor')",9140.976472537499
opex_costs,"(0, 20, 'Pyrolysis', 'diesel')",600.3457126301938
opex_costs,"(0, 20, 'Pyrolysis', 'TPC')",58600.26435707418
opex_costs,"(0, 20, 'AD', 'heat')",0.0
opex_costs,"(0, 20, 'AD', 'electricity')",0.0
opex_costs,"(0, 20, 'AD', 'disposal')",0.0
opex_costs,"(0, 20, 'AD', 'transportation')",0.0
opex_costs,"(0, 20, 'AD', 'water')",0.0
opex_costs,"(0, 20, 'AD', 'labor')",0.0
opex_costs,"(0, 20, 'AD', 'diesel')",0.0
opex_costs,"(0, 20, 'AD', 'TPC')",0.0
opex_costs,"(0, 20, 'HTL', 'heat')",0.0
opex_costs,"(0, 20, 'HTL', 'electricity')",0.0
opex_costs,"(0, 20, 'HTL', 'disposal')",0.0
opex_costs,"(0, 20, 'HTL', 'transportation')",0.0
opex_costs,"(0, 20, 'HTL', 'water')",0.0
opex_costs,"(0, 20, 'HTL', 'labor')",0.0
opex_costs,"(0, 20, 'HTL', 'diesel')",0.0
opex_costs,"(0, 20, 'HTL', 'TPC')",0.0
opex_costs,"(0, 20, 'HTC', 'heat')",0.0
opex_costs,"(0, 20, 'HTC', 'electricity')",0.0
opex_costs,"(0, 20, 'HTC', 'disposal')",0.0
opex_costs,"(0, 20, 'HTC', 'transportation')",0.0
opex_costs,"(0, 20, 'HTC', 'water')",0.0
opex_costs,"(0, 20, 'HTC', 'labor')",0.0
opex_costs,"(0, 20, 'HTC', 'diesel')",0.0
opex_costs,"(0, 20, 'HTC', 'TPC')",0.0
opex_costs,"(0, 20, 'CHP', 'heat')",0.0
opex_costs,"(0, 20, 'CHP', 'electricity')",0.0
opex_costs,"(0, 20, 'CHP', 'disposal')",0.0
opex_costs,"(0, 20, 'CHP', 'transportation')",0.0
opex_costs,"(0, 20, 'CHP', 'water')",0.0
opex_costs,"(0, 20, 'CHP', 'labor')",0.0
opex_costs,"(0, 20, 'CHP', 'diesel')",0.0
opex_costs,"(0, 20, 'CHP', 'TPC')",846.538784367157
opex_costs,"(0, 20, 'Feedstock', 'heat')",0.0
opex_costs,"(0, 20, 'Feedstock', 'electricity')",0.0
opex_costs,"(0, 20, 'Feedstock', 'disposal')",0.0
opex_costs,"(0, 20, 'Feedstock', 'transportation')",0.0
opex_costs,"(0, 20, 'Feedstock', 'water')",0.0
opex_costs,"(0, 20, 'Feedstock', 'labor')",0.0
opex_costs,"(0, 20, 'Feedstock', 'diesel')",0.0
opex_costs,"(0, 20, 'Feedstock', 'TPC')",0.0
opex_costs,"(0, 21, 'Pyrolysis', 'heat')",0.0
opex_costs,"(0, 21, 'Pyrolysis', 'electricity')",0.0
opex_costs,"(0, 21, 'Pyrolysis', 'disposal')",332.4904586885264
opex_costs,"(0, 21, 'Pyrolysis', 'transportation')",8215.887421127436
opex_costs,"(0, 21, 'Pyrolysis', 'water')",0.0
opex_costs,"(0, 21, 'Pyrolysis', 'labor')",9089.582650719492
opex_costs,"(0, 21, 'Pyrolysis', 'diesel')",596.9703554485169
opex_costs,"(0, 21, 'Pyrolysis', 'TPC')",58270.792822615724
opex_costs,"(0, 21, 'AD', 'heat')",0.0
opex_costs,"(0, 21, 'AD', 'electricity')",0.0
opex_costs,"(0, 21, 'AD', 'disposal')",0.0
opex_costs,"(0, 21, 'AD', 'transportation')",0.0
opex_costs,"(0, 21, 'AD', 'water')",0.0
opex_costs,"(0, 21, 'AD', 'labor')",0.0
opex_costs,"(0, 21, 'AD', 'diesel')",0.0
opex_costs,"(0, 21, 'AD', 'TPC')",0.0
opex_costs,"(0, 21, 'HTL', 'heat')",0.0
opex_costs,"(0, 21, 'HTL', 'electricity')",0.0
opex_costs,"(0, 21, 'HTL', 'disposal')",0.0
opex_costs,"(0, 21, 'HTL', 'transportation')",0.0
opex_costs,"(0, 21, 'HTL', 'water')",0.0
opex_costs,"(0, 21, 'HTL', 'labor')",0.0
opex_costs,"(0, 21, 'HTL', 'diesel')",0.0
opex_costs,"(0, 21, 'HTL', 'TPC')",0.0
opex_costs,"(0, 21, 'HTC', 'heat')",0.0
opex_costs,"(0, 21, 'HTC', 'electricity')",0.0
opex_costs,"(0, 21, 'HTC', 'disposal')",0.0
opex_costs,"(0, 21, 'HTC', 'transportation')",0.0
opex_costs,"(0, 21, 'HTC', 'water')",0.0
opex_costs,"(0, 21, 'HTC', 'labor')",0.0
opex_costs,"(0, 21, 'HTC', 'diesel')",0.0
opex_costs,"(0, 21, 'HTC', 'TPC')",0.0
opex_costs,"(0, 21, 'CHP', 'heat')",0.0
opex_costs,"(0, 21, 'CHP', 'electricity')",0.0
opex_costs,"(0, 21, 'CHP', 'disposal')",0.0
opex_costs,"(0, 21, 'CHP', 'transportation')",0.0
opex_costs,"(0, 21, 'CHP', 'water')",0.0
opex_costs,"(0, 21, 'CHP', 'labor')",0.0
opex_costs,"(0, 21, 'CHP', 'diesel')",0.0
opex_costs,"(0, 21, 'CHP', 'TPC')",841.7792421479525
opex_costs,"(0, 21, 'Feedstock', 'heat')",0.0
opex_costs,"(0, 21, 'Feedstock', 'electricity')",0.0
opex_costs,"(0, 21, 'Feedstock', 'disposal')",0.0
opex_costs,"(0, 21, 'Feedstock', 'transportation')",0.0
opex_costs,"(0, 21, 'Feedstock', 'water')",0.0
opex_costs,"(0, 21, 'Feedstock', 'labor')",0.0
opex_costs,"(0, 21, 'Feedstock', 'diesel')",0.0
opex_costs,"(0, 21, 'Feedstock', 'TPC')",0.0
opex_costs,"(0, 22, 'Pyrolysis', 'heat')",0.0
opex_costs,"(0, 22, 'Pyrolysis', 'electricity')",0.0
opex_costs,"(0, 22, 'Pyrolysis', 'disposal')",330.6210790466662
opex_costs,"(0, 22, 'Pyrolysis', 'transportation')",8169.694779075816
opex_costs,"(0, 22, 'Pyrolysis', 'water')",0.0
opex_costs,"(0, 22, 'Pyrolysis', 'labor')",9038.477783252152
opex_costs,"(0, 22, 'Pyrolysis', 'diesel')",593.6139757257677
opex_costs,"(0, 22, 'Pyrolysis', 'TPC')",57943.17369434026
opex_costs,"(0, 22, 'AD', 'heat')",0.0
opex_costs,"(0, 22, 'AD', 'electricity')",0.0
opex_costs,"(0, 22, 'AD', 'disposal')",0.0
opex_costs,"(0, 22, 'AD', 'transportation')",0.0
opex_costs,"(0, 22, 'AD', 'water')",0.0
opex_costs,"(0, 22, 'AD', 'labor')",0.0
opex_costs,"(0, 22, 'AD', 'diesel')",0.0
opex_costs,"(0, 22, 'AD', 'TPC')",0.0
opex_costs,"(0, 22, 'HTL', 'heat')",0.0
opex_costs,"(0, 22, 'HTL', 'electricity')",0.0
opex_costs,"(0, 22, 'HTL', 'disposal')",0.0
opex_costs,"(0, 22, 'HTL', 'transportation')",0.0
opex_costs,"(0, 22, 'HTL', 'water')",0.0
opex_costs,"(0, 22, 'HTL', 'labor')",0.0
opex_costs,"(0, 22, 'HTL', 'diesel')",0.0
opex_costs,"(0, 22, 'HTL', 'TPC')",0.0
opex_costs,"(0, 22, 'HTC', 'heat')",0.0
opex_costs,"(0, 22, 'HTC', 'electricity')",0.0
opex_costs,"(0, 22, 'HTC', 'disposal')",0.0
opex_costs,"(0, 22, 'HTC', 'transportation')",0.0
opex_costs,"(0, 22, 'HTC', 'water')",0.0
opex_costs,"(0, 22, 'HTC', 'labor')",0.0
opex_costs,"(0, 22, 'HTC', 'diesel')",0.0
opex_costs,"(0, 22, 'HTC', 'TPC')",0.0
opex_costs,"(0, 22, 'CHP', 'heat')",0.0
opex_costs,"(0, 22, 'CHP', 'electricity')",0.0
opex_costs,"(0, 22, 'CHP', 'disposal')",0.0
opex_costs,"(0, 22, 'CHP', 'transportation')",0.0
opex_costs,"(0, 22, 'CHP', 'water')",0.0
opex_costs,"(0, 22, 'CHP', 'labor')",0.0
opex_costs,"(0, 22, 'CHP', 'diesel')",0.0
opex_costs,"(0, 22, 'CHP', 'TPC')",837.046459768409
opex_costs,"(0, 22, 'Feedstock', 'heat')",0.0
opex_costs,"(0, 22, 'Feedstock', 'electricity')",0.0
opex_costs,"(0, 22, 'Feedstock', 'disposal')",0.0
opex_costs,"(0, 22, 'Feedstock', 'transportation')",0.0
opex_costs,"(0, 22, 'Feedstock', 'water')",0.0
opex_costs,"(0, 22, 'Feedstock', 'labor')",0.0
opex_costs,"(0, 22, 'Feedstock', 'diesel')",0.0
opex_costs,"(0, 22, 'Feedstock', 'TPC')",0.0
opex_costs,"(0, 23, 'Pyrolysis', 'heat')",0.0
opex_costs,"(0, 23, 'Pyrolysis', 'electricity')",0.0
opex_costs,"(0, 23, 'Pyrolysis', 'disposal')",246.57165727826978
opex_costs,"(0, 23, 'Pyrolysis', 'transportation')",8123.7618484917875
opex_costs,"(0, 23, 'Pyrolysis', 'water')",0.0
opex_costs,"(0, 23, 'Pyrolysis', 'labor')",8987.660245531315
opex_costs,"(0, 23, 'Pyrolysis', 'diesel')",590.2764667639206
opex_costs,"(0, 23, 'Pyrolysis', 'TPC')",57617.39655736114
opex_costs,"(0, 23, 'AD', 'heat')",0.0
opex_costs,"(0, 23, 'AD', 'electricity')",0.0
opex_costs,"(0, 23, 'AD', 'disposal')",0.0
opex_costs,"(0, 23, 'AD', 'transportation')",0.0
opex_costs,"(0, 23, 'AD', 'water')",0.0
opex_costs,"(0, 23, 'AD', 'labor')",0.0
opex_costs,"(0, 23, 'AD', 'diesel')",0.0
opex_costs,"(0, 23, 'AD', 'TPC')",0.0
opex_costs,"(0, 23, 'HTL', 'heat')",0.0
opex_costs,"(0, 23, 'HTL', 'electricity')",0.0
opex_costs,"(0, 23, 'HTL', 'disposal')",0.0
opex_costs,"(0, 23, 'HTL', 'transportation')",0.0
opex_costs,"(0, 23, 'HTL', 'water')",0.0
opex_costs,"(0, 23, 'HTL', 'labor')",0.0
opex_costs,"(0, 23, 'HTL', 'diesel')",0.0
opex_costs,"(0, 23, 'HTL', 'TPC')",0.0
opex_costs,"(0, 23, 'HTC', 'heat')",0.0
opex_costs,"(0, 23, 'HTC', 'electricity')",0.0
opex_costs,"(0, 23, 'HTC', 'disposal')",0.0
opex_costs,"(0, 23, 'HTC', 'transportation')",0.0
opex_costs,"(0, 23, 'HTC', 'water')",0.0
opex_costs,"(0, 23, 'HTC', 'labor')",0.0
opex_costs,"(0, 23, 'HTC', 'diesel')",0.0
opex_costs,"(0, 23, 'HTC', 'TPC')",0.0
opex_costs,"(0, 23, 'CHP', 'heat')",0.0
opex_costs,"(0, 23, 'CHP', 'electricity')",0.0
opex_costs,"(0, 23, 'CHP', 'disposal')",0.0
opex_costs,"(0, 23, 'CHP', 'transportation')",0.0
opex_costs,"(0, 23, 'CHP', 'water')",0.0
opex_costs,"(0, 23, 'CHP', 'labor')",0.0
opex_costs,"(0, 23, 'CHP', 'diesel')",0.0
opex_costs,"(0, 23, 'CHP', 'TPC')",832.3402867751875
opex_costs,"(0, 23, 'Feedstock', 'heat')",0.0
opex_costs,"(0, 23, 'Feedstock', 'electricity')",0.0
opex_costs,"(0, 23, 'Feedstock', 'disposal')",0.0
opex_costs,"(0, 23, 'Feedstock', 'transportation')",0.0
opex_costs,"(0, 23, 'Feedstock', 'water')",0.0
opex_costs,"(0, 23, 'Feedstock', 'labor')",0.0
opex_costs,"(0, 23, 'Feedstock', 'diesel')",0.0
opex_costs,"(0, 23, 'Feedstock', 'TPC')",0.0
opex_costs,"(0, 24, 'Pyrolysis', 'heat')",0.0
opex_costs,"(0, 24, 'Pyrolysis', 'electricity')",0.0
opex_costs,"(0, 24, 'Pyrolysis', 'disposal')",245.1853436981396
opex_costs,"(0, 24, 'Pyrolysis', 'transportation')",8078.0871691850825
opex_costs,"(0, 24, 'Pyrolysis', 'water')",0.0
opex_costs,"(0, 24, 'Pyrolysis', 'labor')",8937.128422086926
opex_costs,"(0, 24, 'Pyrolysis', 'diesel')",586.9577224648442
opex_costs,"(0, 24, 'Pyrolysis', 'TPC')",57293.45105534803
opex_costs,"(0, 24, 'AD', 'heat')",0.0
opex_costs,"(0, 24, 'AD', 'electricity')",0.0
opex_costs,"(0, 24, 'AD', 'disposal')",0.0
opex_costs,"(0, 24, 'AD', 'transportation')",0.0
opex_costs,"(0, 24, 'AD', 'water')",0.0
opex_costs,"(0, 24, 'AD', 'labor')",0.0
opex_costs,"(0, 24, 'AD', 'diesel')",0.0
opex_costs,"(0, 24, 'AD', 'TPC')",0.0
opex_costs,"(0, 24, 'HTL', 'heat')",0.0
opex_costs,"(0, 24, 'HTL', 'electricity')",0.0
opex_costs,"(0, 24, 'HTL', 'disposal')",0.0
opex_costs,"(0, 24, 'HTL', 'transportation')",0.0
opex_costs,"(0, 24, 'HTL', 'water')",0.0
opex_costs,"(0, 24, 'HTL', 'labor')",0.0
opex_costs,"(0, 24, 'HTL', 'diesel')",0.0
opex_costs,"(0, 24, 'HTL', 'TPC')",0.0
opex_costs,"(0, 24, 'HTC', 'heat')",0.0
opex_costs,"(0, 24, 'HTC', 'electricity')",0.0
opex_costs,"(0, 24, 'HTC', 'disposal')",0.0
opex_costs,"(0, 24, 'HTC', 'transportation')",0.0
opex_costs,"(0, 24, 'HTC', 'water')",0.0
opex_costs,"(0, 24, 'HTC', 'labor')",0.0
opex_costs,"(0, 24, 'HTC', 'diesel')",0.0
opex_costs,"(0, 24, 'HTC', 'TPC')",0.0
opex_costs,"(0, 24, 'CHP', 'heat')",0.0
opex_costs,"(0, 24, 'CHP', 'electricity')",0.0
opex_costs,"(0, 24, 'CHP', 'disposal')",0.0
opex_costs,"(0, 24, 'CHP', 'transportation')",0.0
opex_costs,"(0, 24, 'CHP', 'water')",0.0
opex_costs,"(0, 24, 'CHP', 'labor')",0.0
opex_costs,"(0, 24, 'CHP', 'diesel')",0.0
opex_costs,"(0, 24, 'CHP', 'TPC')",827.6605735608513
opex_costs,"(0, 24, 'Feedstock', 'heat')",0.0
opex_costs,"(0, 24, 'Feedstock', 'electricity')",0.0
opex_costs,"(0, 24, 'Feedstock', 'disposal')",0.0
opex_costs,"(0, 24, 'Feedstock', 'transportation')",0.0
opex_costs,"(0, 24, 'Feedstock', 'water')",0.0
opex_costs,"(0, 24, 'Feedstock', 'labor')",0.0
opex_costs,"(0, 24, 'Feedstock', 'diesel')",0.0
opex_costs,"(0, 24, 'Feedstock', 'TPC')",0.0
opex_costs,"(0, 25, 'Pyrolysis', 'heat')",0.0
opex_costs,"(0, 25, 'Pyrolysis', 'electricity')",0.0
opex_costs,"(0, 25, 'Pyrolysis', 'disposal')",243.80682446616626
opex_costs,"(0, 25, 'Pyrolysis', 'transportation')",8032.66928917514
opex_costs,"(0, 25, 'Pyrolysis', 'water')",0.0
opex_costs,"(0, 25, 'Pyrolysis', 'labor')",8886.880706531669
opex_costs,"(0, 25, 'Pyrolysis', 'diesel')",583.6576373269282
opex_costs,"(0, 25, 'Pyrolysis', 'TPC')",56971.32689019745
opex_costs,"(0, 25, 'AD', 'heat')",0.0
opex_costs,"(0, 25, 'AD', 'electricity')",0.0
opex_costs,"(0, 25, 'AD', 'disposal')",0.0
opex_costs,"(0, 25, 'AD', 'transportation')",0.0
opex_costs,"(0, 25, 'AD', 'water')",0.0
opex_costs,"(0, 25, 'AD', 'labor')",0.0
opex_costs,"(0, 25, 'AD', 'diesel')",0.0
opex_costs,"(0, 25, 'AD', 'TPC')",0.0
opex_costs,"(0, 25, 'HTL', 'heat')",0.0
opex_costs,"(0, 25, 'HTL', 'electricity')",0.0
opex_costs,"(0, 25, 'HTL', 'disposal')",0.0
opex_costs,"(0, 25, 'HTL', 'transportation')",0.0
opex_costs,"(0, 25, 'HTL', 'water')",0.0
opex_costs,"(0, 25, 'HTL', 'labor')",0.0
opex_costs,"(0, 25, 'HTL', 'diesel')",0.0
opex_costs,"(0, 25, 'HTL', 'TPC')",0.0
opex_costs,"(0, 25, 'HTC', 'heat')",0.0
opex_costs,"(0, 25, 'HTC', 'electricity')",0.0
opex_costs,"(0, 25, 'HTC', 'disposal')",0.0
opex_costs,"(0, 25, 'HTC', 'transportation')",0.0
opex_costs,"(0, 25, 'HTC', 'water')",0.0
opex_costs,"(0, 25, 'HTC', 'labor')",0.0
opex_costs,"(0, 25, 'HTC', 'diesel')",0.0
opex_costs,"(0, 25, 'HTC', 'TPC')",0.0
opex_costs,"(0, 25, 'CHP', 'heat')",0.0
opex_costs,"(0, 25, 'CHP', 'electricity')",0.0
opex_costs,"(0, 25, 'CHP', 'disposal')",0.0
opex_costs,"(0, 25, 'CHP', 'transportation')",0.0
opex_costs,"(0, 25, 'CHP', 'water')",0.0
opex_costs,"(0, 25, 'CHP', 'labor')",0.0
opex_costs,"(0, 25, 'CHP', 'diesel')",0.0
opex_costs,"(0, 25, 'CHP', 'TPC')",823.0071713591096
opex_costs,"(0, 25, 'Feedstock', 'heat')",0.0
opex_costs,"(0, 25, 'Feedstock', 'electricity')",0.0
opex_costs,"(0, 25, 'Feedstock', 'disposal')",0.0
opex_costs,"(0, 25, 'Feedstock', 'transportation')",0.0
opex_costs,"(0, 25, 'Feedstock', 'water')",0.0
opex_costs,"(0, 25, 'Feedstock', 'labor')",0.0
opex_costs,"(0, 25, 'Feedstock', 'diesel')",0.0
opex_costs,"(0, 25, 'Feedstock', 'TPC')",0.0
opex_costs,"(0, 26, 'Pyrolysis', 'heat')",0.0
opex_costs,"(0, 26, 'Pyrolysis', 'electricity')",0.0
opex_costs,"(0, 26, 'Pyrolysis', 'disposal')",242.4360557676346
opex_costs,"(0, 26, 'Pyrolysis', 'transportation')",7987.506764644954
opex_costs,"(0, 26, 'Pyrolysis', 'water')",0.0
opex_costs,"(0, 26, 'Pyrolysis', 'labor')",8836.915501509915
opex_costs,"(0, 26, 'Pyrolysis', 'diesel')",580.3761064417305
opex_costs,"(0, 26, 'Pyrolysis', 'TPC')",56651.01382170562
opex_costs,"(0, 26, 'AD', 'heat')",0.0
opex_costs,"(0, 26, 'AD', 'electricity')",0.0
opex_costs,"(0, 26, 'AD', 'disposal')",0.0
opex_costs,"(0, 26, 'AD', 'transportation')",0.0
opex_costs,"(0, 26, 'AD', 'water')",0.0
opex_costs,"(0, 26, 'AD', 'labor')",0.0
opex_costs,"(0, 26, 'AD', 'diesel')",0.0
opex_costs,"(0, 26, 'AD', 'TPC')",0.0
opex_costs,"(0, 26, 'HTL', 'heat')",0.0
opex_costs,"(0, 26, 'HTL', 'electricity')",0.0
opex_costs,"(0, 26, 'HTL', 'disposal')",0.0
opex_costs,"(0, 26, 'HTL', 'transportation')",0.0
opex_costs,"(0, 26, 'HTL', 'water')",0.0
opex_costs,"(0, 26, 'HTL', 'labor')",0.0
opex_costs,"(0, 26, 'HTL', 'diesel')",0.0
opex_costs,"(0, 26, 'HTL', 'TPC')",0.0
opex_costs,"(0, 26, 'HTC', 'heat')",0.0
opex_costs,"(0, 26, 'HTC', 'electricity')",0.0
opex_costs,"(0, 26, 'HTC', 'disposal')",0.0
opex_costs,"(0, 26, 'HTC', 'transportation')",0.0
opex_costs,"(0, 26, 'HTC', 'water')",0.0
opex_costs,"(0, 26, 'HTC', 'labor')",0.0
opex_costs,"(0, 26, 'HTC', 'diesel')",0.0
opex_costs,"(0, 26, 'HTC', 'TPC')",0.0
opex_costs,"(0, 26, 'CHP', 'heat')",0.0
opex_costs,"(0, 26, 'CHP', 'electricity')",0.0
opex_costs,"(0, 26, 'CHP', 'disposal')",0.0
opex_costs,"(0, 26, 'CHP', 'transportation')",0.0
opex_costs,"(0, 26, 'CHP', 'water')",0.0
opex_costs,"(0, 26, 'CHP', 'labor')",0.0
opex_costs,"(0, 26, 'CHP', 'diesel')",0.0
opex_costs,"(0, 26, 'CHP', 'TPC')",818.3799322400893
opex_costs,"(0, 26, 'Feedstock', 'heat')",0.0
opex_costs,"(0, 26, 'Feedstock', 'electricity')",0.0
opex_costs,"(0, 26, 'Feedstock', 'disposal')",0.0
opex_costs,"(0, 26, 'Feedstock', 'transportation')",0.0
opex_costs,"(0, 26, 'Feedstock', 'water')",0.0
opex_costs,"(0, 26, 'Feedstock', 'labor')",0.0
opex_costs,"(0, 26, 'Feedstock', 'diesel')",0.0
opex_costs,"(0, 26, 'Feedstock', 'TPC')",0.0
opex_costs,"(0, 27, 'Pyrolysis', 'heat')",0.0
opex_costs,"(0, 27, 'Pyrolysis', 'electricity')",0.0
opex_costs,"(0, 27, 'Pyrolysis', 'disposal')",241.0729940026833
opex_costs,"(0, 27, 'Pyrolysis', 'transportation')",7942.598159895169
opex_costs,"(0, 27, 'Pyrolysis', 'water')",0.0
opex_costs,"(0, 27, 'Pyrolysis', 'labor')",8787.231218646939
opex_costs,"(0, 27, 'Pyrolysis', 'diesel')",577.113025490641
opex_costs,"(0, 27, 'Pyrolysis', 'TPC')",56332.50166724278
opex_costs,"(0, 27, 'AD', 'heat')",0.0
opex_costs,"(0, 27, 'AD', 'electricity')",0.0
opex_costs,"(0, 27, 'AD', 'disposal')",0.0
opex_costs,"(0, 27, 'AD', 'transportation')",0.0
opex_costs,"(0, 27, 'AD', 'water')",0.0
opex_costs,"(0, 27, 'AD', 'labor')",0.0
opex_costs,"(0, 27, 'AD', 'diesel')",0.0
opex_costs,"(0, 27, 'AD', 'TPC')",0.0
opex_costs,"(0, 27, 'HTL', 'heat')",0.0
opex_costs,"(0, 27, 'HTL', 'electricity')",0.0
opex_costs,"(0, 27, 'HTL', 'disposal')",0.0
opex_costs,"(0, 27, 'HTL', 'transportation')",0.0
opex_costs,"(0, 27, 'HTL', 'water')",0.0
opex_costs,"(0, 27, 'HTL', 'labor')",0.0
opex_costs,"(0, 27, 'HTL', 'diesel')",0.0
opex_costs,"(0, 27, 'HTL', 'TPC')",0.0
opex_costs,"(0, 27, 'HTC', 'heat')",0.0
opex_costs,"(0, 27, 'HTC', 'electricity')",0.0
opex_costs,"(0, 27, 'HTC', 'disposal')",0.0
opex_costs,"(0, 27, 'HTC', 'transportation')",0.0
opex_costs,"(0, 27, 'HTC', 'water')",0.0
opex_costs,"(0, 27, 'HTC', 'labor')",0.0
opex_costs,"(0, 27, 'HTC', 'diesel')",0.0
opex_costs,"(0, 27, 'HTC', 'TPC')",0.0
opex_costs,"(0, 27, 'CHP', 'heat')",0.0
opex_costs,"(0, 27, 'CHP', 'electricity')",0.0
opex_costs,"(0, 27, 'CHP', 'disposal')",0.0
opex_costs,"(0, 27, 'CHP', 'transportation')",0.0
opex_costs,"(0, 27, 'CHP', 'water')",0.0
opex_costs,"(0, 27, 'CHP', 'labor')",0.0
opex_costs,"(0, 27, 'CHP', 'diesel')",0.0
opex_costs,"(0, 27, 'CHP', 'TPC')",813.778709105631
opex_costs,"(0, 27, 'Feedstock', 'heat')",0.0
opex_costs,"(0, 27, 'Feedstock', 'electricity')",0.0
opex_costs,"(0, 27, 'Feedstock', 'disposal')",0.0
opex_costs,"(0, 27, 'Feedstock', 'transportation')",0.0
opex_costs,"(0, 27, 'Feedstock', 'water')",0.0
opex_costs,"(0, 27, 'Feedstock', 'labor')",0.0
opex_costs,"(0, 27, 'Feedstock', 'diesel')",0.0
opex_costs,"(0, 27, 'Feedstock', 'TPC')",0.0
opex_costs,"(0, 28, 'Pyrolysis', 'heat')",0.0
opex_costs,"(0, 28, 'Pyrolysis', 'electricity')",0.0
opex_costs,"(0, 28, 'Pyrolysis', 'disposal')",239.7175958637504
opex_costs,"(0, 28, 'Pyrolysis', 'transportation')",7897.942047298442
opex_costs,"(0, 28, 'Pyrolysis', 'water')",0.0
opex_costs,"(0, 28, 'Pyrolysis', 'labor')",8737.826278498418
opex_costs,"(0, 28, 'Pyrolysis', 'diesel')",573.8682907415664
opex_costs,"(0, 28, 'Pyrolysis', 'TPC')",56015.78030142954
opex_costs,"(0, 28, 'AD', 'heat')",0.0
opex_costs,"(0, 28, 'AD', 'electricity')",0.0
opex_costs,"(0, 28, 'AD', 'disposal')",0.0
opex_costs,"(0, 28, 'AD', 'transportation')",0.0
opex_costs,"(0, 28, 'AD', 'water')",0.0
opex_costs,"(0, 28, 'AD', 'labor')",0.0
opex_costs,"(0, 28, 'AD', 'diesel')",0.0
opex_costs,"(0, 28, 'AD', 'TPC')",0.0
opex_costs,"(0, 28, 'HTL', 'heat')",0.0
opex_costs,"(0, 28, 'HTL', 'electricity')",0.0
opex_costs,"(0, 28, 'HTL', 'disposal')",0.0
opex_costs,"(0, 28, 'HTL', 'transportation')",0.0
opex_costs,"(0, 28, 'HTL', 'water')",0.0
opex_costs,"(0, 28, 'HTL', 'labor')",0.0
opex_costs,"(0, 28, 'HTL', 'diesel')",0.0
opex_costs,"(0, 28, 'HTL', 'TPC')",0.0
opex_costs,"(0, 28, 'HTC', 'heat')",0.0
opex_costs,"(0, 28, 'HTC', 'electricity')",0.0
opex_costs,"(0, 28, 'HTC', 'disposal')",0.0
opex_costs,"(0, 28, 'HTC', 'transportation')",0.0
opex_costs,"(0, 28, 'HTC', 'water')",0.0
opex_costs,"(0, 28, 'HTC', 'labor')",0.0
opex_costs,"(0, 28, 'HTC', 'diesel')",0.0
opex_costs,"(0, 28, 'HTC', 'TPC')",0.0
opex_costs,"(0, 28, 'CHP', 'heat')",0.0
opex_costs,"(0, 28, 'CHP', 'electricity')",0.0
opex_costs,"(0, 28, 'CHP', 'disposal')",0.0
opex_costs,"(0, 28, 'CHP', 'transportation')",0.0
opex_costs,"(0, 28, 'CHP', 'water')",0.0
opex_costs,"(0, 28, 'CHP', 'labor')",0.0
opex_costs,"(0, 28, 'CHP', 'diesel')",0.0
opex_costs,"(0, 28, 'CHP', 'TPC')",809.2033556846139
opex_costs,"(0, 28, 'Feedstock', 'heat')",0.0
opex_costs,"(0, 28, 'Feedstock', 'electricity')",0.0
opex_costs,"(0, 28, 'Feedstock', 'disposal')",0.0
opex_costs,"(0, 28, 'Feedstock', 'transportation')",0.0
opex_costs,"(0, 28, 'Feedstock', 'water')",0.0
opex_costs,"(0, 28, 'Feedstock', 'labor')",0.0
opex_costs,"(0, 28, 'Feedstock', 'diesel')",0.0
opex_costs,"(0, 28, 'Feedstock', 'TPC')",0.0
opex_costs,"(0, 29, 'Pyrolysis', 'heat')",0.0
opex_costs,"(0, 29, 'Pyrolysis', 'electricity')",0.0
opex_costs,"(0, 29, 'Pyrolysis', 'disposal')",238.36981825536517
opex_costs,"(0, 29, 'Pyrolysis', 'transportation')",34241.421350064724
opex_costs,"(0, 29, 'Pyrolysis', 'water')",0.0
opex_costs,"(0, 29, 'Pyrolysis', 'labor')",8688.699110500233
opex_costs,"(0, 29, 'Pyrolysis', 'diesel')",2487.9982437253884
opex_costs,"(0, 29, 'Pyrolysis', 'TPC')",55700.83965581502
opex_costs,"(0, 29, 'AD', 'heat')",0.0
opex_costs,"(0, 29, 'AD', 'electricity')",0.0
opex_costs,"(0, 29, 'AD', 'disposal')",0.0
opex_costs,"(0, 29, 'AD', 'transportation')",0.0
opex_costs,"(0, 29, 'AD', 'water')",0.0
opex_costs,"(0, 29, 'AD', 'labor')",0.0
opex_costs,"(0, 29, 'AD', 'diesel')",0.0
opex_costs,"(0, 29, 'AD', 'TPC')",0.0
opex_costs,"(0, 29, 'HTL', 'heat')",0.0
opex_costs,"(0, 29, 'HTL', 'electricity')",0.0
opex_costs,"(0, 29, 'HTL', 'disposal')",0.0
opex_costs,"(0, 29, 'HTL', 'transportation')",0.0
opex_costs,"(0, 29, 'HTL', 'water')",0.0
opex_costs,"(0, 29, 'HTL', 'labor')",0.0
opex_costs,"(0, 29, 'HTL', 'diesel')",0.0
opex_costs,"(0, 29, 'HTL', 'TPC')",0.0
opex_costs,"(0, 29, 'HTC', 'heat')",0.0
opex_costs,"(0, 29, 'HTC', 'electricity')",0.0
opex_costs,"(0, 29, 'HTC', 'disposal')",0.0
opex_costs,"(0, 29, 'HTC', 'transportation')",0.0
opex_costs,"(0, 29, 'HTC', 'water')",0.0
opex_costs,"(0, 29, 'HTC', 'labor')",0.0
opex_costs,"(0, 29, 'HTC', 'diesel')",0.0
opex_costs,"(0, 29, 'HTC', 'TPC')",0.0
opex_costs,"(0, 29, 'CHP', 'heat')",0.0
opex_costs,"(0, 29, 'CHP', 'electricity')",0.0
opex_costs,"(0, 29, 'CHP', 'disposal')",0.0
opex_costs,"(0, 29, 'CHP', 'transportation')",0.0
opex_costs,"(0, 29, 'CHP', 'water')",0.0
opex_costs,"(0, 29, 'CHP', 'labor')",0.0
opex_costs,"(0, 29, 'CHP', 'diesel')",0.0
opex_costs,"(0, 29, 'CHP', 'TPC')",804.6537265283056
opex_costs,"(0, 29, 'Feedstock', 'heat')",0.0
opex_costs,"(0, 29, 'Feedstock', 'electricity')",0.0
opex_costs,"(0, 29, 'Feedstock', 'disposal')",0.0
opex_costs,"(0, 29, 'Feedstock', 'transportation')",0.0
opex_costs,"(0, 29, 'Feedstock', 'water')",0.0
opex_costs,"(0, 29, 'Feedstock', 'labor')",0.0
opex_costs,"(0, 29, 'Feedstock', 'diesel')",0.0
opex_costs,"(0, 29, 'Feedstock', 'TPC')",0.0
opex_costs,"(0, 30, 'Pyrolysis', 'heat')",0.0
opex_costs,"(0, 30, 'Pyrolysis', 'electricity')",0.0
opex_costs,"(0, 30, 'Pyrolysis', 'disposal')",316.03949110959167
opex_costs,"(0, 30, 'Pyrolysis', 'transportation')",7809.381628142809
opex_costs,"(0, 30, 'Pyrolysis', 'water')",0.0
opex_costs,"(0, 30, 'Pyrolysis', 'labor')",8639.848152918525
opex_costs,"(0, 30, 'Pyrolysis', 'diesel')",567.4334478339024
opex_costs,"(0, 30, 'Pyrolysis', 'TPC')",55387.66971855672
opex_costs,"(0, 30, 'AD', 'heat')",0.0
opex_costs,"(0, 30, 'AD', 'electricity')",0.0
opex_costs,"(0, 30, 'AD', 'disposal')",0.0
opex_costs,"(0, 30, 'AD', 'transportation')",0.0
opex_costs,"(0, 30, 'AD', 'water')",0.0
opex_costs,"(0, 30, 'AD', 'labor')",0.0
opex_costs,"(0, 30, 'AD', 'diesel')",0.0
opex_costs,"(0, 30, 'AD', 'TPC')",0.0
opex_costs,"(0, 30, 'HTL', 'heat')",0.0
opex_costs,"(0, 30, 'HTL', 'electricity')",0.0
opex_costs,"(0, 30, 'HTL', 'disposal')",0.0
opex_costs,"(0, 30, 'HTL', 'transportation')",0.0
opex_costs,"(0, 30, 'HTL', 'water')",0.0
opex_costs,"(0, 30, 'HTL', 'labor')",0.0
opex_costs,"(0, 30, 'HTL', 'diesel')",0.0
opex_costs,"(0, 30, 'HTL', 'TPC')",0.0
opex_costs,"(0, 30, 'HTC', 'heat')",0.0
opex_costs,"(0, 30, 'HTC', 'electricity')",0.0
opex_costs,"(0, 30, 'HTC', 'disposal')",0.0
opex_costs,"(0, 30, 'HTC', 'transportation')",0.0
opex_costs,"(0, 30, 'HTC', 'water')",0.0
opex_costs,"(0, 30, 'HTC', 'labor')",0.0
opex_costs,"(0, 30, 'HTC', 'diesel')",0.0
opex_costs,"(0, 30, 'HTC', 'TPC')",0.0
opex_costs,"(0, 30, 'CHP', 'heat')",0.0
opex_costs,"(0, 30, 'CHP', 'electricity')",0.0
opex_costs,"(0, 30, 'CHP', 'disposal')",0.0
opex_costs,"(0, 30, 'CHP', 'transportation')",0.0
opex_costs,"(0, 30, 'CHP', 'water')",0.0
opex_costs,"(0, 30, 'CHP', 'labor')",0.0
opex_costs,"(0, 30, 'CHP', 'diesel')",0.0
opex_costs,"(0, 30, 'CHP', 'TPC')",800.1296770057374
opex_costs,"(0, 30, 'Feedstock', 'heat')",0.0
opex_costs,"(0, 30, 'Feedstock', 'electricity')",0.0
opex_costs,"(0, 30, 'Feedstock', 'disposal')",0.0
opex_costs,"(0, 30, 'Feedstock', 'transportation')",0.0
opex_costs,"(0, 30, 'Feedstock', 'water')",0.0
opex_costs,"(0, 30, 'Feedstock', 'labor')",0.0
opex_costs,"(0, 30, 'Feedstock', 'diesel')",0.0
opex_costs,"(0, 30, 'Feedstock', 'TPC')",0.0
opex_costs,"(0, 31, 'Pyrolysis', 'heat')",0.0
opex_costs,"(0, 31, 'Pyrolysis', 'electricity')",0.0
opex_costs,"(0, 31, 'Pyrolysis', 'disposal')",314.26260466327705
opex_costs,"(0, 31, 'Pyrolysis', 'transportation')",7765.474506282101
opex_costs,"(0, 31, 'Pyrolysis', 'water')",0.0
opex_costs,"(0, 31, 'Pyrolysis', 'labor')",8591.271852800071
opex_costs,"(0, 31, 'Pyrolysis', 'diesel')",564.2431351141219
opex_costs,"(0, 31, 'Pyrolysis', 'TPC')",55076.26053410229
opex_costs,"(0, 31, 'AD', 'heat')",0.0
opex_costs,"(0, 31, 'AD', 'electricity')",0.0
opex_costs,"(0, 31, 'AD', 'disposal')",0.0
opex_costs,"(0, 31, 'AD', 'transportation')",0.0
opex_costs,"(0, 31, 'AD', 'water')",0.0
opex_costs,"(0, 31, 'AD', 'labor')",0.0
opex_costs,"(0, 31, 'AD', 'diesel')",0.0
opex_costs,"(0, 31, 'AD', 'TPC')",0.0
opex_costs,"(0, 31, 'HTL', 'heat')",0.0
opex_costs,"(0, 31, 'HTL', 'electricity')",0.0
opex_costs,"(0, 31, 'HTL', 'disposal')",0.0
opex_costs,"(0, 31, 'HTL', 'transportation')",0.0
opex_costs,"(0, 31, 'HTL', 'water')",0.0
opex_costs,"(0, 31, 'HTL', 'labor')",0.0
opex_costs,"(0, 31, 'HTL', 'diesel')",0.0
opex_costs,"(0, 31, 'HTL', 'TPC')",0.0
opex_costs,"(0, 31, 'HTC', 'heat')",0.0
opex_costs,"(0, 31, 'HTC', 'electricity')",0.0
opex_costs,"(0, 31, 'HTC', 'disposal')",0.0
opex_costs,"(0, 31, 'HTC', 'transportation')",0.0
opex_costs,"(0, 31, 'HTC', 'water')",0.0
opex_costs,"(0, 31, 'HTC', 'labor')",0.0
opex_costs,"(0, 31, 'HTC', 'diesel')",0.0
opex_costs,"(0, 31, 'HTC', 'TPC')",0.0
opex_costs,"(0, 31, 'CHP', 'heat')",0.0
opex_costs,"(0, 31, 'CHP', 'electricity')",0.0
opex_costs,"(0, 31, 'CHP', 'disposal')",0.0
opex_costs,"(0, 31, 'CHP', 'transportation')",0.0
opex_costs,"(0, 31, 'CHP', 'water')",0.0
opex_costs,"(0, 31, 'CHP', 'labor')",0.0
opex_costs,"(0, 31, 'CHP', 'diesel')",0.0
opex_costs,"(0, 31, 'CHP', 'TPC')",795.6310632991085
opex_costs,"(0, 31, 'Feedstock', 'heat')",0.0
opex_costs,"(0, 31, 'Feedstock', 'electricity')",0.0
opex_costs,"(0, 31, 'Feedstock', 'disposal')",0.0
opex_costs,"(0, 31, 'Feedstock', 'transportation')",0.0
opex_costs,"(0, 31, 'Feedstock', 'water')",0.0
opex_costs,"(0, 31, 'Feedstock', 'labor')",0.0
opex_costs,"(0, 31, 'Feedstock', 'diesel')",0.0
opex_costs,"(0, 31, 'Feedstock', 'TPC')",0.0
opex_costs,"(0, 32, 'Pyrolysis', 'heat')",0.0
opex_costs,"(0, 32, 'Pyrolysis', 'electricity')",0.0
opex_costs,"(0, 32, 'Pyrolysis', 'disposal')",312.4957084919687
opex_costs,"(0, 32, 'Pyrolysis', 'transportation')",7721.814245881351
opex_costs,"(0, 32, 'Pyrolysis', 'water')",0.0
opex_costs,"(0, 32, 'Pyrolysis', 'labor')",8542.968665922894
opex_costs,"(0, 32, 'Pyrolysis', 'diesel')",561.0707594674708
opex_costs,"(0, 32, 'Pyrolysis', 'TPC')",54766.60220287305
opex_costs,"(0, 32, 'AD', 'heat')",0.0
opex_costs,"(0, 32, 'AD', 'electricity')",0.0
opex_costs,"(0, 32, 'AD', 'disposal')",0.0
opex_costs,"(0, 32, 'AD', 'transportation')",0.0
opex_costs,"(0, 32, 'AD', 'water')",0.0
opex_costs,"(0, 32, 'AD', 'labor')",0.0
opex_costs,"(0, 32, 'AD', 'diesel')",0.0
opex_costs,"(0, 32, 'AD', 'TPC')",0.0
opex_costs,"(0, 32, 'HTL', 'heat')",0.0
opex_costs,"(0, 32, 'HTL', 'electricity')",0.0
opex_costs,"(0, 32, 'HTL', 'disposal')",0.0
opex_costs,"(0, 32, 'HTL', 'transportation')",0.0
opex_costs,"(0, 32, 'HTL', 'water')",0.0
opex_costs,"(0, 32, 'HTL', 'labor')",0.0
opex_costs,"(0, 32, 'HTL', 'diesel')",0.0
opex_costs,"(0, 32, 'HTL', 'TPC')",0.0
opex_costs,"(0, 32, 'HTC', 'heat')",0.0
opex_costs,"(0, 32, 'HTC', 'electricity')",0.0
opex_costs,"(0, 32, 'HTC', 'disposal')",0.0
opex_costs,"(0, 32, 'HTC', 'transportation')",0.0
opex_costs,"(0, 32, 'HTC', 'water')",0.0
opex_costs,"(0, 32, 'HTC', 'labor')",0.0
opex_costs,"(0, 32, 'HTC', 'diesel')",0.0
opex_costs,"(0, 32, 'HTC', 'TPC')",0.0
opex_costs,"(0, 32, 'CHP', 'heat')",0.0
opex_costs,"(0, 32, 'CHP', 'electricity')",0.0
opex_costs,"(0, 32, 'CHP', 'disposal')",0.0
opex_costs,"(0, 32, 'CHP', 'transportation')",0.0
opex_costs,"(0, 32, 'CHP', 'water')",0.0
opex_costs,"(0, 32, 'CHP', 'labor')",0.0
opex_costs,"(0, 32, 'CHP', 'diesel')",0.0
opex_costs,"(0, 32, 'CHP', 'TPC')",791.1577423992119
opex_costs,"(0, 32, 'Feedstock', 'heat')",0.0
opex_costs,"(0, 32, 'Feedstock', 'electricity')",0.0
opex_costs,"(0, 32, 'Feedstock', 'disposal')",0.0
opex_costs,"(0, 32, 'Feedstock', 'transportation')",0.0
opex_costs,"(0, 32, 'Feedstock', 'water')",0.0
opex_costs,"(0, 32, 'Feedstock', 'labor')",0.0
opex_costs,"(0, 32, 'Feedstock', 'diesel')",0.0
opex_costs,"(0, 32, 'Feedstock', 'TPC')",0.0
opex_costs,"(0, 33, 'Pyrolysis', 'heat')",0.0
opex_costs,"(0, 33, 'Pyrolysis', 'electricity')",0.0
opex_costs,"(0, 33, 'Pyrolysis', 'disposal')",310.7387464345071
opex_costs,"(0, 33, 'Pyrolysis', 'transportation')",7678.399458997604
opex_costs,"(0, 33, 'Pyrolysis', 'water')",0.0
opex_costs,"(0, 33, 'Pyrolysis', 'labor')",8494.93705674719
opex_costs,"(0, 33, 'Pyrolysis', 'diesel')",557.9162200453428
opex_costs,"(0, 33, 'Pyrolysis', 'TPC')",54458.68488094928
opex_costs,"(0, 33, 'AD', 'heat')",0.0
opex_costs,"(0, 33, 'AD', 'electricity')",0.0
opex_costs,"(0, 33, 'AD', 'disposal')",0.0
opex_costs,"(0, 33, 'AD', 'transportation')",0.0
opex_costs,"(0, 33, 'AD', 'water')",0.0
opex_costs,"(0, 33, 'AD', 'labor')",0.0
opex_costs,"(0, 33, 'AD', 'diesel')",0.0
opex_costs,"(0, 33, 'AD', 'TPC')",0.0
opex_costs,"(0, 33, 'HTL', 'heat')",0.0
opex_costs,"(0, 33, 'HTL', 'electricity')",0.0
opex_costs,"(0, 33, 'HTL', 'disposal')",0.0
opex_costs,"(0, 33, 'HTL', 'transportation')",0.0
opex_costs,"(0, 33, 'HTL', 'water')",0.0
opex_costs,"(0, 33, 'HTL', 'labor')",0.0
opex_costs,"(0, 33, 'HTL', 'diesel')",0.0
opex_costs,"(0, 33, 'HTL', 'TPC')",0.0
opex_costs,"(0, 33, 'HTC', 'heat')",0.0
opex_costs,"(0, 33, 'HTC', 'electricity')",0.0
opex_costs,"(0, 33, 'HTC', 'disposal')",0.0
opex_costs,"(0, 33, 'HTC', 'transportation')",0.0
opex_costs,"(0, 33, 'HTC', 'water')",0.0
opex_costs,"(0, 33, 'HTC', 'labor')",0.0
opex_costs,"(0, 33, 'HTC', 'diesel')",0.0
opex_costs,"(0, 33, 'HTC', 'TPC')",0.0
opex_costs,"(0, 33, 'CHP', 'heat')",0.0
opex_costs,"(0, 33, 'CHP', 'electricity')",0.0
opex_costs,"(0, 33, 'CHP', 'disposal')",0.0
opex_costs,"(0, 33, 'CHP', 'transportation')",0.0
opex_costs,"(0, 33, 'CHP', 'water')",0.0
opex_costs,"(0, 33, 'CHP', 'labor')",0.0
opex_costs,"(0, 33, 'CHP', 'diesel')",0.0
opex_costs,"(0, 33, 'CHP', 'TPC')",786.7095721008902
opex_costs,"(0, 33, 'Feedstock', 'heat')",0.0
opex_costs,"(0, 33, 'Feedstock', 'electricity')",0.0
opex_costs,"(0, 33, 'Feedstock', 'disposal')",0.0
opex_costs,"(0, 33, 'Feedstock', 'transportation')",0.0
opex_costs,"(0, 33, 'Feedstock', 'water')",0.0
opex_costs,"(0, 33, 'Feedstock', 'labor')",0.0
opex_costs,"(0, 33, 'Feedstock', 'diesel')",0.0
opex_costs,"(0, 33, 'Feedstock', 'TPC')",0.0
opex_costs,"(0, 34, 'Pyrolysis', 'heat')",0.0
opex_costs,"(0, 34, 'Pyrolysis', 'electricity')",0.0
opex_costs,"(0, 34, 'Pyrolysis', 'disposal')",231.7437469877893
opex_costs,"(0, 34, 'Pyrolysis', 'transportation')",7635.228765491417
opex_costs,"(0, 34, 'Pyrolysis', 'water')",0.0
opex_costs,"(0, 34, 'Pyrolysis', 'labor')",8447.175498366498
opex_costs,"(0, 34, 'Pyrolysis', 'diesel')",554.779416566138
opex_costs,"(0, 34, 'Pyrolysis', 'TPC')",54152.49877975725
opex_costs,"(0, 34, 'AD', 'heat')",0.0
opex_costs,"(0, 34, 'AD', 'electricity')",0.0
opex_costs,"(0, 34, 'AD', 'disposal')",0.0
opex_costs,"(0, 34, 'AD', 'transportation')",0.0
opex_costs,"(0, 34, 'AD', 'water')",0.0
opex_costs,"(0, 34, 'AD', 'labor')",0.0
opex_costs,"(0, 34, 'AD', 'diesel')",0.0
opex_costs,"(0, 34, 'AD', 'TPC')",0.0
opex_costs,"(0, 34, 'HTL', 'heat')",0.0
opex_costs,"(0, 34, 'HTL', 'electricity')",0.0
opex_costs,"(0, 34, 'HTL', 'disposal')",0.0
opex_costs,"(0, 34, 'HTL', 'transportation')",0.0
opex_costs,"(0, 34, 'HTL', 'water')",0.0
opex_costs,"(0, 34, 'HTL', 'labor')",0.0
opex_costs,"(0, 34, 'HTL', 'diesel')",0.0
opex_costs,"(0, 34, 'HTL', 'TPC')",0.0
opex_costs,"(0, 34, 'HTC', 'heat')",0.0
opex_costs,"(0, 34, 'HTC', 'electricity')",0.0
opex_costs,"(0, 34, 'HTC', 'disposal')",0.0
opex_costs,"(0, 34, 'HTC', 'transportation')",0.0
opex_costs,"(0, 34, 'HTC', 'water')",0.0
opex_costs,"(0, 34, 'HTC', 'labor')",0.0
opex_costs,"(0, 34, 'HTC', 'diesel')",0.0
opex_costs,"(0, 34, 'HTC', 'TPC')",0.0
opex_costs,"(0, 34, 'CHP', 'heat')",0.0
opex_costs,"(0, 34, 'CHP', 'electricity')",0.0
opex_costs,"(0, 34, 'CHP', 'disposal')",0.0
opex_costs,"(0, 34, 'CHP', 'transportation')",0.0
opex_costs,"(0, 34, 'CHP', 'water')",0.0
opex_costs,"(0, 34, 'CHP', 'labor')",0.0
opex_costs,"(0, 34, 'CHP', 'diesel')",0.0
opex_costs,"(0, 34, 'CHP', 'TPC')",782.2864109985131
opex_costs,"(0, 34, 'Feedstock', 'heat')",0.0
opex_costs,"(0, 34, 'Feedstock', 'electricity')",0.0
opex_costs,"(0, 34, 'Feedstock', 'disposal')",0.0
opex_costs,"(0, 34, 'Feedstock', 'transportation')",0.0
opex_costs,"(0, 34, 'Feedstock', 'water')",0.0
opex_costs,"(0, 34, 'Feedstock', 'labor')",0.0
opex_costs,"(0, 34, 'Feedstock', 'diesel')",0.0
opex_costs,"(0, 34, 'Feedstock', 'TPC')",0.0
opex_costs,"(0, 35, 'Pyrolysis', 'heat')",0.0
opex_costs,"(0, 35, 'Pyrolysis', 'electricity')",0.0
opex_costs,"(0, 35, 'Pyrolysis', 'disposal')",230.44080119464465
opex_costs,"(0, 35, 'Pyrolysis', 'transportation')",7592.300792982978
opex_costs,"(0, 35, 'Pyrolysis', 'water')",0.0
opex_costs,"(0, 35, 'Pyrolysis', 'labor')",8399.682472459173
opex_costs,"(0, 35, 'Pyrolysis', 'diesel')",551.6602493120753
opex_costs,"(0, 35, 'Pyrolysis', 'TPC')",53848.03416575809
opex_costs,"(0, 35, 'AD', 'heat')",0.0
opex_costs,"(0, 35, 'AD', 'electricity')",0.0
opex_costs,"(0, 35, 'AD', 'disposal')",0.0
opex_costs,"(0, 35, 'AD', 'transportation')",0.0
opex_costs,"(0, 35, 'AD', 'water')",0.0
opex_costs,"(0, 35, 'AD', 'labor')",0.0
opex_costs,"(0, 35, 'AD', 'diesel')",0.0
opex_costs,"(0, 35, 'AD', 'TPC')",0.0
opex_costs,"(0, 35, 'HTL', 'heat')",0.0
opex_costs,"(0, 35, 'HTL', 'electricity')",0.0
opex_costs,"(0, 35, 'HTL', 'disposal')",0.0
opex_costs,"(0, 35, 'HTL', 'transportation')",0.0
opex_costs,"(0, 35, 'HTL', 'water')",0.0
opex_costs,"(0, 35, 'HTL', 'labor')",0.0
opex_costs,"(0, 35, 'HTL', 'diesel')",0.0
opex_costs,"(0, 35, 'HTL', 'TPC')",0.0
opex_costs,"(0, 35, 'HTC', 'heat')",0.0
opex_costs,"(0, 35, 'HTC', 'electricity')",0.0
opex_costs,"(0, 35, 'HTC', 'disposal')",0.0
opex_costs,"(0, 35, 'HTC', 'transportation')",0.0
opex_costs,"(0, 35, 'HTC', 'water')",0.0
opex_costs,"(0, 35, 'HTC', 'labor')",0.0
opex_costs,"(0, 35, 'HTC', 'diesel')",0.0
opex_costs,"(0, 35, 'HTC', 'TPC')",0.0
opex_costs,"(0, 35, 'CHP', 'heat')",0.0
opex_costs,"(0, 35, 'CHP', 'electricity')",0.0
opex_costs,"(0, 35, 'CHP', 'disposal')",0.0
opex_costs,"(0, 35, 'CHP', 'transportation')",0.0
opex_costs,"(0, 35, 'CHP', 'water')",0.0
opex_costs,"(0, 35, 'CHP', 'labor')",0.0
opex_costs,"(0, 35, 'CHP', 'diesel')",0.0
opex_costs,"(0, 35, 'CHP', 'TPC')",777.8881184814837
opex_costs,"(0, 35, 'Feedstock', 'heat')",0.0
opex_costs,"(0, 35, 'Feedstock', 'electricity')",0.0
opex_costs,"(0, 35, 'Feedstock', 'disposal')",0.0
opex_costs,"(0, 35, 'Feedstock', 'transportation')",0.0
opex_costs,"(0, 35, 'Feedstock', 'water')",0.0
opex_costs,"(0, 35, 'Feedstock', 'labor')",0.0
opex_costs,"(0, 35, 'Feedstock', 'diesel')",0.0
opex_costs,"(0, 35, 'Feedstock', 'TPC')",0.0
opex_costs,"(0, 36, 'Pyrolysis', 'heat')",0.0
opex_costs,"(0, 36, 'Pyrolysis', 'electricity')",0.0
opex_costs,"(0, 36, 'Pyrolysis', 'disposal')",229.14518102629867
opex_costs,"(0, 36, 'Pyrolysis', 'transportation')",7549.614176808489
opex_costs,"(0, 36, 'Pyrolysis', 'water')",0.0
opex_costs,"(0, 36, 'Pyrolysis', 'labor')",8352.456469240116
opex_costs,"(0, 36, 'Pyrolysis', 'diesel')",548.5586191260226
opex_costs,"(0, 36, 'Pyrolysis', 'TPC')",53545.28136013834
opex_costs,"(0, 36, 'AD', 'heat')",0.0
opex_costs,"(0, 36, 'AD', 'electricity')",0.0
opex_costs,"(0, 36, 'AD', 'disposal')",0.0
opex_costs,"(0, 36, 'AD', 'transportation')",0.0
opex_costs,"(0, 36, 'AD', 'water')",0.0
opex_costs,"(0, 36, 'AD', 'labor')",0.0
opex_costs,"(0, 36, 'AD', 'diesel')",0.0
opex_costs,"(0, 36, 'AD', 'TPC')",0.0
opex_costs,"(0, 36, 'HTL', 'heat')",0.0
opex_costs,"(0, 36, 'HTL', 'electricity')",0.0
opex_costs,"(0, 36, 'HTL', 'disposal')",0.0
opex_costs,"(0, 36, 'HTL', 'transportation')",0.0
opex_costs,"(0, 36, 'HTL', 'water')",0.0
opex_costs,"(0, 36, 'HTL', 'labor')",0.0
opex_costs,"(0, 36, 'HTL', 'diesel')",0.0
opex_costs,"(0, 36, 'HTL', 'TPC')",0.0
opex_costs,"(0, 36, 'HTC', 'heat')",0.0
opex_costs,"(0, 36, 'HTC', 'electricity')",0.0
opex_costs,"(0, 36, 'HTC', 'disposal')",0.0
opex_costs,"(0, 36, 'HTC', 'transportation')",0.0
opex_costs,"(0, 36, 'HTC', 'water')",0.0
opex_costs,"(0, 36, 'HTC', 'labor')",0.0
opex_costs,"(0, 36, 'HTC', 'diesel')",0.0
opex_costs,"(0, 36, 'HTC', 'TPC')",0.0
opex_costs,"(0, 36, 'CHP', 'heat')",0.0
opex_costs,"(0, 36, 'CHP', 'electricity')",0.0
opex_costs,"(0, 36, 'CHP', 'disposal')",0.0
opex_costs,"(0, 36, 'CHP', 'transportation')",0.0
opex_costs,"(0, 36, 'CHP', 'water')",0.0
opex_costs,"(0, 36, 'CHP', 'labor')",0.0
opex_costs,"(0, 36, 'CHP', 'diesel')",0.0
opex_costs,"(0, 36, 'CHP', 'TPC')",773.5145547297675
opex_costs,"(0, 36, 'Feedstock', 'heat')",0.0
opex_costs,"(0, 36, 'Feedstock', 'electricity')",0.0
opex_costs,"(0, 36, 'Feedstock', 'disposal')",0.0
opex_costs,"(0, 36, 'Feedstock', 'transportation')",0.0
opex_costs,"(0, 36, 'Feedstock', 'water')",0.0
opex_costs,"(0, 36, 'Feedstock', 'labor')",0.0
opex_costs,"(0, 36, 'Feedstock', 'diesel')",0.0
opex_costs,"(0, 36, 'Feedstock', 'TPC')",0.0
opex_costs,"(0, 37, 'Pyrolysis', 'heat')",0.0
opex_costs,"(0, 37, 'Pyrolysis', 'electricity')",0.0
opex_costs,"(0, 37, 'Pyrolysis', 'disposal')",227.85684529548251
opex_costs,"(0, 37, 'Pyrolysis', 'transportation')",7507.167559976768
opex_costs,"(0, 37, 'Pyrolysis', 'water')",0.0
opex_costs,"(0, 37, 'Pyrolysis', 'labor')",8305.495987412774
opex_costs,"(0, 37, 'Pyrolysis', 'diesel')",545.4744274083442
opex_costs,"(0, 37, 'Pyrolysis', 'TPC')",53244.2307385023
opex_costs,"(0, 37, 'AD', 'heat')",0.0
opex_costs,"(0, 37, 'AD', 'electricity')",0.0
opex_costs,"(0, 37, 'AD', 'disposal')",0.0
opex_costs,"(0, 37, 'AD', 'transportation')",0.0
opex_costs,"(0, 37, 'AD', 'water')",0.0
opex_costs,"(0, 37, 'AD', 'labor')",0.0
opex_costs,"(0, 37, 'AD', 'diesel')",0.0
opex_costs,"(0, 37, 'AD', 'TPC')",0.0
opex_costs,"(0, 37, 'HTL', 'heat')",0.0
opex_costs,"(0, 37, 'HTL', 'electricity')",0.0
opex_costs,"(0, 37, 'HTL', 'disposal')",0.0
opex_costs,"(0, 37, 'HTL', 'transportation')",0.0
opex_costs,"(0, 37, 'HTL', 'water')",0.0
opex_costs,"(0, 37, 'HTL', 'labor')",0.0
opex_costs,"(0, 37, 'HTL', 'diesel')",0.0
opex_costs,"(0, 37, 'HTL', 'TPC')",0.0
opex_costs,"(0, 37, 'HTC', 'heat')",0.0
opex_costs,"(0, 37, 'HTC', 'electricity')",0.0
opex_costs,"(0, 37, 'HTC', 'disposal')",0.0
opex_costs,"(0, 37, 'HTC', 'transportation')",0.0
opex_costs,"(0, 37, 'HTC', 'water')",0.0
opex_costs,"(0, 37, 'HTC', 'labor')",0.0
opex_costs,"(0, 37, 'HTC', 'diesel')",0.0
opex_costs,"(0, 37, 'HTC', 'TPC')",0.0
opex_costs,"(0, 37, 'CHP', 'heat')",0.0
opex_costs,"(0, 37, 'CHP', 'electricity')",0.0
opex_costs,"(0, 37, 'CHP', 'disposal')",0.0
opex_costs,"(0, 37, 'CHP', 'transportation')",0.0
opex_costs,"(0, 37, 'CHP', 'water')",0.0
opex_costs,"(0, 37, 'CHP', 'labor')",0.0
opex_costs,"(0, 37, 'CHP', 'diesel')",0.0
opex_costs,"(0, 37, 'CHP', 'TPC')",769.1655807094484
opex_costs,"(0, 37, 'Feedstock', 'heat')",0.0
opex_costs,"(0, 37, 'Feedstock', 'electricity')",0.0
opex_costs,"(0, 37, 'Feedstock', 'disposal')",0.0
opex_costs,"(0, 37, 'Feedstock', 'transportation')",0.0
opex_costs,"(0, 37, 'Feedstock', 'water')",0.0
opex_costs,"(0, 37, 'Feedstock', 'labor')",0.0
opex_costs,"(0, 37, 'Feedstock', 'diesel')",0.0
opex_costs,"(0, 37, 'Feedstock', 'TPC')",0.0
opex_costs,"(0, 38, 'Pyrolysis', 'heat')",0.0
opex_costs,"(0, 38, 'Pyrolysis', 'electricity')",0.0
opex_costs,"(0, 38, 'Pyrolysis', 'disposal')",226.57575304649677
opex_costs,"(0, 38, 'Pyrolysis', 'transportation')",7464.9595931261265
opex_costs,"(0, 38, 'Pyrolysis', 'water')",0.0
opex_costs,"(0, 38, 'Pyrolysis', 'labor')",8258.799534121417
opex_costs,"(0, 38, 'Pyrolysis', 'diesel')",542.4075761137668
opex_costs,"(0, 38, 'Pyrolysis', 'TPC')",52944.87273056601
opex_costs,"(0, 38, 'AD', 'heat')",0.0
opex_costs,"(0, 38, 'AD', 'electricity')",0.0
opex_costs,"(0, 38, 'AD', 'disposal')",0.0
opex_costs,"(0, 38, 'AD', 'transportation')",0.0
opex_costs,"(0, 38, 'AD', 'water')",0.0
opex_costs,"(0, 38, 'AD', 'labor')",0.0
opex_costs,"(0, 38, 'AD', 'diesel')",0.0
opex_costs,"(0, 38, 'AD', 'TPC')",0.0
opex_costs,"(0, 38, 'HTL', 'heat')",0.0
opex_costs,"(0, 38, 'HTL', 'electricity')",0.0
opex_costs,"(0, 38, 'HTL', 'disposal')",0.0
opex_costs,"(0, 38, 'HTL', 'transportation')",0.0
opex_costs,"(0, 38, 'HTL', 'water')",0.0
opex_costs,"(0, 38, 'HTL', 'labor')",0.0
opex_costs,"(0, 38, 'HTL', 'diesel')",0.0
opex_costs,"(0, 38, 'HTL', 'TPC')",0.0
opex_costs,"(0, 38, 'HTC', 'heat')",0.0
opex_costs,"(0, 38, 'HTC', 'electricity')",0.0
opex_costs,"(0, 38, 'HTC', 'disposal')",0.0
opex_costs,"(0, 38, 'HTC', 'transportation')",0.0
opex_costs,"(0, 38, 'HTC', 'water')",0.0
opex_costs,"(0, 38, 'HTC', 'labor')",0.0
opex_costs,"(0, 38, 'HTC', 'diesel')",0.0
opex_costs,"(0, 38, 'HTC', 'TPC')",0.0
opex_costs,"(0, 38, 'CHP', 'heat')",0.0
opex_costs,"(0, 38, 'CHP', 'electricity')",0.0
opex_costs,"(0, 38, 'CHP', 'disposal')",0.0
opex_costs,"(0, 38, 'CHP', 'transportation')",0.0
opex_costs,"(0, 38, 'CHP', 'water')",0.0
opex_costs,"(0, 38, 'CHP', 'labor')",0.0
opex_costs,"(0, 38, 'CHP', 'diesel')",0.0
opex_costs,"(0, 38, 'CHP', 'TPC')",764.8410581683078
opex_costs,"(0, 38, 'Feedstock', 'heat')",0.0
opex_costs,"(0, 38, 'Feedstock', 'electricity')",0.0
opex_costs,"(0, 38, 'Feedstock', 'disposal')",0.0
opex_costs,"(0, 38, 'Feedstock', 'transportation')",0.0
opex_costs,"(0, 38, 'Feedstock', 'water')",0.0
opex_costs,"(0, 38, 'Feedstock', 'labor')",0.0
opex_costs,"(0, 38, 'Feedstock', 'diesel')",0.0
opex_costs,"(0, 38, 'Feedstock', 'TPC')",0.0
opex_costs,"(0, 39, 'Pyrolysis', 'heat')",0.0
opex_costs,"(0, 39, 'Pyrolysis', 'electricity')",0.0
opex_costs,"(0, 39, 'Pyrolysis', 'disposal')",225.30186355390964
opex_costs,"(0, 39, 'Pyrolysis', 'transportation')",7422.988934481467
opex_costs,"(0, 39, 'Pyrolysis', 'water')",0.0
opex_costs,"(0, 39, 'Pyrolysis', 'labor')",8212.365624903683
opex_costs,"(0, 39, 'Pyrolysis', 'diesel')",539.3579677482627
opex_costs,"(0, 39, 'Pyrolysis', 'TPC')",52647.19781985307
opex_costs,"(0, 39, 'AD', 'heat')",0.0
opex_costs,"(0, 39, 'AD', 'electricity')",0.0
opex_costs,"(0, 39, 'AD', 'disposal')",0.0
opex_costs,"(0, 39, 'AD', 'transportation')",0.0
opex_costs,"(0, 39, 'AD', 'water')",0.0
opex_costs,"(0, 39, 'AD', 'labor')",0.0
opex_costs,"(0, 39, 'AD', 'diesel')",0.0
opex_costs,"(0, 39, 'AD', 'TPC')",0.0
opex_costs,"(0, 39, 'HTL', 'heat')",0.0
opex_costs,"(0, 39, 'HTL', 'electricity')",0.0
opex_costs,"(0, 39, 'HTL', 'disposal')",0.0
opex_costs,"(0, 39, 'HTL', 'transportation')",0.0
opex_costs,"(0, 39, 'HTL', 'water')",0.0
opex_costs,"(0, 39, 'HTL', 'labor')",0.0
opex_costs,"(0, 39, 'HTL', 'diesel')",0.0
opex_costs,"(0, 39, 'HTL', 'TPC')",0.0
opex_costs,"(0, 39, 'HTC', 'heat')",0.0
opex_costs,"(0, 39, 'HTC', 'electricity')",0.0
opex_costs,"(0, 39, 'HTC', 'disposal')",0.0
opex_costs,"(0, 39, 'HTC', 'transportation')",0.0
opex_costs,"(0, 39, 'HTC', 'water')",0.0
opex_costs,"(0, 39, 'HTC', 'labor')",0.0
opex_costs,"(0, 39, 'HTC', 'diesel')",0.0
opex_costs,"(0, 39, 'HTC', 'TPC')",0.0
opex_costs,"(0, 39, 'CHP', 'heat')",0.0
opex_costs,"(0, 39, 'CHP', 'electricity')",0.0
opex_costs,"(0, 39, 'CHP', 'disposal')",0.0
opex_costs,"(0, 39, 'CHP', 'transportation')",0.0
opex_costs,"(0, 39, 'CHP', 'water')",0.0
opex_costs,"(0, 39, 'CHP', 'labor')",0.0
opex_costs,"(0, 39, 'CHP', 'diesel')",0.0
opex_costs,"(0, 39, 'CHP', 'TPC')",760.540849631431
opex_costs,"(0, 39, 'Feedstock', 'heat')",0.0
opex_costs,"(0, 39, 'Feedstock', 'electricity')",0.0
opex_costs,"(0, 39, 'Feedstock', 'disposal')",0.0
opex_costs,"(0, 39, 'Feedstock', 'transportation')",0.0
opex_costs,"(0, 39, 'Feedstock', 'water')",0.0
opex_costs,"(0, 39, 'Feedstock', 'labor')",0.0
opex_costs,"(0, 39, 'Feedstock', 'diesel')",0.0
opex_costs,"(0, 39, 'Feedstock', 'TPC')",0.0
opex_costs,"(0, 40, 'Pyrolysis', 'heat')",0.0
opex_costs,"(0, 40, 'Pyrolysis', 'electricity')",0.0
opex_costs,"(0, 40, 'Pyrolysis', 'disposal')",224.03513632126206
opex_costs,"(0, 40, 'Pyrolysis', 'transportation')",7381.25424981163
opex_costs,"(0, 40, 'Pyrolysis', 'water')",0.0
opex_costs,"(0, 40, 'Pyrolysis', 'labor')",8166.192783643382
opex_costs,"(0, 40, 'Pyrolysis', 'diesel')",536.32550536595
opex_costs,"(0, 40, 'Pyrolysis', 'TPC')",52351.19654339211
opex_costs,"(0, 40, 'AD', 'heat')",0.0
opex_costs,"(0, 40, 'AD', 'electricity')",0.0
opex_costs,"(0, 40, 'AD', 'disposal')",0.0
opex_costs,"(0, 40, 'AD', 'transportation')",0.0
opex_costs,"(0, 40, 'AD', 'water')",0.0
opex_costs,"(0, 40, 'AD', 'labor')",0.0
opex_costs,"(0, 40, 'AD', 'diesel')",0.0
opex_costs,"(0, 40, 'AD', 'TPC')",0.0
opex_costs,"(0, 40, 'HTL', 'heat')",0.0
opex_costs,"(0, 40, 'HTL', 'electricity')",0.0
opex_costs,"(0, 40, 'HTL', 'disposal')",0.0
opex_costs,"(0, 40, 'HTL', 'transportation')",0.0
opex_costs,"(0, 40, 'HTL', 'water')",0.0
opex_costs,"(0, 40, 'HTL', 'labor')",0.0
opex_costs,"(0, 40, 'HTL', 'diesel')",0.0
opex_costs,"(0, 40, 'HTL', 'TPC')",0.0
opex_costs,"(0, 40, 'HTC', 'heat')",0.0
opex_costs,"(0, 40, 'HTC', 'electricity')",0.0
opex_costs,"(0, 40, 'HTC', 'disposal')",0.0
opex_costs,"(0, 40, 'HTC', 'transportation')",0.0
opex_costs,"(0, 40, 'HTC', 'water')",0.0
opex_costs,"(0, 40, 'HTC', 'labor')",0.0
opex_costs,"(0, 40, 'HTC', 'diesel')",0.0
opex_costs,"(0, 40, 'HTC', 'TPC')",0.0
opex_costs,"(0, 40, 'CHP', 'heat')",0.0
opex_costs,"(0, 40, 'CHP', 'electricity')",0.0
opex_costs,"(0, 40, 'CHP', 'disposal')",0.0
opex_costs,"(0, 40, 'CHP', 'transportation')",0.0
opex_costs,"(0, 40, 'CHP', 'water')",0.0
opex_costs,"(0, 40, 'CHP', 'labor')",0.0
opex_costs,"(0, 40, 'CHP', 'diesel')",0.0
opex_costs,"(0, 40, 'CHP', 'TPC')",756.2648183968357
opex_costs,"(0, 40, 'Feedstock', 'heat')",0.0
opex_costs,"(0, 40, 'Feedstock', 'electricity')",0.0
opex_costs,"(0, 40, 'Feedstock', 'disposal')",0.0
opex_costs,"(0, 40, 'Feedstock', 'transportation')",0.0
opex_costs,"(0, 40, 'Feedstock', 'water')",0.0
opex_costs,"(0, 40, 'Feedstock', 'labor')",0.0
opex_costs,"(0, 40, 'Feedstock', 'diesel')",0.0
opex_costs,"(0, 40, 'Feedstock', 'TPC')",0.0
opex_costs,"(0, 41, 'Pyrolysis', 'heat')",0.0
opex_costs,"(0, 41, 'Pyrolysis', 'electricity')",0.0
opex_costs,"(0, 41, 'Pyrolysis', 'disposal')",222.77553107978056
opex_costs,"(0, 41, 'Pyrolysis', 'transportation')",35524.41038715105
opex_costs,"(0, 41, 'Pyrolysis', 'water')",0.0
opex_costs,"(0, 41, 'Pyrolysis', 'labor')",8120.279542523581
opex_costs,"(0, 41, 'Pyrolysis', 'diesel')",2581.2208479612286
opex_costs,"(0, 41, 'Pyrolysis', 'TPC')",52056.85949141591
opex_costs,"(0, 41, 'AD', 'heat')",0.0
opex_costs,"(0, 41, 'AD', 'electricity')",0.0
opex_costs,"(0, 41, 'AD', 'disposal')",0.0
opex_costs,"(0, 41, 'AD', 'transportation')",0.0
opex_costs,"(0, 41, 'AD', 'water')",0.0
opex_costs,"(0, 41, 'AD', 'labor')",0.0
opex_costs,"(0, 41, 'AD', 'diesel')",0.0
opex_costs,"(0, 41, 'AD', 'TPC')",0.0
opex_costs,"(0, 41, 'HTL', 'heat')",0.0
opex_costs,"(0, 41, 'HTL', 'electricity')",0.0
opex_costs,"(0, 41, 'HTL', 'disposal')",0.0
opex_costs,"(0, 41, 'HTL', 'transportation')",0.0
opex_costs,"(0, 41, 'HTL', 'water')",0.0
opex_costs,"(0, 41, 'HTL', 'labor')",0.0
opex_costs,"(0, 41, 'HTL', 'diesel')",0.0
opex_costs,"(0, 41, 'HTL', 'TPC')",0.0
opex_costs,"(0, 41, 'HTC', 'heat')",0.0
opex_costs,"(0, 41, 'HTC', 'electricity')",0.0
opex_costs,"(0, 41, 'HTC', 'disposal')",0.0
opex_costs,"(0, 41, 'HTC', 'transportation')",0.0
opex_costs,"(0, 41, 'HTC', 'water')",0.0
opex_costs,"(0, 41, 'HTC', 'labor')",0.0
opex_costs,"(0, 41, 'HTC', 'diesel')",0.0
opex_costs,"(0, 41, 'HTC', 'TPC')",0.0
opex_costs,"(0, 41, 'CHP', 'heat')",0.0
opex_costs,"(0, 41, 'CHP', 'electricity')",0.0
opex_costs,"(0, 41, 'CHP', 'disposal')",0.0
opex_costs,"(0, 41, 'CHP', 'transportation')",0.0
opex_costs,"(0, 41, 'CHP', 'water')",0.0
opex_costs,"(0, 41, 'CHP', 'labor')",0.0
opex_costs,"(0, 41, 'CHP', 'diesel')",0.0
opex_costs,"(0, 41, 'CHP', 'TPC')",752.0128285311267
opex_costs,"(0, 41, 'Feedstock', 'heat')",0.0
opex_costs,"(0, 41, 'Feedstock', 'electricity')",0.0
opex_costs,"(0, 41, 'Feedstock', 'disposal')",0.0
opex_costs,"(0, 41, 'Feedstock', 'transportation')",0.0
opex_costs,"(0, 41, 'Feedstock', 'water')",0.0
opex_costs,"(0, 41, 'Feedstock', 'labor')",0.0
opex_costs,"(0, 41, 'Feedstock', 'diesel')",0.0
opex_costs,"(0, 41, 'Feedstock', 'TPC')",0.0
opex_costs,"(0, 42, 'Pyrolysis', 'heat')",0.0
opex_costs,"(0, 42, 'Pyrolysis', 'electricity')",0.0
opex_costs,"(0, 42, 'Pyrolysis', 'disposal')",295.364010382796
opex_costs,"(0, 42, 'Pyrolysis', 'transportation')",7298.487502937206
opex_costs,"(0, 42, 'Pyrolysis', 'water')",0.0
opex_costs,"(0, 42, 'Pyrolysis', 'labor')",8074.62444197993
opex_costs,"(0, 42, 'Pyrolysis', 'diesel')",530.3116334896284
opex_costs,"(0, 42, 'Pyrolysis', 'TPC')",51764.17730706235
opex_costs,"(0, 42, 'AD', 'heat')",0.0
opex_costs,"(0, 42, 'AD', 'electricity')",0.0
opex_costs,"(0, 42, 'AD', 'disposal')",0.0
opex_costs,"(0, 42, 'AD', 'transportation')",0.0
opex_costs,"(0, 42, 'AD', 'water')",0.0
opex_costs,"(0, 42, 'AD', 'labor')",0.0
opex_costs,"(0, 42, 'AD', 'diesel')",0.0
opex_costs,"(0, 42, 'AD', 'TPC')",0.0
opex_costs,"(0, 42, 'HTL', 'heat')",0.0
opex_costs,"(0, 42, 'HTL', 'electricity')",0.0
opex_costs,"(0, 42, 'HTL', 'disposal')",0.0
opex_costs,"(0, 42, 'HTL', 'transportation')",0.0
opex_costs,"(0, 42, 'HTL', 'water')",0.0
opex_costs,"(0, 42, 'HTL', 'labor')",0.0
opex_costs,"(0, 42, 'HTL', 'diesel')",0.0
opex_costs,"(0, 42, 'HTL', 'TPC')",0.0
opex_costs,"(0, 42, 'HTC', 'heat')",0.0
opex_costs,"(0, 42, 'HTC', 'electricity')",0.0
opex_costs,"(0, 42, 'HTC', 'disposal')",0.0
opex_costs,"(0, 42, 'HTC', 'transportation')",0.0
opex_costs,"(0, 42, 'HTC', 'water')",0.0
opex_costs,"(0, 42, 'HTC', 'labor')",0.0
opex_costs,"(0, 42, 'HTC', 'diesel')",0.0
opex_costs,"(0, 42, 'HTC', 'TPC')",0.0
opex_costs,"(0, 42, 'CHP', 'heat')",0.0
opex_costs,"(0, 42, 'CHP', 'electricity')",0.0
opex_costs,"(0, 42, 'CHP', 'disposal')",0.0
opex_costs,"(0, 42, 'CHP', 'transportation')",0.0
opex_costs,"(0, 42, 'CHP', 'water')",0.0
opex_costs,"(0, 42, 'CHP', 'labor')",0.0
opex_costs,"(0, 42, 'CHP', 'diesel')",0.0
opex_costs,"(0, 42, 'CHP', 'TPC')",747.7847448651753
opex_costs,"(0, 42, 'Feedstock', 'heat')",0.0
opex_costs,"(0, 42, 'Feedstock', 'electricity')",0.0
opex_costs,"(0, 42, 'Feedstock', 'disposal')",0.0
opex_costs,"(0, 42, 'Feedstock', 'transportation')",0.0
opex_costs,"(0, 42, 'Feedstock', 'water')",0.0
opex_costs,"(0, 42, 'Feedstock', 'labor')",0.0
opex_costs,"(0, 42, 'Feedstock', 'diesel')",0.0
opex_costs,"(0, 42, 'Feedstock', 'TPC')",0.0
opex_costs,"(0, 43, 'Pyrolysis', 'heat')",0.0
opex_costs,"(0, 43, 'Pyrolysis', 'electricity')",0.0
opex_costs,"(0, 43, 'Pyrolysis', 'disposal')",293.7033688346342
opex_costs,"(0, 43, 'Pyrolysis', 'transportation')",7257.45280960944
opex_costs,"(0, 43, 'Pyrolysis', 'water')",0.0
opex_costs,"(0, 43, 'Pyrolysis', 'labor')",8029.226030654272
opex_costs,"(0, 43, 'Pyrolysis', 'diesel')",527.3300328169363
opex_costs,"(0, 43, 'Pyrolysis', 'TPC')",51473.140686076906
opex_costs,"(0, 43, 'AD', 'heat')",0.0
opex_costs,"(0, 43, 'AD', 'electricity')",0.0
opex_costs,"(0, 43, 'AD', 'disposal')",0.0
opex_costs,"(0, 43, 'AD', 'transportation')",0.0
opex_costs,"(0, 43, 'AD', 'water')",0.0
opex_costs,"(0, 43, 'AD', 'labor')",0.0
opex_costs,"(0, 43, 'AD', 'diesel')",0.0
opex_costs,"(0, 43, 'AD', 'TPC')",0.0
opex_costs,"(0, 43, 'HTL', 'heat')",0.0
opex_costs,"(0, 43, 'HTL', 'electricity')",0.0
opex_costs,"(0, 43, 'HTL', 'disposal')",0.0
opex_costs,"(0, 43, 'HTL', 'transportation')",0.0
opex_costs,"(0, 43, 'HTL', 'water')",0.0
opex_costs,"(0, 43, 'HTL', 'labor')",0.0
opex_costs,"(0, 43, 'HTL', 'diesel')",0.0
opex_costs,"(0, 43, 'HTL', 'TPC')",0.0
opex_costs,"(0, 43, 'HTC', 'heat')",0.0
opex_costs,"(0, 43, 'HTC', 'electricity')",0.0
opex_costs,"(0, 43, 'HTC', 'disposal')",0.0
opex_costs,"(0, 43, 'HTC', 'transportation')",0.0
opex_costs,"(0, 43, 'HTC', 'water')",0.0
opex_costs,"(0, 43, 'HTC', 'labor')",0.0
opex_costs,"(0, 43, 'HTC', 'diesel')",0.0
opex_costs,"(0, 43, 'HTC', 'TPC')",0.0
opex_costs,"(0, 43, 'CHP', 'heat')",0.0
opex_costs,"(0, 43, 'CHP', 'electricity')",0.0
opex_costs,"(0, 43, 'CHP', 'disposal')",0.0
opex_costs,"(0, 43, 'CHP', 'transportation')",0.0
opex_costs,"(0, 43, 'CHP', 'water')",0.0
opex_costs,"(0, 43, 'CHP', 'labor')",0.0
opex_costs,"(0, 43, 'CHP', 'diesel')",0.0
opex_costs,"(0, 43, 'CHP', 'TPC')",743.580432989821
opex_costs,"(0, 43, 'Feedstock', 'heat')",0.0
opex_costs,"(0, 43, 'Feedstock', 'electricity')",0.0
opex_costs,"(0, 43, 'Feedstock', 'disposal')",0.0
opex_costs,"(0, 43, 'Feedstock', 'transportation')",0.0
opex_costs,"(0, 43, 'Feedstock', 'water')",0.0
opex_costs,"(0, 43, 'Feedstock', 'labor')",0.0
opex_costs,"(0, 43, 'Feedstock', 'diesel')",0.0
opex_costs,"(0, 43, 'Feedstock', 'TPC')",0.0
opex_costs,"(0, 44, 'Pyrolysis', 'heat')",0.0
opex_costs,"(0, 44, 'Pyrolysis', 'electricity')",0.0
opex_costs,"(0, 44, 'Pyrolysis', 'disposal')",292.0520640040635
opex_costs,"(0, 44, 'Pyrolysis', 'transportation')",7216.648827926498
opex_costs,"(0, 44, 'Pyrolysis', 'water')",0.0
opex_costs,"(0, 44, 'Pyrolysis', 'labor')",7984.0828653485
opex_costs,"(0, 44, 'Pyrolysis', 'diesel')",524.3651957639916
opex_costs,"(0, 44, 'Pyrolysis', 'TPC')",51183.74037651688
opex_costs,"(0, 44, 'AD', 'heat')",0.0
opex_costs,"(0, 44, 'AD', 'electricity')",0.0
opex_costs,"(0, 44, 'AD', 'disposal')",0.0
opex_costs,"(0, 44, 'AD', 'transportation')",0.0
opex_costs,"(0, 44, 'AD', 'water')",0.0
opex_costs,"(0, 44, 'AD', 'labor')",0.0
opex_costs,"(0, 44, 'AD', 'diesel')",0.0
opex_costs,"(0, 44, 'AD', 'TPC')",0.0
opex_costs,"(0, 44, 'HTL', 'heat')",0.0
opex_costs,"(0, 44, 'HTL', 'electricity')",0.0
opex_costs,"(0, 44, 'HTL', 'disposal')",0.0
opex_costs,"(0, 44, 'HTL', 'transportation')",0.0
opex_costs,"(0, 44, 'HTL', 'water')",0.0
opex_costs,"(0, 44, 'HTL', 'labor')",0.0
opex_costs,"(0, 44, 'HTL', 'diesel')",0.0
opex_costs,"(0, 44, 'HTL', 'TPC')",0.0
opex_costs,"(0, 44, 'HTC', 'heat')",0.0
opex_costs,"(0, 44, 'HTC', 'electricity')",0.0
opex_costs,"(0, 44, 'HTC', 'disposal')",0.0
opex_costs,"(0, 44, 'HTC', 'transportation')",0.0
opex_costs,"(0, 44, 'HTC', 'water')",0.0
opex_costs,"(0, 44, 'HTC', 'labor')",0.0
opex_costs,"(0, 44, 'HTC', 'diesel')",0.0
opex_costs,"(0, 44, 'HTC', 'TPC')",0.0
opex_costs,"(0, 44, 'CHP', 'heat')",0.0
opex_costs,"(0, 44, 'CHP', 'electricity')",0.0
opex_costs,"(0, 44, 'CHP', 'disposal')",0.0
opex_costs,"(0, 44, 'CHP', 'transportation')",0.0
opex_costs,"(0, 44, 'CHP', 'water')",0.0
opex_costs,"(0, 44, 'CHP', 'labor')",0.0
opex_costs,"(0, 44, 'CHP', 'diesel')",0.0
opex_costs,"(0, 44, 'CHP', 'TPC')",739.3997592516
opex_costs,"(0, 44, 'Feedstock', 'heat')",0.0
opex_costs,"(0, 44, 'Feedstock', 'electricity')",0.0
opex_costs,"(0, 44, 'Feedstock', 'disposal')",0.0
opex_costs,"(0, 44, 'Feedstock', 'transportation')",0.0
opex_costs,"(0, 44, 'Feedstock', 'water')",0.0
opex_costs,"(0, 44, 'Feedstock', 'labor')",0.0
opex_costs,"(0, 44, 'Feedstock', 'diesel')",0.0
opex_costs,"(0, 44, 'Feedstock', 'TPC')",0.0
opex_costs,"(0, 45, 'Pyrolysis', 'heat')",0.0
opex_costs,"(0, 45, 'Pyrolysis', 'electricity')",0.0
opex_costs,"(0, 45, 'Pyrolysis', 'disposal')",290.41004342271617
opex_costs,"(0, 45, 'Pyrolysis', 'transportation')",7176.074260745426
opex_costs,"(0, 45, 'Pyrolysis', 'water')",0.0
opex_costs,"(0, 45, 'Pyrolysis', 'labor')",7939.193510978682
opex_costs,"(0, 45, 'Pyrolysis', 'diesel')",521.4170280797597
opex_costs,"(0, 45, 'Pyrolysis', 'TPC')",50895.96717845727
opex_costs,"(0, 45, 'AD', 'heat')",0.0
opex_costs,"(0, 45, 'AD', 'electricity')",0.0
opex_costs,"(0, 45, 'AD', 'disposal')",0.0
opex_costs,"(0, 45, 'AD', 'transportation')",0.0
opex_costs,"(0, 45, 'AD', 'water')",0.0
opex_costs,"(0, 45, 'AD', 'labor')",0.0
opex_costs,"(0, 45, 'AD', 'diesel')",0.0
opex_costs,"(0, 45, 'AD', 'TPC')",0.0
opex_costs,"(0, 45, 'HTL', 'heat')",0.0
opex_costs,"(0, 45, 'HTL', 'electricity')",0.0
opex_costs,"(0, 45, 'HTL', 'disposal')",0.0
opex_costs,"(0, 45, 'HTL', 'transportation')",0.0
opex_costs,"(0, 45, 'HTL', 'water')",0.0
opex_costs,"(0, 45, 'HTL', 'labor')",0.0
opex_costs,"(0, 45, 'HTL', 'diesel')",0.0
opex_costs,"(0, 45, 'HTL', 'TPC')",0.0
opex_costs,"(0, 45, 'HTC', 'heat')",0.0
opex_costs,"(0, 45, 'HTC', 'electricity')",0.0
opex_costs,"(0, 45, 'HTC', 'disposal')",0.0
opex_costs,"(0, 45, 'HTC', 'transportation')",0.0
opex_costs,"(0, 45, 'HTC', 'water')",0.0
opex_costs,"(0, 45, 'HTC', 'labor')",0.0
opex_costs,"(0, 45, 'HTC', 'diesel')",0.0
opex_costs,"(0, 45, 'HTC', 'TPC')",0.0
opex_costs,"(0, 45, 'CHP', 'heat')",0.0
opex_costs,"(0, 45, 'CHP', 'electricity')",0.0
opex_costs,"(0, 45, 'CHP', 'disposal')",0.0
opex_costs,"(0, 45, 'CHP', 'transportation')",0.0
opex_costs,"(0, 45, 'CHP', 'water')",0.0
opex_costs,"(0, 45, 'CHP', 'labor')",0.0
opex_costs,"(0, 45, 'CHP', 'diesel')",0.0
opex_costs,"(0, 45, 'CHP', 'TPC')",735.2425907484954
opex_costs,"(0, 45, 'Feedstock', 'heat')",0.0
opex_costs,"(0, 45, 'Feedstock', 'electricity')",0.0
opex_costs,"(0, 45, 'Feedstock', 'disposal')",0.0
opex_costs,"(0, 45, 'Feedstock', 'transportation')",0.0
opex_costs,"(0, 45, 'Feedstock', 'water')",0.0
opex_costs,"(0, 45, 'Feedstock', 'labor')",0.0
opex_costs,"(0, 45, 'Feedstock', 'diesel')",0.0
opex_costs,"(0, 45, 'Feedstock', 'TPC')",0.0
opex_costs,"(0, 46, 'Pyrolysis', 'heat')",0.0
opex_costs,"(0, 46, 'Pyrolysis', 'electricity')",0.0
opex_costs,"(0, 46, 'Pyrolysis', 'disposal')",216.58294111008348
opex_costs,"(0, 46, 'Pyrolysis', 'transportation')",7135.727818216277
opex_costs,"(0, 46, 'Pyrolysis', 'water')",0.0
opex_costs,"(0, 46, 'Pyrolysis', 'labor')",7894.556540529437
opex_costs,"(0, 46, 'Pyrolysis', 'diesel')",518.4854360431196
opex_costs,"(0, 46, 'Pyrolysis', 'TPC')",50609.81194369836
opex_costs,"(0, 46, 'AD', 'heat')",0.0
opex_costs,"(0, 46, 'AD', 'electricity')",0.0
opex_costs,"(0, 46, 'AD', 'disposal')",0.0
opex_costs,"(0, 46, 'AD', 'transportation')",0.0
opex_costs,"(0, 46, 'AD', 'water')",0.0
opex_costs,"(0, 46, 'AD', 'labor')",0.0
opex_costs,"(0, 46, 'AD', 'diesel')",0.0
opex_costs,"(0, 46, 'AD', 'TPC')",0.0
opex_costs,"(0, 46, 'HTL', 'heat')",0.0
opex_costs,"(0, 46, 'HTL', 'electricity')",0.0
opex_costs,"(0, 46, 'HTL', 'disposal')",0.0
opex_costs,"(0, 46, 'HTL', 'transportation')",0.0
opex_costs,"(0, 46, 'HTL', 'water')",0.0
opex_costs,"(0, 46, 'HTL', 'labor')",0.0
opex_costs,"(0, 46, 'HTL', 'diesel')",0.0
opex_costs,"(0, 46, 'HTL', 'TPC')",0.0
opex_costs,"(0, 46, 'HTC', 'heat')",0.0
opex_costs,"(0, 46, 'HTC', 'electricity')",0.0
opex_costs,"(0, 46, 'HTC', 'disposal')",0.0
opex_costs,"(0, 46, 'HTC', 'transportation')",0.0
opex_costs,"(0, 46, 'HTC', 'water')",0.0
opex_costs,"(0, 46, 'HTC', 'labor')",0.0
opex_costs,"(0, 46, 'HTC', 'diesel')",0.0
opex_costs,"(0, 46, 'HTC', 'TPC')",0.0
opex_costs,"(0, 46, 'CHP', 'heat')",0.0
opex_costs,"(0, 46, 'CHP', 'electricity')",0.0
opex_costs,"(0, 46, 'CHP', 'disposal')",0.0
opex_costs,"(0, 46, 'CHP', 'transportation')",0.0
opex_costs,"(0, 46, 'CHP', 'water')",0.0
opex_costs,"(0, 46, 'CHP', 'labor')",0.0
opex_costs,"(0, 46, 'CHP', 'diesel')",0.0
opex_costs,"(0, 46, 'CHP', 'TPC')",731.1087953257131
opex_costs,"(0, 46, 'Feedstock', 'heat')",0.0
opex_costs,"(0, 46, 'Feedstock', 'electricity')",0.0
opex_costs,"(0, 46, 'Feedstock', 'disposal')",0.0
opex_costs,"(0, 46, 'Feedstock', 'transportation')",0.0
opex_costs,"(0, 46, 'Feedstock', 'water')",0.0
opex_costs,"(0, 46, 'Feedstock', 'labor')",0.0
opex_costs,"(0, 46, 'Feedstock', 'diesel')",0.0
opex_costs,"(0, 46, 'Feedstock', 'TPC')",0.0
opex_costs,"(0, 47, 'Pyrolysis', 'heat')",0.0
opex_costs,"(0, 47, 'Pyrolysis', 'electricity')",0.0
opex_costs,"(0, 47, 'Pyrolysis', 'disposal')",215.36523476135017
opex_costs,"(0, 47, 'Pyrolysis', 'transportation')",7095.608217741103
opex_costs,"(0, 47, 'Pyrolysis', 'water')",0.0
opex_costs,"(0, 47, 'Pyrolysis', 'labor')",7850.170535008575
opex_costs,"(0, 47, 'Pyrolysis', 'diesel')",515.5703264598835
opex_costs,"(0, 47, 'Pyrolysis', 'TPC')",50325.26557547485
opex_costs,"(0, 47, 'AD', 'heat')",0.0
opex_costs,"(0, 47, 'AD', 'electricity')",0.0
opex_costs,"(0, 47, 'AD', 'disposal')",0.0
opex_costs,"(0, 47, 'AD', 'transportation')",0.0
opex_costs,"(0, 47, 'AD', 'water')",0.0
opex_costs,"(0, 47, 'AD', 'labor')",0.0
opex_costs,"(0, 47, 'AD', 'diesel')",0.0
opex_costs,"(0, 47, 'AD', 'TPC')",0.0
opex_costs,"(0, 47, 'HTL', 'heat')",0.0
opex_costs,"(0, 47, 'HTL', 'electricity')",0.0
opex_costs,"(0, 47, 'HTL', 'disposal')",0.0
opex_costs,"(0, 47, 'HTL', 'transportation')",0.0
opex_costs,"(0, 47, 'HTL', 'water')",0.0
opex_costs,"(0, 47, 'HTL', 'labor')",0.0
opex_costs,"(0, 47, 'HTL', 'diesel')",0.0
opex_costs,"(0, 47, 'HTL', 'TPC')",0.0
opex_costs,"(0, 47, 'HTC', 'heat')",0.0
opex_costs,"(0, 47, 'HTC', 'electricity')",0.0
opex_costs,"(0, 47, 'HTC', 'disposal')",0.0
opex_costs,"(0, 47, 'HTC', 'transportation')",0.0
opex_costs,"(0, 47, 'HTC', 'water')",0.0
opex_costs,"(0, 47, 'HTC', 'labor')",0.0
opex_costs,"(0, 47, 'HTC', 'diesel')",0.0
opex_costs,"(0, 47, 'HTC', 'TPC')",0.0
opex_costs,"(0, 47, 'CHP', 'heat')",0.0
opex_costs,"(0, 47, 'CHP', 'electricity')",0.0
opex_costs,"(0, 47, 'CHP', 'disposal')",0.0
opex_costs,"(0, 47, 'CHP', 'transportation')",0.0
opex_costs,"(0, 47, 'CHP', 'water')",0.0
opex_costs,"(0, 47, 'CHP', 'labor')",0.0
opex_costs,"(0, 47, 'CHP', 'diesel')",0.0
opex_costs,"(0, 47, 'CHP', 'TPC')",726.9982415714801
opex_costs,"(0, 47, 'Feedstock', 'heat')",0.0
opex_costs,"(0, 47, 'Feedstock', 'electricity')",0.0
opex_costs,"(0, 47, 'Feedstock', 'disposal')",0.0
opex_costs,"(0, 47, 'Feedstock', 'transportation')",0.0
opex_costs,"(0, 47, 'Feedstock', 'water')",0.0
opex_costs,"(0, 47, 'Feedstock', 'labor')",0.0
opex_costs,"(0, 47, 'Feedstock', 'diesel')",0.0
opex_costs,"(0, 47, 'Feedstock', 'TPC')",0.0
opex_costs,"(0, 48, 'Pyrolysis', 'heat')",0.0
opex_costs,"(0, 48, 'Pyrolysis', 'electricity')",0.0
opex_costs,"(0, 48, 'Pyrolysis', 'disposal')",214.15437479093333
opex_costs,"(0, 48, 'Pyrolysis', 'transportation')",7055.714183933166
opex_costs,"(0, 48, 'Pyrolysis', 'water')",0.0
opex_costs,"(0, 48, 'Pyrolysis', 'labor')",7806.034083401979
opex_costs,"(0, 48, 'Pyrolysis', 'diesel')",512.6716066598342
opex_costs,"(0, 48, 'Pyrolysis', 'TPC')",50042.319028166676
opex_costs,"(0, 48, 'AD', 'heat')",0.0
opex_costs,"(0, 48, 'AD', 'electricity')",0.0
opex_costs,"(0, 48, 'AD', 'disposal')",0.0
opex_costs,"(0, 48, 'AD', 'transportation')",0.0
opex_costs,"(0, 48, 'AD', 'water')",0.0
opex_costs,"(0, 48, 'AD', 'labor')",0.0
opex_costs,"(0, 48, 'AD', 'diesel')",0.0
opex_costs,"(0, 48, 'AD', 'TPC')",0.0
opex_costs,"(0, 48, 'HTL', 'heat')",0.0
opex_costs,"(0, 48, 'HTL', 'electricity')",0.0
opex_costs,"(0, 48, 'HTL', 'disposal')",0.0
opex_costs,"(0, 48, 'HTL', 'transportation')",0.0
opex_costs,"(0, 48, 'HTL', 'water')",0.0
opex_costs,"(0, 48, 'HTL', 'labor')",0.0
opex_costs,"(0, 48, 'HTL', 'diesel')",0.0
opex_costs,"(0, 48, 'HTL', 'TPC')",0.0
opex_costs,"(0, 48, 'HTC', 'heat')",0.0
opex_costs,"(0, 48, 'HTC', 'electricity')",0.0
opex_costs,"(0, 48, 'HTC', 'disposal')",0.0
opex_costs,"(0, 48, 'HTC', 'transportation')",0.0
opex_costs,"(0, 48, 'HTC', 'water')",0.0
opex_costs,"(0, 48, 'HTC', 'labor')",0.0
opex_costs,"(0, 48, 'HTC', 'diesel')",0.0
opex_costs,"(0, 48, 'HTC', 'TPC')",0.0
opex_costs,"(0, 48, 'CHP', 'heat')",0.0
opex_costs,"(0, 48, 'CHP', 'electricity')",0.0
opex_costs,"(0, 48, 'CHP', 'disposal')",0.0
opex_costs,"(0, 48, 'CHP', 'transportation')",0.0
opex_costs,"(0, 48, 'CHP', 'water')",0.0
opex_costs,"(0, 48, 'CHP', 'labor')",0.0
opex_costs,"(0, 48, 'CHP', 'diesel')",0.0
opex_costs,"(0, 48, 'CHP', 'TPC')",722.9107988128669
opex_costs,"(0, 48, 'Feedstock', 'heat')",0.0
opex_costs,"(0, 48, 'Feedstock', 'electricity')",0.0
opex_costs,"(0, 48, 'Feedstock', 'disposal')",0.0
opex_costs,"(0, 48, 'Feedstock', 'transportation')",0.0
opex_costs,"(0, 48, 'Feedstock', 'water')",0.0
opex_costs,"(0, 48, 'Feedstock', 'labor')",0.0
opex_costs,"(0, 48, 'Feedstock', 'diesel')",0.0
opex_costs,"(0, 48, 'Feedstock', 'TPC')",0.0
opex_costs,"(0, 49, 'Pyrolysis', 'heat')",0.0
opex_costs,"(0, 49, 'Pyrolysis', 'electricity')",0.0
opex_costs,"(0, 49, 'Pyrolysis', 'disposal')",212.95032270605844
opex_costs,"(0, 49, 'Pyrolysis', 'transportation')",7016.044448576419
opex_costs,"(0, 49, 'Pyrolysis', 'water')",0.0
opex_costs,"(0, 49, 'Pyrolysis', 'labor')",7762.1457826287615
opex_costs,"(0, 49, 'Pyrolysis', 'diesel')",509.7891844937796
opex_costs,"(0, 49, 'Pyrolysis', 'TPC')",49760.963307011494
opex_costs,"(0, 49, 'AD', 'heat')",0.0
opex_costs,"(0, 49, 'AD', 'electricity')",0.0
opex_costs,"(0, 49, 'AD', 'disposal')",0.0
opex_costs,"(0, 49, 'AD', 'transportation')",0.0
opex_costs,"(0, 49, 'AD', 'water')",0.0
opex_costs,"(0, 49, 'AD', 'labor')",0.0
opex_costs,"(0, 49, 'AD', 'diesel')",0.0
opex_costs,"(0, 49, 'AD', 'TPC')",0.0
opex_costs,"(0, 49, 'HTL', 'heat')",0.0
opex_costs,"(0, 49, 'HTL', 'electricity')",0.0
opex_costs,"(0, 49, 'HTL', 'disposal')",0.0
opex_costs,"(0, 49, 'HTL', 'transportation')",0.0
opex_costs,"(0, 49, 'HTL', 'water')",0.0
opex_costs,"(0, 49, 'HTL', 'labor')",0.0
opex_costs,"(0, 49, 'HTL', 'diesel')",0.0
opex_costs,"(0, 49, 'HTL', 'TPC')",0.0
opex_costs,"(0, 49, 'HTC', 'heat')",0.0
opex_costs,"(0, 49, 'HTC', 'electricity')",0.0
opex_costs,"(0, 49, 'HTC', 'disposal')",0.0
opex_costs,"(0, 49, 'HTC', 'transportation')",0.0
opex_costs,"(0, 49, 'HTC', 'water')",0.0
opex_costs,"(0, 49, 'HTC', 'labor')",0.0
opex_costs,"(0, 49, 'HTC', 'diesel')",0.0
opex_costs,"(0, 49, 'HTC', 'TPC')",0.0
opex_costs,"(0, 49, 'CHP', 'heat')",0.0
opex_costs,"(0, 49, 'CHP', 'electricity')",0.0
opex_costs,"(0, 49, 'CHP', 'disposal')",0.0
opex_costs,"(0, 49, 'CHP', 'transportation')",0.0
opex_costs,"(0, 49, 'CHP', 'water')",0.0
opex_costs,"(0, 49, 'CHP', 'labor')",0.0
opex_costs,"(0, 49, 'CHP', 'diesel')",0.0
opex_costs,"(0, 49, 'CHP', 'TPC')",718.8463371116339
opex_costs,"(0, 49, 'Feedstock', 'heat')",0.0
opex_costs,"(0, 49, 'Feedstock', 'electricity')",0.0
opex_costs,"(0, 49, 'Feedstock', 'disposal')",0.0
opex_costs,"(0, 49, 'Feedstock', 'transportation')",0.0
opex_costs,"(0, 49, 'Feedstock', 'water')",0.0
opex_costs,"(0, 49, 'Feedstock', 'labor')",0.0
opex_costs,"(0, 49, 'Feedstock', 'diesel')",0.0
opex_costs,"(0, 49, 'Feedstock', 'TPC')",0.0
opex_costs,"(0, 50, 'Pyrolysis', 'heat')",0.0
opex_costs,"(0, 50, 'Pyrolysis', 'electricity')",0.0
opex_costs,"(0, 50, 'Pyrolysis', 'disposal')",211.75304023037083
opex_costs,"(0, 50, 'Pyrolysis', 'transportation')",6976.597750585164
opex_costs,"(0, 50, 'Pyrolysis', 'water')",0.0
opex_costs,"(0, 50, 'Pyrolysis', 'labor')",7718.504237496651
opex_costs,"(0, 50, 'Pyrolysis', 'diesel')",506.9229683306232
opex_costs,"(0, 50, 'Pyrolysis', 'TPC')",49481.189467818695
opex_costs,"(0, 50, 'AD', 'heat')",0.0
opex_costs,"(0, 50, 'AD', 'electricity')",0.0
opex_costs,"(0, 50, 'AD', 'disposal')",0.0
opex_costs,"(0, 50, 'AD', 'transportation')",0.0
opex_costs,"(0, 50, 'AD', 'water')",0.0
opex_costs,"(0, 50, 'AD', 'labor')",0.0
opex_costs,"(0, 50, 'AD', 'diesel')",0.0
opex_costs,"(0, 50, 'AD', 'TPC')",0.0
opex_costs,"(0, 50, 'HTL', 'heat')",0.0
opex_costs,"(0, 50, 'HTL', 'electricity')",0.0
opex_costs,"(0, 50, 'HTL', 'disposal')",0.0
opex_costs,"(0, 50, 'HTL', 'transportation')",0.0
opex_costs,"(0, 50, 'HTL', 'water')",0.0
opex_costs,"(0, 50, 'HTL', 'labor')",0.0
opex_costs,"(0, 50, 'HTL', 'diesel')",0.0
opex_costs,"(0, 50, 'HTL', 'TPC')",0.0
opex_costs,"(0, 50, 'HTC', 'heat')",0.0
opex_costs,"(0, 50, 'HTC', 'electricity')",0.0
opex_costs,"(0, 50, 'HTC', 'disposal')",0.0
opex_costs,"(0, 50, 'HTC', 'transportation')",0.0
opex_costs,"(0, 50, 'HTC', 'water')",0.0
opex_costs,"(0, 50, 'HTC', 'labor')",0.0
opex_costs,"(0, 50, 'HTC', 'diesel')",0.0
opex_costs,"(0, 50, 'HTC', 'TPC')",0.0
opex_costs,"(0, 50, 'CHP', 'heat')",0.0
opex_costs,"(0, 50, 'CHP', 'electricity')",0.0
opex_costs,"(0, 50, 'CHP', 'disposal')",0.0
opex_costs,"(0, 50, 'CHP', 'transportation')",0.0
opex_costs,"(0, 50, 'CHP', 'water')",0.0
opex_costs,"(0, 50, 'CHP', 'labor')",0.0
opex_costs,"(0, 50, 'CHP', 'diesel')",0.0
opex_costs,"(0, 50, 'CHP', 'TPC')",714.8047272601008
opex_costs,"(0, 50, 'Feedstock', 'heat')",0.0
opex_costs,"(0, 50, 'Feedstock', 'electricity')",0.0
opex_costs,"(0, 50, 'Feedstock', 'disposal')",0.0
opex_costs,"(0, 50, 'Feedstock', 'transportation')",0.0
opex_costs,"(0, 50, 'Feedstock', 'water')",0.0
opex_costs,"(0, 50, 'Feedstock', 'labor')",0.0
opex_costs,"(0, 50, 'Feedstock', 'diesel')",0.0
opex_costs,"(0, 50, 'Feedstock', 'TPC')",0.0
opex_costs,"(0, 51, 'Pyrolysis', 'heat')",0.0
opex_costs,"(0, 51, 'Pyrolysis', 'electricity')",0.0
opex_costs,"(0, 51, 'Pyrolysis', 'disposal')",210.56248930271926
opex_costs,"(0, 51, 'Pyrolysis', 'transportation')",6937.372835963989
opex_costs,"(0, 51, 'Pyrolysis', 'water')",0.0
opex_costs,"(0, 51, 'Pyrolysis', 'labor')",7675.108060657647
opex_costs,"(0, 51, 'Pyrolysis', 'diesel')",504.0728670544511
opex_costs,"(0, 51, 'Pyrolysis', 'TPC')",49202.98861668512
opex_costs,"(0, 51, 'AD', 'heat')",0.0
opex_costs,"(0, 51, 'AD', 'electricity')",0.0
opex_costs,"(0, 51, 'AD', 'disposal')",0.0
opex_costs,"(0, 51, 'AD', 'transportation')",0.0
opex_costs,"(0, 51, 'AD', 'water')",0.0
opex_costs,"(0, 51, 'AD', 'labor')",0.0
opex_costs,"(0, 51, 'AD', 'diesel')",0.0
opex_costs,"(0, 51, 'AD', 'TPC')",0.0
opex_costs,"(0, 51, 'HTL', 'heat')",0.0
opex_costs,"(0, 51, 'HTL', 'electricity')",0.0
opex_costs,"(0, 51, 'HTL', 'disposal')",0.0
opex_costs,"(0, 51, 'HTL', 'transportation')",0.0
opex_costs,"(0, 51, 'HTL', 'water')",0.0
opex_costs,"(0, 51, 'HTL', 'labor')",0.0
opex_costs,"(0, 51, 'HTL', 'diesel')",0.0
opex_costs,"(0, 51, 'HTL', 'TPC')",0.0
opex_costs,"(0, 51, 'HTC', 'heat')",0.0
opex_costs,"(0, 51, 'HTC', 'electricity')",0.0
opex_costs,"(0, 51, 'HTC', 'disposal')",0.0
opex_costs,"(0, 51, 'HTC', 'transportation')",0.0
opex_costs,"(0, 51, 'HTC', 'water')",0.0
opex_costs,"(0, 51, 'HTC', 'labor')",0.0
opex_costs,"(0, 51, 'HTC', 'diesel')",0.0
opex_costs,"(0, 51, 'HTC', 'TPC')",0.0
opex_costs,"(0, 51, 'CHP', 'heat')",0.0
opex_costs,"(0, 51, 'CHP', 'electricity')",0.0
opex_costs,"(0, 51, 'CHP', 'disposal')",0.0
opex_costs,"(0, 51, 'CHP', 'transportation')",0.0
opex_costs,"(0, 51, 'CHP', 'water')",0.0
opex_costs,"(0, 51, 'CHP', 'labor')",0.0
opex_costs,"(0, 51, 'CHP', 'diesel')",0.0
opex_costs,"(0, 51, 'CHP', 'TPC')",710.7858407770384
opex_costs,"(0, 51, 'Feedstock', 'heat')",0.0
opex_costs,"(0, 51, 'Feedstock', 'electricity')",0.0
opex_costs,"(0, 51, 'Feedstock', 'disposal')",0.0
opex_costs,"(0, 51, 'Feedstock', 'transportation')",0.0
opex_costs,"(0, 51, 'Feedstock', 'water')",0.0
opex_costs,"(0, 51, 'Feedstock', 'labor')",0.0
opex_costs,"(0, 51, 'Feedstock', 'diesel')",0.0
opex_costs,"(0, 51, 'Feedstock', 'TPC')",0.0
opex_costs,"(0, 52, 'Pyrolysis', 'heat')",0.0
opex_costs,"(0, 52, 'Pyrolysis', 'electricity')",0.0
opex_costs,"(0, 52, 'Pyrolysis', 'disposal')",209.37863207594583
opex_costs,"(0, 52, 'Pyrolysis', 'transportation')",6898.368457767878
opex_costs,"(0, 52, 'Pyrolysis', 'water')",0.0
opex_costs,"(0, 52, 'Pyrolysis', 'labor')",7631.95587256391
opex_costs,"(0, 52, 'Pyrolysis', 'diesel')",501.2387900616355
opex_costs,"(0, 52, 'Pyrolysis', 'TPC')",48926.35190971225
opex_costs,"(0, 52, 'AD', 'heat')",0.0
opex_costs,"(0, 52, 'AD', 'electricity')",0.0
opex_costs,"(0, 52, 'AD', 'disposal')",0.0
opex_costs,"(0, 52, 'AD', 'transportation')",0.0
opex_costs,"(0, 52, 'AD', 'water')",0.0
opex_costs,"(0, 52, 'AD', 'labor')",0.0
opex_costs,"(0, 52, 'AD', 'diesel')",0.0
opex_costs,"(0, 52, 'AD', 'TPC')",0.0
opex_costs,"(0, 52, 'HTL', 'heat')",0.0
opex_costs,"(0, 52, 'HTL', 'electricity')",0.0
opex_costs,"(0, 52, 'HTL', 'disposal')",0.0
opex_costs,"(0, 52, 'HTL', 'transportation')",0.0
opex_costs,"(0, 52, 'HTL', 'water')",0.0
opex_costs,"(0, 52, 'HTL', 'labor')",0.0
opex_costs,"(0, 52, 'HTL', 'diesel')",0.0
opex_costs,"(0, 52, 'HTL', 'TPC')",0.0
opex_costs,"(0, 52, 'HTC', 'heat')",0.0
opex_costs,"(0, 52, 'HTC', 'electricity')",0.0
opex_costs,"(0, 52, 'HTC', 'disposal')",0.0
opex_costs,"(0, 52, 'HTC', 'transportation')",0.0
opex_costs,"(0, 52, 'HTC', 'water')",0.0
opex_costs,"(0, 52, 'HTC', 'labor')",0.0
opex_costs,"(0, 52, 'HTC', 'diesel')",0.0
opex_costs,"(0, 52, 'HTC', 'TPC')",0.0
opex_costs,"(0, 52, 'CHP', 'heat')",0.0
opex_costs,"(0, 52, 'CHP', 'electricity')",0.0
opex_costs,"(0, 52, 'CHP', 'disposal')",0.0
opex_costs,"(0, 52, 'CHP', 'transportation')",0.0
opex_costs,"(0, 52, 'CHP', 'water')",0.0
opex_costs,"(0, 52, 'CHP', 'labor')",0.0
opex_costs,"(0, 52, 'CHP', 'diesel')",0.0
opex_costs,"(0, 52, 'CHP', 'TPC')",706.7895499035848
opex_costs,"(0, 52, 'Feedstock', 'heat')",0.0
opex_costs,"(0, 52, 'Feedstock', 'electricity')",0.0
opex_costs,"(0, 52, 'Feedstock', 'disposal')",0.0
opex_costs,"(0, 52, 'Feedstock', 'transportation')",0.0
opex_costs,"(0, 52, 'Feedstock', 'water')",0.0
opex_costs,"(0, 52, 'Feedstock', 'labor')",0.0
opex_costs,"(0, 52, 'Feedstock', 'diesel')",0.0
opex_costs,"(0, 52, 'Feedstock', 'TPC')",0.0
opex_costs,"(0, 53, 'Pyrolysis', 'heat')",0.0
opex_costs,"(0, 53, 'Pyrolysis', 'electricity')",0.0
opex_costs,"(0, 53, 'Pyrolysis', 'disposal')",208.20143091568275
opex_costs,"(0, 53, 'Pyrolysis', 'transportation')",33200.38353896469
opex_costs,"(0, 53, 'Pyrolysis', 'water')",0.0
opex_costs,"(0, 53, 'Pyrolysis', 'labor')",7589.046301423908
opex_costs,"(0, 53, 'Pyrolysis', 'diesel')",2412.355932642887
opex_costs,"(0, 53, 'Pyrolysis', 'TPC')",48651.27055272515
opex_costs,"(0, 53, 'AD', 'heat')",0.0
opex_costs,"(0, 53, 'AD', 'electricity')",0.0
opex_costs,"(0, 53, 'AD', 'disposal')",0.0
opex_costs,"(0, 53, 'AD', 'transportation')",0.0
opex_costs,"(0, 53, 'AD', 'water')",0.0
opex_costs,"(0, 53, 'AD', 'labor')",0.0
opex_costs,"(0, 53, 'AD', 'diesel')",0.0
opex_costs,"(0, 53, 'AD', 'TPC')",0.0
opex_costs,"(0, 53, 'HTL', 'heat')",0.0
opex_costs,"(0, 53, 'HTL', 'electricity')",0.0
opex_costs,"(0, 53, 'HTL', 'disposal')",0.0
opex_costs,"(0, 53, 'HTL', 'transportation')",0.0
opex_costs,"(0, 53, 'HTL', 'water')",0.0
opex_costs,"(0, 53, 'HTL', 'labor')",0.0
opex_costs,"(0, 53, 'HTL', 'diesel')",0.0
opex_costs,"(0, 53, 'HTL', 'TPC')",0.0
opex_costs,"(0, 53, 'HTC', 'heat')",0.0
opex_costs,"(0, 53, 'HTC', 'electricity')",0.0
opex_costs,"(0, 53, 'HTC', 'disposal')",0.0
opex_costs,"(0, 53, 'HTC', 'transportation')",0.0
opex_costs,"(0, 53, 'HTC', 'water')",0.0
opex_costs,"(0, 53, 'HTC', 'labor')",0.0
opex_costs,"(0, 53, 'HTC', 'diesel')",0.0
opex_costs,"(0, 53, 'HTC', 'TPC')",0.0
opex_costs,"(0, 53, 'CHP', 'heat')",0.0
opex_costs,"(0, 53, 'CHP', 'electricity')",0.0
opex_costs,"(0, 53, 'CHP', 'disposal')",0.0
opex_costs,"(0, 53, 'CHP', 'transportation')",0.0
opex_costs,"(0, 53, 'CHP', 'water')",0.0
opex_costs,"(0, 53, 'CHP', 'labor')",0.0
opex_costs,"(0, 53, 'CHP', 'diesel')",0.0
opex_costs,"(0, 53, 'CHP', 'TPC')",702.8157275991839
opex_costs,"(0, 53, 'Feedstock', 'heat')",0.0
opex_costs,"(0, 53, 'Feedstock', 'electricity')",0.0
opex_costs,"(0, 53, 'Feedstock', 'disposal')",0.0
opex_costs,"(0, 53, 'Feedstock', 'transportation')",0.0
opex_costs,"(0, 53, 'Feedstock', 'water')",0.0
opex_costs,"(0, 53, 'Feedstock', 'labor')",0.0
opex_costs,"(0, 53, 'Feedstock', 'diesel')",0.0
opex_costs,"(0, 53, 'Feedstock', 'TPC')",0.0
opex_costs,"(0, 54, 'Pyrolysis', 'heat')",0.0
opex_costs,"(0, 54, 'Pyrolysis', 'electricity')",0.0
opex_costs,"(0, 54, 'Pyrolysis', 'disposal')",276.0411311988748
opex_costs,"(0, 54, 'Pyrolysis', 'transportation')",6821.016357885239
opex_costs,"(0, 54, 'Pyrolysis', 'water')",0.0
opex_costs,"(0, 54, 'Pyrolysis', 'labor')",7546.3779831588145
opex_costs,"(0, 54, 'Pyrolysis', 'diesel')",495.61834905572755
opex_costs,"(0, 54, 'Pyrolysis', 'TPC')",48377.73580099286
opex_costs,"(0, 54, 'AD', 'heat')",0.0
opex_costs,"(0, 54, 'AD', 'electricity')",0.0
opex_costs,"(0, 54, 'AD', 'disposal')",0.0
opex_costs,"(0, 54, 'AD', 'transportation')",0.0
opex_costs,"(0, 54, 'AD', 'water')",0.0
opex_costs,"(0, 54, 'AD', 'labor')",0.0
opex_costs,"(0, 54, 'AD', 'diesel')",0.0
opex_costs,"(0, 54, 'AD', 'TPC')",0.0
opex_costs,"(0, 54, 'HTL', 'heat')",0.0
opex_costs,"(0, 54, 'HTL', 'electricity')",0.0
opex_costs,"(0, 54, 'HTL', 'disposal')",0.0
opex_costs,"(0, 54, 'HTL', 'transportation')",0.0
opex_costs,"(0, 54, 'HTL', 'water')",0.0
opex_costs,"(0, 54, 'HTL', 'labor')",0.0
opex_costs,"(0, 54, 'HTL', 'diesel')",0.0
opex_costs,"(0, 54, 'HTL', 'TPC')",0.0
opex_costs,"(0, 54, 'HTC', 'heat')",0.0
opex_costs,"(0, 54, 'HTC', 'electricity')",0.0
opex_costs,"(0, 54, 'HTC', 'disposal')",0.0
opex_costs,"(0, 54, 'HTC', 'transportation')",0.0
opex_costs,"(0, 54, 'HTC', 'water')",0.0
opex_costs,"(0, 54, 'HTC', 'labor')",0.0
opex_costs,"(0, 54, 'HTC', 'diesel')",0.0
opex_costs,"(0, 54, 'HTC', 'TPC')",0.0
opex_costs,"(0, 54, 'CHP', 'heat')",0.0
opex_costs,"(0, 54, 'CHP', 'electricity')",0.0
opex_costs,"(0, 54, 'CHP', 'disposal')",0.0
opex_costs,"(0, 54, 'CHP', 'transportation')",0.0
opex_costs,"(0, 54, 'CHP', 'water')",0.0
opex_costs,"(0, 54, 'CHP', 'labor')",0.0
opex_costs,"(0, 54, 'CHP', 'diesel')",0.0
opex_costs,"(0, 54, 'CHP', 'TPC')",698.864247537547
opex_costs,"(0, 54, 'Feedstock', 'heat')",0.0
opex_costs,"(0, 54, 'Feedstock', 'electricity')",0.0
opex_costs,"(0, 54, 'Feedstock', 'disposal')",0.0
opex_costs,"(0, 54, 'Feedstock', 'transportation')",0.0
opex_costs,"(0, 54, 'Feedstock', 'water')",0.0
opex_costs,"(0, 54, 'Feedstock', 'labor')",0.0
opex_costs,"(0, 54, 'Feedstock', 'diesel')",0.0
opex_costs,"(0, 54, 'Feedstock', 'TPC')",0.0
opex_costs,"(0, 55, 'Pyrolysis', 'heat')",0.0
opex_costs,"(0, 55, 'Pyrolysis', 'electricity')",0.0
opex_costs,"(0, 55, 'Pyrolysis', 'disposal')",274.4891297609237
opex_costs,"(0, 55, 'Pyrolysis', 'transportation')",6782.666177205086
opex_costs,"(0, 55, 'Pyrolysis', 'water')",0.0
opex_costs,"(0, 55, 'Pyrolysis', 'labor')",7503.9495613591325
opex_costs,"(0, 55, 'Pyrolysis', 'diesel')",492.83180637096854
opex_costs,"(0, 55, 'Pyrolysis', 'TPC')",48105.73895895038
opex_costs,"(0, 55, 'AD', 'heat')",0.0
opex_costs,"(0, 55, 'AD', 'electricity')",0.0
opex_costs,"(0, 55, 'AD', 'disposal')",0.0
opex_costs,"(0, 55, 'AD', 'transportation')",0.0
opex_costs,"(0, 55, 'AD', 'water')",0.0
opex_costs,"(0, 55, 'AD', 'labor')",0.0
opex_costs,"(0, 55, 'AD', 'diesel')",0.0
opex_costs,"(0, 55, 'AD', 'TPC')",0.0
opex_costs,"(0, 55, 'HTL', 'heat')",0.0
opex_costs,"(0, 55, 'HTL', 'electricity')",0.0
opex_costs,"(0, 55, 'HTL', 'disposal')",0.0
opex_costs,"(0, 55, 'HTL', 'transportation')",0.0
opex_costs,"(0, 55, 'HTL', 'water')",0.0
opex_costs,"(0, 55, 'HTL', 'labor')",0.0
opex_costs,"(0, 55, 'HTL', 'diesel')",0.0
opex_costs,"(0, 55, 'HTL', 'TPC')",0.0
opex_costs,"(0, 55, 'HTC', 'heat')",0.0
opex_costs,"(0, 55, 'HTC', 'electricity')",0.0
opex_costs,"(0, 55, 'HTC', 'disposal')",0.0
opex_costs,"(0, 55, 'HTC', 'transportation')",0.0
opex_costs,"(0, 55, 'HTC', 'water')",0.0
opex_costs,"(0, 55, 'HTC', 'labor')",0.0
opex_costs,"(0, 55, 'HTC', 'diesel')",0.0
opex_costs,"(0, 55, 'HTC', 'TPC')",0.0
opex_costs,"(0, 55, 'CHP', 'heat')",0.0
opex_costs,"(0, 55, 'CHP', 'electricity')",0.0
opex_costs,"(0, 55, 'CHP', 'disposal')",0.0
opex_costs,"(0, 55, 'CHP', 'transportation')",0.0
opex_costs,"(0, 55, 'CHP', 'water')",0.0
opex_costs,"(0, 55, 'CHP', 'labor')",0.0
opex_costs,"(0, 55, 'CHP', 'diesel')",0.0
opex_costs,"(0, 55, 'CHP', 'TPC')",694.9349841026365
opex_costs,"(0, 55, 'Feedstock', 'heat')",0.0
opex_costs,"(0, 55, 'Feedstock', 'electricity')",0.0
opex_costs,"(0, 55, 'Feedstock', 'disposal')",0.0
opex_costs,"(0, 55, 'Feedstock', 'transportation')",0.0
opex_costs,"(0, 55, 'Feedstock', 'water')",0.0
opex_costs,"(0, 55, 'Feedstock', 'labor')",0.0
opex_costs,"(0, 55, 'Feedstock', 'diesel')",0.0
opex_costs,"(0, 55, 'Feedstock', 'TPC')",0.0
opex_costs,"(0, 56, 'Pyrolysis', 'heat')",0.0
opex_costs,"(0, 56, 'Pyrolysis', 'electricity')",0.0
opex_costs,"(0, 56, 'Pyrolysis', 'disposal')",272.9458542160615
opex_costs,"(0, 56, 'Pyrolysis', 'transportation')",6744.531614884577
opex_costs,"(0, 56, 'Pyrolysis', 'water')",0.0
opex_costs,"(0, 56, 'Pyrolysis', 'labor')",7461.759687241591
opex_costs,"(0, 56, 'Pyrolysis', 'diesel')",490.0609306205528
opex_costs,"(0, 56, 'Pyrolysis', 'TPC')",47835.27137992233
opex_costs,"(0, 56, 'AD', 'heat')",0.0
opex_costs,"(0, 56, 'AD', 'electricity')",0.0
opex_costs,"(0, 56, 'AD', 'disposal')",0.0
opex_costs,"(0, 56, 'AD', 'transportation')",0.0
opex_costs,"(0, 56, 'AD', 'water')",0.0
opex_costs,"(0, 56, 'AD', 'labor')",0.0
opex_costs,"(0, 56, 'AD', 'diesel')",0.0
opex_costs,"(0, 56, 'AD', 'TPC')",0.0
opex_costs,"(0, 56, 'HTL', 'heat')",0.0
opex_costs,"(0, 56, 'HTL', 'electricity')",0.0
opex_costs,"(0, 56, 'HTL', 'disposal')",0.0
opex_costs,"(0, 56, 'HTL', 'transportation')",0.0
opex_costs,"(0, 56, 'HTL', 'water')",0.0
opex_costs,"(0, 56, 'HTL', 'labor')",0.0
opex_costs,"(0, 56, 'HTL', 'diesel')",0.0
opex_costs,"(0, 56, 'HTL', 'TPC')",0.0
opex_costs,"(0, 56, 'HTC', 'heat')",0.0
opex_costs,"(0, 56, 'HTC', 'electricity')",0.0
opex_costs,"(0, 56, 'HTC', 'disposal')",0.0
opex_costs,"(0, 56, 'HTC', 'transportation')",0.0
opex_costs,"(0, 56, 'HTC', 'water')",0.0
opex_costs,"(0, 56, 'HTC', 'labor')",0.0
opex_costs,"(0, 56, 'HTC', 'diesel')",0.0
opex_costs,"(0, 56, 'HTC', 'TPC')",0.0
opex_costs,"(0, 56, 'CHP', 'heat')",0.0
opex_costs,"(0, 56, 'CHP', 'electricity')",0.0
opex_costs,"(0, 56, 'CHP', 'disposal')",0.0
opex_costs,"(0, 56, 'CHP', 'transportation')",0.0
opex_costs,"(0, 56, 'CHP', 'water')",0.0
opex_costs,"(0, 56, 'CHP', 'labor')",0.0
opex_costs,"(0, 56, 'CHP', 'diesel')",0.0
opex_costs,"(0, 56, 'CHP', 'TPC')",691.0278123846731
opex_costs,"(0, 56, 'Feedstock', 'heat')",0.0
opex_costs,"(0, 56, 'Feedstock', 'electricity')",0.0
opex_costs,"(0, 56, 'Feedstock', 'disposal')",0.0
opex_costs,"(0, 56, 'Feedstock', 'transportation')",0.0
opex_costs,"(0, 56, 'Feedstock', 'water')",0.0
opex_costs,"(0, 56, 'Feedstock', 'labor')",0.0
opex_costs,"(0, 56, 'Feedstock', 'diesel')",0.0
opex_costs,"(0, 56, 'Feedstock', 'TPC')",0.0
opex_costs,"(0, 57, 'Pyrolysis', 'heat')",0.0
opex_costs,"(0, 57, 'Pyrolysis', 'electricity')",0.0
opex_costs,"(0, 57, 'Pyrolysis', 'disposal')",203.55844163322593
opex_costs,"(0, 57, 'Pyrolysis', 'transportation')",6706.611458640584
opex_costs,"(0, 57, 'Pyrolysis', 'water')",0.0
opex_costs,"(0, 57, 'Pyrolysis', 'labor')",7419.807019606245
opex_costs,"(0, 57, 'Pyrolysis', 'diesel')",487.3056337194016
opex_costs,"(0, 57, 'Pyrolysis', 'TPC')",47566.324465847916
opex_costs,"(0, 57, 'AD', 'heat')",0.0
opex_costs,"(0, 57, 'AD', 'electricity')",0.0
opex_costs,"(0, 57, 'AD', 'disposal')",0.0
opex_costs,"(0, 57, 'AD', 'transportation')",0.0
opex_costs,"(0, 57, 'AD', 'water')",0.0
opex_costs,"(0, 57, 'AD', 'labor')",0.0
opex_costs,"(0, 57, 'AD', 'diesel')",0.0
opex_costs,"(0, 57, 'AD', 'TPC')",0.0
opex_costs,"(0, 57, 'HTL', 'heat')",0.0
opex_costs,"(0, 57, 'HTL', 'electricity')",0.0
opex_costs,"(0, 57, 'HTL', 'disposal')",0.0
opex_costs,"(0, 57, 'HTL', 'transportation')",0.0
opex_costs,"(0, 57, 'HTL', 'water')",0.0
opex_costs,"(0, 57, 'HTL', 'labor')",0.0
opex_costs,"(0, 57, 'HTL', 'diesel')",0.0
opex_costs,"(0, 57, 'HTL', 'TPC')",0.0
opex_costs,"(0, 57, 'HTC', 'heat')",0.0
opex_costs,"(0, 57, 'HTC', 'electricity')",0.0
opex_costs,"(0, 57, 'HTC', 'disposal')",0.0
opex_costs,"(0, 57, 'HTC', 'transportation')",0.0
opex_costs,"(0, 57, 'HTC', 'water')",0.0
opex_costs,"(0, 57, 'HTC', 'labor')",0.0
opex_costs,"(0, 57, 'HTC', 'diesel')",0.0
opex_costs,"(0, 57, 'HTC', 'TPC')",0.0
opex_costs,"(0, 57, 'CHP', 'heat')",0.0
opex_costs,"(0, 57, 'CHP', 'electricity')",0.0
opex_costs,"(0, 57, 'CHP', 'disposal')",0.0
opex_costs,"(0, 57, 'CHP', 'transportation')",0.0
opex_costs,"(0, 57, 'CHP', 'water')",0.0
opex_costs,"(0, 57, 'CHP', 'labor')",0.0
opex_costs,"(0, 57, 'CHP', 'diesel')",0.0
opex_costs,"(0, 57, 'CHP', 'TPC')",687.142608176164
opex_costs,"(0, 57, 'Feedstock', 'heat')",0.0
opex_costs,"(0, 57, 'Feedstock', 'electricity')",0.0
opex_costs,"(0, 57, 'Feedstock', 'disposal')",0.0
opex_costs,"(0, 57, 'Feedstock', 'transportation')",0.0
opex_costs,"(0, 57, 'Feedstock', 'water')",0.0
opex_costs,"(0, 57, 'Feedstock', 'labor')",0.0
opex_costs,"(0, 57, 'Feedstock', 'diesel')",0.0
opex_costs,"(0, 57, 'Feedstock', 'TPC')",0.0
opex_costs,"(0, 58, 'Pyrolysis', 'heat')",0.0
opex_costs,"(0, 58, 'Pyrolysis', 'electricity')",0.0
opex_costs,"(0, 58, 'Pyrolysis', 'disposal')",202.41396365428366
opex_costs,"(0, 58, 'Pyrolysis', 'transportation')",6668.904503005868
opex_costs,"(0, 58, 'Pyrolysis', 'water')",0.0
opex_costs,"(0, 58, 'Pyrolysis', 'labor')",7378.0902247938675
opex_costs,"(0, 58, 'Pyrolysis', 'diesel')",484.565828077682
opex_costs,"(0, 58, 'Pyrolysis', 'TPC')",47298.88966700782
opex_costs,"(0, 58, 'AD', 'heat')",0.0
opex_costs,"(0, 58, 'AD', 'electricity')",0.0
opex_costs,"(0, 58, 'AD', 'disposal')",0.0
opex_costs,"(0, 58, 'AD', 'transportation')",0.0
opex_costs,"(0, 58, 'AD', 'water')",0.0
opex_costs,"(0, 58, 'AD', 'labor')",0.0
opex_costs,"(0, 58, 'AD', 'diesel')",0.0
opex_costs,"(0, 58, 'AD', 'TPC')",0.0
opex_costs,"(0, 58, 'HTL', 'heat')",0.0
opex_costs,"(0, 58, 'HTL', 'electricity')",0.0
opex_costs,"(0, 58, 'HTL', 'disposal')",0.0
opex_costs,"(0, 58, 'HTL', 'transportation')",0.0
opex_costs,"(0, 58, 'HTL', 'water')",0.0
opex_costs,"(0, 58, 'HTL', 'labor')",0.0
opex_costs,"(0, 58, 'HTL', 'diesel')",0.0
opex_costs,"(0, 58, 'HTL', 'TPC')",0.0
opex_costs,"(0, 58, 'HTC', 'heat')",0.0
opex_costs,"(0, 58, 'HTC', 'electricity')",0.0
opex_costs,"(0, 58, 'HTC', 'disposal')",0.0
opex_costs,"(0, 58, 'HTC', 'transportation')",0.0
opex_costs,"(0, 58, 'HTC', 'water')",0.0
opex_costs,"(0, 58, 'HTC', 'labor')",0.0
opex_costs,"(0, 58, 'HTC', 'diesel')",0.0
opex_costs,"(0, 58, 'HTC', 'TPC')",0.0
opex_costs,"(0, 58, 'CHP', 'heat')",0.0
opex_costs,"(0, 58, 'CHP', 'electricity')",0.0
opex_costs,"(0, 58, 'CHP', 'disposal')",0.0
opex_costs,"(0, 58, 'CHP', 'transportation')",0.0
opex_costs,"(0, 58, 'CHP', 'water')",0.0
opex_costs,"(0, 58, 'CHP', 'labor')",0.0
opex_costs,"(0, 58, 'CHP', 'diesel')",0.0
opex_costs,"(0, 58, 'CHP', 'TPC')",683.2792479679564
opex_costs,"(0, 58, 'Feedstock', 'heat')",0.0
opex_costs,"(0, 58, 'Feedstock', 'electricity')",0.0
opex_costs,"(0, 58, 'Feedstock', 'disposal')",0.0
opex_costs,"(0, 58, 'Feedstock', 'transportation')",0.0
opex_costs,"(0, 58, 'Feedstock', 'water')",0.0
opex_costs,"(0, 58, 'Feedstock', 'labor')",0.0
opex_costs,"(0, 58, 'Feedstock', 'diesel')",0.0
opex_costs,"(0, 58, 'Feedstock', 'TPC')",0.0
opex_costs,"(0, 59, 'Pyrolysis', 'heat')",0.0
opex_costs,"(0, 59, 'Pyrolysis', 'electricity')",0.0
opex_costs,"(0, 59, 'Pyrolysis', 'disposal')",201.27592033771043
opex_costs,"(0, 59, 'Pyrolysis', 'transportation')",6631.40954929075
opex_costs,"(0, 59, 'Pyrolysis', 'water')",0.0
opex_costs,"(0, 59, 'Pyrolysis', 'labor')",7336.607976643529
opex_costs,"(0, 59, 'Pyrolysis', 'diesel')",481.841426598022
opex_costs,"(0, 59, 'Pyrolysis', 'TPC')",47032.9584817522
opex_costs,"(0, 59, 'AD', 'heat')",0.0
opex_costs,"(0, 59, 'AD', 'electricity')",0.0
opex_costs,"(0, 59, 'AD', 'disposal')",0.0
opex_costs,"(0, 59, 'AD', 'transportation')",0.0
opex_costs,"(0, 59, 'AD', 'water')",0.0
opex_costs,"(0, 59, 'AD', 'labor')",0.0
opex_costs,"(0, 59, 'AD', 'diesel')",0.0
opex_costs,"(0, 59, 'AD', 'TPC')",0.0
opex_costs,"(0, 59, 'HTL', 'heat')",0.0
opex_costs,"(0, 59, 'HTL', 'electricity')",0.0
opex_costs,"(0, 59, 'HTL', 'disposal')",0.0
opex_costs,"(0, 59, 'HTL', 'transportation')",0.0
opex_costs,"(0, 59, 'HTL', 'water')",0.0
opex_costs,"(0, 59, 'HTL', 'labor')",0.0
opex_costs,"(0, 59, 'HTL', 'diesel')",0.0
opex_costs,"(0, 59, 'HTL', 'TPC')",0.0
opex_costs,"(0, 59, 'HTC', 'heat')",0.0
opex_costs,"(0, 59, 'HTC', 'electricity')",0.0
opex_costs,"(0, 59, 'HTC', 'disposal')",0.0
opex_costs,"(0, 59, 'HTC', 'transportation')",0.0
opex_costs,"(0, 59, 'HTC', 'water')",0.0
opex_costs,"(0, 59, 'HTC', 'labor')",0.0
opex_costs,"(0, 59, 'HTC', 'diesel')",0.0
opex_costs,"(0, 59, 'HTC', 'TPC')",0.0
opex_costs,"(0, 59, 'CHP', 'heat')",0.0
opex_costs,"(0, 59, 'CHP', 'electricity')",0.0
opex_costs,"(0, 59, 'CHP', 'disposal')",0.0
opex_costs,"(0, 59, 'CHP', 'transportation')",0.0
opex_costs,"(0, 59, 'CHP', 'water')",0.0
opex_costs,"(0, 59, 'CHP', 'labor')",0.0
opex_costs,"(0, 59, 'CHP', 'diesel')",0.0
opex_costs,"(0, 59, 'CHP', 'TPC')",679.4376089453085
opex_costs,"(0, 59, 'Feedstock', 'heat')",0.0
opex_costs,"(0, 59, 'Feedstock', 'electricity')",0.0
opex_costs,"(0, 59, 'Feedstock', 'disposal')",0.0
opex_costs,"(0, 59, 'Feedstock', 'transportation')",0.0
opex_costs,"(0, 59, 'Feedstock', 'water')",0.0
opex_costs,"(0, 59, 'Feedstock', 'labor')",0.0
opex_costs,"(0, 59, 'Feedstock', 'diesel')",0.0
opex_costs,"(0, 59, 'Feedstock', 'TPC')",0.0
opex_costs,"(0, 60, 'Pyrolysis', 'heat')",0.0
opex_costs,"(0, 60, 'Pyrolysis', 'electricity')",0.0
opex_costs,"(0, 60, 'Pyrolysis', 'disposal')",200.1442755055452
opex_costs,"(0, 60, 'Pyrolysis', 'transportation')",6594.125405545016
opex_costs,"(0, 60, 'Pyrolysis', 'water')",0.0
opex_costs,"(0, 60, 'Pyrolysis', 'labor')",7295.358956450447
opex_costs,"(0, 60, 'Pyrolysis', 'diesel')",479.13234267274225
opex_costs,"(0, 60, 'Pyrolysis', 'TPC')",46768.52245623054
opex_costs,"(0, 60, 'AD', 'heat')",0.0
opex_costs,"(0, 60, 'AD', 'electricity')",0.0
opex_costs,"(0, 60, 'AD', 'disposal')",0.0
opex_costs,"(0, 60, 'AD', 'transportation')",0.0
opex_costs,"(0, 60, 'AD', 'water')",0.0
opex_costs,"(0, 60, 'AD', 'labor')",0.0
opex_costs,"(0, 60, 'AD', 'diesel')",0.0
opex_costs,"(0, 60, 'AD', 'TPC')",0.0
opex_costs,"(0, 60, 'HTL', 'heat')",0.0
opex_costs,"(0, 60, 'HTL', 'electricity')",0.0
opex_costs,"(0, 60, 'HTL', 'disposal')",0.0
opex_costs,"(0, 60, 'HTL', 'transportation')",0.0
opex_costs,"(0, 60, 'HTL', 'water')",0.0
opex_costs,"(0, 60, 'HTL', 'labor')",0.0
opex_costs,"(0, 60, 'HTL', 'diesel')",0.0
opex_costs,"(0, 60, 'HTL', 'TPC')",0.0
opex_costs,"(0, 60, 'HTC', 'heat')",0.0
opex_costs,"(0, 60, 'HTC', 'electricity')",0.0
opex_costs,"(0, 60, 'HTC', 'disposal')",0.0
opex_costs,"(0, 60, 'HTC', 'transportation')",0.0
opex_costs,"(0, 60, 'HTC', 'water')",0.0
opex_costs,"(0, 60, 'HTC', 'labor')",0.0
opex_costs,"(0, 60, 'HTC', 'diesel')",0.0
opex_costs,"(0, 60, 'HTC', 'TPC')",0.0
opex_costs,"(0, 60, 'CHP', 'heat')",0.0
opex_costs,"(0, 60, 'CHP', 'electricity')",0.0
opex_costs,"(0, 60, 'CHP', 'disposal')",0.0
opex_costs,"(0, 60, 'CHP', 'transportation')",0.0
opex_costs,"(0, 60, 'CHP', 'water')",0.0
opex_costs,"(0, 60, 'CHP', 'labor')",0.0
opex_costs,"(0, 60, 'CHP', 'diesel')",0.0
opex_costs,"(0, 60, 'CHP', 'TPC')",675.6175689839877
opex_costs,"(0, 60, 'Feedstock', 'heat')",0.0
opex_costs,"(0, 60, 'Feedstock', 'electricity')",0.0
opex_costs,"(0, 60, 'Feedstock', 'disposal')",0.0
opex_costs,"(0, 60, 'Feedstock', 'transportation')",0.0
opex_costs,"(0, 60, 'Feedstock', 'water')",0.0
opex_costs,"(0, 60, 'Feedstock', 'labor')",0.0
opex_costs,"(0, 60, 'Feedstock', 'diesel')",0.0
opex_costs,"(0, 60, 'Feedstock', 'TPC')",0.0
opex_costs,"(0, 61, 'Pyrolysis', 'heat')",0.0
opex_costs,"(0, 61, 'Pyrolysis', 'electricity')",0.0
opex_costs,"(0, 61, 'Pyrolysis', 'disposal')",199.0189931832322
opex_costs,"(0, 61, 'Pyrolysis', 'transportation')",6557.050886520017
opex_costs,"(0, 61, 'Pyrolysis', 'water')",0.0
opex_costs,"(0, 61, 'Pyrolysis', 'labor')",7254.341852924076
opex_costs,"(0, 61, 'Pyrolysis', 'diesel')",476.43849018110245
opex_costs,"(0, 61, 'Pyrolysis', 'TPC')",46505.5731841229
opex_costs,"(0, 61, 'AD', 'heat')",0.0
opex_costs,"(0, 61, 'AD', 'electricity')",0.0
opex_costs,"(0, 61, 'AD', 'disposal')",0.0
opex_costs,"(0, 61, 'AD', 'transportation')",0.0
opex_costs,"(0, 61, 'AD', 'water')",0.0
opex_costs,"(0, 61, 'AD', 'labor')",0.0
opex_costs,"(0, 61, 'AD', 'diesel')",0.0
opex_costs,"(0, 61, 'AD', 'TPC')",0.0
opex_costs,"(0, 61, 'HTL', 'heat')",0.0
opex_costs,"(0, 61, 'HTL', 'electricity')",0.0
opex_costs,"(0, 61, 'HTL', 'disposal')",0.0
opex_costs,"(0, 61, 'HTL', 'transportation')",0.0
opex_costs,"(0, 61, 'HTL', 'water')",0.0
opex_costs,"(0, 61, 'HTL', 'labor')",0.0
opex_costs,"(0, 61, 'HTL', 'diesel')",0.0
opex_costs,"(0, 61, 'HTL', 'TPC')",0.0
opex_costs,"(0, 61, 'HTC', 'heat')",0.0
opex_costs,"(0, 61, 'HTC', 'electricity')",0.0
opex_costs,"(0, 61, 'HTC', 'disposal')",0.0
opex_costs,"(0, 61, 'HTC', 'transportation')",0.0
opex_costs,"(0, 61, 'HTC', 'water')",0.0
opex_costs,"(0, 61, 'HTC', 'labor')",0.0
opex_costs,"(0, 61, 'HTC', 'diesel')",0.0
opex_costs,"(0, 61, 'HTC', 'TPC')",0.0
opex_costs,"(0, 61, 'CHP', 'heat')",0.0
opex_costs,"(0, 61, 'CHP', 'electricity')",0.0
opex_costs,"(0, 61, 'CHP', 'disposal')",0.0
opex_costs,"(0, 61, 'CHP', 'transportation')",0.0
opex_costs,"(0, 61, 'CHP', 'water')",0.0
opex_costs,"(0, 61, 'CHP', 'labor')",0.0
opex_costs,"(0, 61, 'CHP', 'diesel')",0.0
opex_costs,"(0, 61, 'CHP', 'TPC')",671.8190066463869
opex_costs,"(0, 61, 'Feedstock', 'heat')",0.0
opex_costs,"(0, 61, 'Feedstock', 'electricity')",0.0
opex_costs,"(0, 61, 'Feedstock', 'disposal')",0.0
opex_costs,"(0, 61, 'Feedstock', 'transportation')",0.0
opex_costs,"(0, 61, 'Feedstock', 'water')",0.0
opex_costs,"(0, 61, 'Feedstock', 'labor')",0.0
opex_costs,"(0, 61, 'Feedstock', 'diesel')",0.0
opex_costs,"(0, 61, 'Feedstock', 'TPC')",0.0
opex_costs,"(0, 62, 'Pyrolysis', 'heat')",0.0
opex_costs,"(0, 62, 'Pyrolysis', 'electricity')",0.0
opex_costs,"(0, 62, 'Pyrolysis', 'disposal')",197.9000375984774
opex_costs,"(0, 62, 'Pyrolysis', 'transportation')",6520.184813630995
opex_costs,"(0, 62, 'Pyrolysis', 'water')",0.0
opex_costs,"(0, 62, 'Pyrolysis', 'labor')",7213.555362146403
opex_costs,"(0, 62, 'Pyrolysis', 'diesel')",473.7597834865637
opex_costs,"(0, 62, 'Pyrolysis', 'TPC')",46244.10230637262
opex_costs,"(0, 62, 'AD', 'heat')",0.0
opex_costs,"(0, 62, 'AD', 'electricity')",0.0
opex_costs,"(0, 62, 'AD', 'disposal')",0.0
opex_costs,"(0, 62, 'AD', 'transportation')",0.0
opex_costs,"(0, 62, 'AD', 'water')",0.0
opex_costs,"(0, 62, 'AD', 'labor')",0.0
opex_costs,"(0, 62, 'AD', 'diesel')",0.0
opex_costs,"(0, 62, 'AD', 'TPC')",0.0
opex_costs,"(0, 62, 'HTL', 'heat')",0.0
opex_costs,"(0, 62, 'HTL', 'electricity')",0.0
opex_costs,"(0, 62, 'HTL', 'disposal')",0.0
opex_costs,"(0, 62, 'HTL', 'transportation')",0.0
opex_costs,"(0, 62, 'HTL', 'water')",0.0
opex_costs,"(0, 62, 'HTL', 'labor')",0.0
opex_costs,"(0, 62, 'HTL', 'diesel')",0.0
opex_costs,"(0, 62, 'HTL', 'TPC')",0.0
opex_costs,"(0, 62, 'HTC', 'heat')",0.0
opex_costs,"(0, 62, 'HTC', 'electricity')",0.0
opex_costs,"(0, 62, 'HTC', 'disposal')",0.0
opex_costs,"(0, 62, 'HTC', 'transportation')",0.0
opex_costs,"(0, 62, 'HTC', 'water')",0.0
opex_costs,"(0, 62, 'HTC', 'labor')",0.0
opex_costs,"(0, 62, 'HTC', 'diesel')",0.0
opex_costs,"(0, 62, 'HTC', 'TPC')",0.0
opex_costs,"(0, 62, 'CHP', 'heat')",0.0
opex_costs,"(0, 62, 'CHP', 'electricity')",0.0
opex_costs,"(0, 62, 'CHP', 'disposal')",0.0
opex_costs,"(0, 62, 'CHP', 'transportation')",0.0
opex_costs,"(0, 62, 'CHP', 'water')",0.0
opex_costs,"(0, 62, 'CHP', 'labor')",0.0
opex_costs,"(0, 62, 'CHP', 'diesel')",0.0
opex_costs,"(0, 62, 'CHP', 'TPC')",668.0418011776643
opex_costs,"(0, 62, 'Feedstock', 'heat')",0.0
opex_costs,"(0, 62, 'Feedstock', 'electricity')",0.0
opex_costs,"(0, 62, 'Feedstock', 'disposal')",0.0
opex_costs,"(0, 62, 'Feedstock', 'transportation')",0.0
opex_costs,"(0, 62, 'Feedstock', 'water')",0.0
opex_costs,"(0, 62, 'Feedstock', 'labor')",0.0
opex_costs,"(0, 62, 'Feedstock', 'diesel')",0.0
opex_costs,"(0, 62, 'Feedstock', 'TPC')",0.0
opex_costs,"(0, 63, 'Pyrolysis', 'heat')",0.0
opex_costs,"(0, 63, 'Pyrolysis', 'electricity')",0.0
opex_costs,"(0, 63, 'Pyrolysis', 'disposal')",196.78737318011147
opex_costs,"(0, 63, 'Pyrolysis', 'transportation')",6483.526014919616
opex_costs,"(0, 63, 'Pyrolysis', 'water')",0.0
opex_costs,"(0, 63, 'Pyrolysis', 'labor')",7172.998187530511
opex_costs,"(0, 63, 'Pyrolysis', 'diesel')",471.09613743406646
opex_costs,"(0, 63, 'Pyrolysis', 'TPC')",45984.10151092067
opex_costs,"(0, 63, 'AD', 'heat')",0.0
opex_costs,"(0, 63, 'AD', 'electricity')",0.0
opex_costs,"(0, 63, 'AD', 'disposal')",0.0
opex_costs,"(0, 63, 'AD', 'transportation')",0.0
opex_costs,"(0, 63, 'AD', 'water')",0.0
opex_costs,"(0, 63, 'AD', 'labor')",0.0
opex_costs,"(0, 63, 'AD', 'diesel')",0.0
opex_costs,"(0, 63, 'AD', 'TPC')",0.0
opex_costs,"(0, 63, 'HTL', 'heat')",0.0
opex_costs,"(0, 63, 'HTL', 'electricity')",0.0
opex_costs,"(0, 63, 'HTL', 'disposal')",0.0
opex_costs,"(0, 63, 'HTL', 'transportation')",0.0
opex_costs,"(0, 63, 'HTL', 'water')",0.0
opex_costs,"(0, 63, 'HTL', 'labor')",0.0
opex_costs,"(0, 63, 'HTL', 'diesel')",0.0
opex_costs,"(0, 63, 'HTL', 'TPC')",0.0
opex_costs,"(0, 63, 'HTC', 'heat')",0.0
opex_costs,"(0, 63, 'HTC', 'electricity')",0.0
opex_costs,"(0, 63, 'HTC', 'disposal')",0.0
opex_costs,"(0, 63, 'HTC', 'transportation')",0.0
opex_costs,"(0, 63, 'HTC', 'water')",0.0
opex_costs,"(0, 63, 'HTC', 'labor')",0.0
opex_costs,"(0, 63, 'HTC', 'diesel')",0.0
opex_costs,"(0, 63, 'HTC', 'TPC')",0.0
opex_costs,"(0, 63, 'CHP', 'heat')",0.0
opex_costs,"(0, 63, 'CHP', 'electricity')",0.0
opex_costs,"(0, 63, 'CHP', 'disposal')",0.0
opex_costs,"(0, 63, 'CHP', 'transportation')",0.0
opex_costs,"(0, 63, 'CHP', 'water')",0.0
opex_costs,"(0, 63, 'CHP', 'labor')",0.0
opex_costs,"(0, 63, 'CHP', 'diesel')",0.0
opex_costs,"(0, 63, 'CHP', 'TPC')",664.285832501905
opex_costs,"(0, 63, 'Feedstock', 'heat')",0.0
opex_costs,"(0, 63, 'Feedstock', 'electricity')",0.0
opex_costs,"(0, 63, 'Feedstock', 'disposal')",0.0
opex_costs,"(0, 63, 'Feedstock', 'transportation')",0.0
opex_costs,"(0, 63, 'Feedstock', 'water')",0.0
opex_costs,"(0, 63, 'Feedstock', 'labor')",0.0
opex_costs,"(0, 63, 'Feedstock', 'diesel')",0.0
opex_costs,"(0, 63, 'Feedstock', 'TPC')",0.0
opex_costs,"(0, 64, 'Pyrolysis', 'heat')",0.0
opex_costs,"(0, 64, 'Pyrolysis', 'electricity')",0.0
opex_costs,"(0, 64, 'Pyrolysis', 'disposal')",195.68096455695874
opex_costs,"(0, 64, 'Pyrolysis', 'transportation')",6447.0733250167095
opex_costs,"(0, 64, 'Pyrolysis', 'water')",0.0
opex_costs,"(0, 64, 'Pyrolysis', 'labor')",7132.669039779355
opex_costs,"(0, 64, 'Pyrolysis', 'diesel')",468.44746734732297
opex_costs,"(0, 64, 'Pyrolysis', 'TPC')",45725.56253244136
opex_costs,"(0, 64, 'AD', 'heat')",0.0
opex_costs,"(0, 64, 'AD', 'electricity')",0.0
opex_costs,"(0, 64, 'AD', 'disposal')",0.0
opex_costs,"(0, 64, 'AD', 'transportation')",0.0
opex_costs,"(0, 64, 'AD', 'water')",0.0
opex_costs,"(0, 64, 'AD', 'labor')",0.0
opex_costs,"(0, 64, 'AD', 'diesel')",0.0
opex_costs,"(0, 64, 'AD', 'TPC')",0.0
opex_costs,"(0, 64, 'HTL', 'heat')",0.0
opex_costs,"(0, 64, 'HTL', 'electricity')",0.0
opex_costs,"(0, 64, 'HTL', 'disposal')",0.0
opex_costs,"(0, 64, 'HTL', 'transportation')",0.0
opex_costs,"(0, 64, 'HTL', 'water')",0.0
opex_costs,"(0, 64, 'HTL', 'labor')",0.0
opex_costs,"(0, 64, 'HTL', 'diesel')",0.0
opex_costs,"(0, 64, 'HTL', 'TPC')",0.0
opex_costs,"(0, 64, 'HTC', 'heat')",0.0
opex_costs,"(0, 64, 'HTC', 'electricity')",0.0
opex_costs,"(0, 64, 'HTC', 'disposal')",0.0
opex_costs,"(0, 64, 'HTC', 'transportation')",0.0
opex_costs,"(0, 64, 'HTC', 'water')",0.0
opex_costs,"(0, 64, 'HTC', 'labor')",0.0
opex_costs,"(0, 64, 'HTC', 'diesel')",0.0
opex_costs,"(0, 64, 'HTC', 'TPC')",0.0
opex_costs,"(0, 64, 'CHP', 'heat')",0.0
opex_costs,"(0, 64, 'CHP', 'electricity')",0.0
opex_costs,"(0, 64, 'CHP', 'disposal')",0.0
opex_costs,"(0, 64, 'CHP', 'transportation')",0.0
opex_costs,"(0, 64, 'CHP', 'water')",0.0
opex_costs,"(0, 64, 'CHP', 'labor')",0.0
opex_costs,"(0, 64, 'CHP', 'diesel')",0.0
opex_costs,"(0, 64, 'CHP', 'TPC')",660.5509812183035
opex_costs,"(0, 64, 'Feedstock', 'heat')",0.0
opex_costs,"(0, 64, 'Feedstock', 'electricity')",0.0
opex_costs,"(0, 64, 'Feedstock', 'disposal')",0.0
opex_costs,"(0, 64, 'Feedstock', 'transportation')",0.0
opex_costs,"(0, 64, 'Feedstock', 'water')",0.0
opex_costs,"(0, 64, 'Feedstock', 'labor')",0.0
opex_costs,"(0, 64, 'Feedstock', 'diesel')",0.0
opex_costs,"(0, 64, 'Feedstock', 'TPC')",0.0
opex_costs,"(0, 65, 'Pyrolysis', 'heat')",0.0
opex_costs,"(0, 65, 'Pyrolysis', 'electricity')",0.0
opex_costs,"(0, 65, 'Pyrolysis', 'disposal')",194.5807765567129
opex_costs,"(0, 65, 'Pyrolysis', 'transportation')",34105.59211205922
opex_costs,"(0, 65, 'Pyrolysis', 'water')",0.0
opex_costs,"(0, 65, 'Pyrolysis', 'labor')",7092.566636844775
opex_costs,"(0, 65, 'Pyrolysis', 'diesel')",2478.128825568084
opex_costs,"(0, 65, 'Pyrolysis', 'TPC')",45468.477152079584
opex_costs,"(0, 65, 'AD', 'heat')",0.0
opex_costs,"(0, 65, 'AD', 'electricity')",0.0
opex_costs,"(0, 65, 'AD', 'disposal')",0.0
opex_costs,"(0, 65, 'AD', 'transportation')",0.0
opex_costs,"(0, 65, 'AD', 'water')",0.0
opex_costs,"(0, 65, 'AD', 'labor')",0.0
opex_costs,"(0, 65, 'AD', 'diesel')",0.0
opex_costs,"(0, 65, 'AD', 'TPC')",0.0
opex_costs,"(0, 65, 'HTL', 'heat')",0.0
opex_costs,"(0, 65, 'HTL', 'electricity')",0.0
opex_costs,"(0, 65, 'HTL', 'disposal')",0.0
opex_costs,"(0, 65, 'HTL', 'transportation')",0.0
opex_costs,"(0, 65, 'HTL', 'water')",0.0
opex_costs,"(0, 65, 'HTL', 'labor')",0.0
opex_costs,"(0, 65, 'HTL', 'diesel')",0.0
opex_costs,"(0, 65, 'HTL', 'TPC')",0.0
opex_costs,"(0, 65, 'HTC', 'heat')",0.0
opex_costs,"(0, 65, 'HTC', 'electricity')",0.0
opex_costs,"(0, 65, 'HTC', 'disposal')",0.0
opex_costs,"(0, 65, 'HTC', 'transportation')",0.0
opex_costs,"(0, 65, 'HTC', 'water')",0.0
opex_costs,"(0, 65, 'HTC', 'labor')",0.0
opex_costs,"(0, 65, 'HTC', 'diesel')",0.0
opex_costs,"(0, 65, 'HTC', 'TPC')",0.0
opex_costs,"(0, 65, 'CHP', 'heat')",0.0
opex_costs,"(0, 65, 'CHP', 'electricity')",0.0
opex_costs,"(0, 65, 'CHP', 'disposal')",0.0
opex_costs,"(0, 65, 'CHP', 'transportation')",0.0
opex_costs,"(0, 65, 'CHP', 'water')",0.0
opex_costs,"(0, 65, 'CHP', 'labor')",0.0
opex_costs,"(0, 65, 'CHP', 'diesel')",0.0
opex_costs,"(0, 65, 'CHP', 'TPC')",656.8371285973682
opex_costs,"(0, 65, 'Feedstock', 'heat')",0.0
opex_costs,"(0, 65, 'Feedstock', 'electricity')",0.0
opex_costs,"(0, 65, 'Feedstock', 'disposal')",0.0
opex_costs,"(0, 65, 'Feedstock', 'transportation')",0.0
opex_costs,"(0, 65, 'Feedstock', 'water')",0.0
opex_costs,"(0, 65, 'Feedstock', 'labor')",0.0
opex_costs,"(0, 65, 'Feedstock', 'diesel')",0.0
opex_costs,"(0, 65, 'Feedstock', 'TPC')",0.0
opex_costs,"(0, 66, 'Pyrolysis', 'heat')",0.0
opex_costs,"(0, 66, 'Pyrolysis', 'electricity')",0.0
opex_costs,"(0, 66, 'Pyrolysis', 'disposal')",257.98236560642505
opex_costs,"(0, 66, 'Pyrolysis', 'transportation')",6374.781642883401
opex_costs,"(0, 66, 'Pyrolysis', 'water')",0.0
opex_costs,"(0, 66, 'Pyrolysis', 'labor')",7052.689703886743
opex_costs,"(0, 66, 'Pyrolysis', 'diesel')",463.19471874367065
opex_costs,"(0, 66, 'Pyrolysis', 'TPC')",45212.83719718958
opex_costs,"(0, 66, 'AD', 'heat')",0.0
opex_costs,"(0, 66, 'AD', 'electricity')",0.0
opex_costs,"(0, 66, 'AD', 'disposal')",0.0
opex_costs,"(0, 66, 'AD', 'transportation')",0.0
opex_costs,"(0, 66, 'AD', 'water')",0.0
opex_costs,"(0, 66, 'AD', 'labor')",0.0
opex_costs,"(0, 66, 'AD', 'diesel')",0.0
opex_costs,"(0, 66, 'AD', 'TPC')",0.0
opex_costs,"(0, 66, 'HTL', 'heat')",0.0
opex_costs,"(0, 66, 'HTL', 'electricity')",0.0
opex_costs,"(0, 66, 'HTL', 'disposal')",0.0
opex_costs,"(0, 66, 'HTL', 'transportation')",0.0
opex_costs,"(0, 66, 'HTL', 'water')",0.0
opex_costs,"(0, 66, 'HTL', 'labor')",0.0
opex_costs,"(0, 66, 'HTL', 'diesel')",0.0
opex_costs,"(0, 66, 'HTL', 'TPC')",0.0
opex_costs,"(0, 66, 'HTC', 'heat')",0.0
opex_costs,"(0, 66, 'HTC', 'electricity')",0.0
opex_costs,"(0, 66, 'HTC', 'disposal')",0.0
opex_costs,"(0, 66, 'HTC', 'transportation')",0.0
opex_costs,"(0, 66, 'HTC', 'water')",0.0
opex_costs,"(0, 66, 'HTC', 'labor')",0.0
opex_costs,"(0, 66, 'HTC', 'diesel')",0.0
opex_costs,"(0, 66, 'HTC', 'TPC')",0.0
opex_costs,"(0, 66, 'CHP', 'heat')",0.0
opex_costs,"(0, 66, 'CHP', 'electricity')",0.0
opex_costs,"(0, 66, 'CHP', 'disposal')",0.0
opex_costs,"(0, 66, 'CHP', 'transportation')",0.0
opex_costs,"(0, 66, 'CHP', 'water')",0.0
opex_costs,"(0, 66, 'CHP', 'labor')",0.0
opex_costs,"(0, 66, 'CHP', 'diesel')",0.0
opex_costs,"(0, 66, 'CHP', 'TPC')",653.1441565771468
opex_costs,"(0, 66, 'Feedstock', 'heat')",0.0
opex_costs,"(0, 66, 'Feedstock', 'electricity')",0.0
opex_costs,"(0, 66, 'Feedstock', 'disposal')",0.0
opex_costs,"(0, 66, 'Feedstock', 'transportation')",0.0
opex_costs,"(0, 66, 'Feedstock', 'water')",0.0
opex_costs,"(0, 66, 'Feedstock', 'labor')",0.0
opex_costs,"(0, 66, 'Feedstock', 'diesel')",0.0
opex_costs,"(0, 66, 'Feedstock', 'TPC')",0.0
opex_costs,"(0, 67, 'Pyrolysis', 'heat')",0.0
opex_costs,"(0, 67, 'Pyrolysis', 'electricity')",0.0
opex_costs,"(0, 67, 'Pyrolysis', 'disposal')",256.53189696446714
opex_costs,"(0, 67, 'Pyrolysis', 'transportation')",6338.940352528117
opex_costs,"(0, 67, 'Pyrolysis', 'water')",0.0
opex_costs,"(0, 67, 'Pyrolysis', 'labor')",7013.0369732328345
opex_costs,"(0, 67, 'Pyrolysis', 'diesel')",460.5904732438959
opex_costs,"(0, 67, 'Pyrolysis', 'TPC')",44958.634541075124
opex_costs,"(0, 67, 'AD', 'heat')",0.0
opex_costs,"(0, 67, 'AD', 'electricity')",0.0
opex_costs,"(0, 67, 'AD', 'disposal')",0.0
opex_costs,"(0, 67, 'AD', 'transportation')",0.0
opex_costs,"(0, 67, 'AD', 'water')",0.0
opex_costs,"(0, 67, 'AD', 'labor')",0.0
opex_costs,"(0, 67, 'AD', 'diesel')",0.0
opex_costs,"(0, 67, 'AD', 'TPC')",0.0
opex_costs,"(0, 67, 'HTL', 'heat')",0.0
opex_costs,"(0, 67, 'HTL', 'electricity')",0.0
opex_costs,"(0, 67, 'HTL', 'disposal')",0.0
opex_costs,"(0, 67, 'HTL', 'transportation')",0.0
opex_costs,"(0, 67, 'HTL', 'water')",0.0
opex_costs,"(0, 67, 'HTL', 'labor')",0.0
opex_costs,"(0, 67, 'HTL', 'diesel')",0.0
opex_costs,"(0, 67, 'HTL', 'TPC')",0.0
opex_costs,"(0, 67, 'HTC', 'heat')",0.0
opex_costs,"(0, 67, 'HTC', 'electricity')",0.0
opex_costs,"(0, 67, 'HTC', 'disposal')",0.0
opex_costs,"(0, 67, 'HTC', 'transportation')",0.0
opex_costs,"(0, 67, 'HTC', 'water')",0.0
opex_costs,"(0, 67, 'HTC', 'labor')",0.0
opex_costs,"(0, 67, 'HTC', 'diesel')",0.0
opex_costs,"(0, 67, 'HTC', 'TPC')",0.0
opex_costs,"(0, 67, 'CHP', 'heat')",0.0
opex_costs,"(0, 67, 'CHP', 'electricity')",0.0
opex_costs,"(0, 67, 'CHP', 'disposal')",0.0
opex_costs,"(0, 67, 'CHP', 'transportation')",0.0
opex_costs,"(0, 67, 'CHP', 'water')",0.0
opex_costs,"(0, 67, 'CHP', 'labor')",0.0
opex_costs,"(0, 67, 'CHP', 'diesel')",0.0
opex_costs,"(0, 67, 'CHP', 'TPC')",649.4719477594733
opex_costs,"(0, 67, 'Feedstock', 'heat')",0.0
opex_costs,"(0, 67, 'Feedstock', 'electricity')",0.0
opex_costs,"(0, 67, 'Feedstock', 'disposal')",0.0
opex_costs,"(0, 67, 'Feedstock', 'transportation')",0.0
opex_costs,"(0, 67, 'Feedstock', 'water')",0.0
opex_costs,"(0, 67, 'Feedstock', 'labor')",0.0
opex_costs,"(0, 67, 'Feedstock', 'diesel')",0.0
opex_costs,"(0, 67, 'Feedstock', 'TPC')",0.0
opex_costs,"(0, 68, 'Pyrolysis', 'heat')",0.0
opex_costs,"(0, 68, 'Pyrolysis', 'electricity')",0.0
opex_costs,"(0, 68, 'Pyrolysis', 'disposal')",255.08958338158405
opex_costs,"(0, 68, 'Pyrolysis', 'transportation')",6303.300574658484
opex_costs,"(0, 68, 'Pyrolysis', 'water')",0.0
opex_costs,"(0, 68, 'Pyrolysis', 'labor')",6973.607184337934
opex_costs,"(0, 68, 'Pyrolysis', 'diesel')",458.00086973883447
opex_costs,"(0, 68, 'Pyrolysis', 'TPC')",44705.86110273114
opex_costs,"(0, 68, 'AD', 'heat')",0.0
opex_costs,"(0, 68, 'AD', 'electricity')",0.0
opex_costs,"(0, 68, 'AD', 'disposal')",0.0
opex_costs,"(0, 68, 'AD', 'transportation')",0.0
opex_costs,"(0, 68, 'AD', 'water')",0.0
opex_costs,"(0, 68, 'AD', 'labor')",0.0
opex_costs,"(0, 68, 'AD', 'diesel')",0.0
opex_costs,"(0, 68, 'AD', 'TPC')",0.0
opex_costs,"(0, 68, 'HTL', 'heat')",0.0
opex_costs,"(0, 68, 'HTL', 'electricity')",0.0
opex_costs,"(0, 68, 'HTL', 'disposal')",0.0
opex_costs,"(0, 68, 'HTL', 'transportation')",0.0
opex_costs,"(0, 68, 'HTL', 'water')",0.0
opex_costs,"(0, 68, 'HTL', 'labor')",0.0
opex_costs,"(0, 68, 'HTL', 'diesel')",0.0
opex_costs,"(0, 68, 'HTL', 'TPC')",0.0
opex_costs,"(0, 68, 'HTC', 'heat')",0.0
opex_costs,"(0, 68, 'HTC', 'electricity')",0.0
opex_costs,"(0, 68, 'HTC', 'disposal')",0.0
opex_costs,"(0, 68, 'HTC', 'transportation')",0.0
opex_costs,"(0, 68, 'HTC', 'water')",0.0
opex_costs,"(0, 68, 'HTC', 'labor')",0.0
opex_costs,"(0, 68, 'HTC', 'diesel')",0.0
opex_costs,"(0, 68, 'HTC', 'TPC')",0.0
opex_costs,"(0, 68, 'CHP', 'heat')",0.0
opex_costs,"(0, 68, 'CHP', 'electricity')",0.0
opex_costs,"(0, 68, 'CHP', 'disposal')",0.0
opex_costs,"(0, 68, 'CHP', 'transportation')",0.0
opex_costs,"(0, 68, 'CHP', 'water')",0.0
opex_costs,"(0, 68, 'CHP', 'labor')",0.0
opex_costs,"(0, 68, 'CHP', 'diesel')",0.0
opex_costs,"(0, 68, 'CHP', 'TPC')",645.8203854062365
opex_costs,"(0, 68, 'Feedstock', 'heat')",0.0
opex_costs,"(0, 68, 'Feedstock', 'electricity')",0.0
opex_costs,"(0, 68, 'Feedstock', 'disposal')",0.0
opex_costs,"(0, 68, 'Feedstock', 'transportation')",0.0
opex_costs,"(0, 68, 'Feedstock', 'water')",0.0
opex_costs,"(0, 68, 'Feedstock', 'labor')",0.0
opex_costs,"(0, 68, 'Feedstock', 'diesel')",0.0
opex_costs,"(0, 68, 'Feedstock', 'TPC')",0.0
opex_costs,"(0, 69, 'Pyrolysis', 'heat')",0.0
opex_costs,"(0, 69, 'Pyrolysis', 'electricity')",0.0
opex_costs,"(0, 69, 'Pyrolysis', 'disposal')",190.2415342366598
opex_costs,"(0, 69, 'Pyrolysis', 'transportation')",6267.861176299612
opex_costs,"(0, 69, 'Pyrolysis', 'water')",0.0
opex_costs,"(0, 69, 'Pyrolysis', 'labor')",6934.399083744155
opex_costs,"(0, 69, 'Pyrolysis', 'diesel')",455.4258259059829
opex_costs,"(0, 69, 'Pyrolysis', 'TPC')",44454.50884658685
opex_costs,"(0, 69, 'AD', 'heat')",0.0
opex_costs,"(0, 69, 'AD', 'electricity')",0.0
opex_costs,"(0, 69, 'AD', 'disposal')",0.0
opex_costs,"(0, 69, 'AD', 'transportation')",0.0
opex_costs,"(0, 69, 'AD', 'water')",0.0
opex_costs,"(0, 69, 'AD', 'labor')",0.0
opex_costs,"(0, 69, 'AD', 'diesel')",0.0
opex_costs,"(0, 69, 'AD', 'TPC')",0.0
opex_costs,"(0, 69, 'HTL', 'heat')",0.0
opex_costs,"(0, 69, 'HTL', 'electricity')",0.0
opex_costs,"(0, 69, 'HTL', 'disposal')",0.0
opex_costs,"(0, 69, 'HTL', 'transportation')",0.0
opex_costs,"(0, 69, 'HTL', 'water')",0.0
opex_costs,"(0, 69, 'HTL', 'labor')",0.0
opex_costs,"(0, 69, 'HTL', 'diesel')",0.0
opex_costs,"(0, 69, 'HTL', 'TPC')",0.0
opex_costs,"(0, 69, 'HTC', 'heat')",0.0
opex_costs,"(0, 69, 'HTC', 'electricity')",0.0
opex_costs,"(0, 69, 'HTC', 'disposal')",0.0
opex_costs,"(0, 69, 'HTC', 'transportation')",0.0
opex_costs,"(0, 69, 'HTC', 'water')",0.0
opex_costs,"(0, 69, 'HTC', 'labor')",0.0
opex_costs,"(0, 69, 'HTC', 'diesel')",0.0
opex_costs,"(0, 69, 'HTC', 'TPC')",0.0
opex_costs,"(0, 69, 'CHP', 'heat')",0.0
opex_costs,"(0, 69, 'CHP', 'electricity')",0.0
opex_costs,"(0, 69, 'CHP', 'disposal')",0.0
opex_costs,"(0, 69, 'CHP', 'transportation')",0.0
opex_costs,"(0, 69, 'CHP', 'water')",0.0
opex_costs,"(0, 69, 'CHP', 'labor')",0.0
opex_costs,"(0, 69, 'CHP', 'diesel')",0.0
opex_costs,"(0, 69, 'CHP', 'TPC')",642.1893534356674
opex_costs,"(0, 69, 'Feedstock', 'heat')",0.0
opex_costs,"(0, 69, 'Feedstock', 'electricity')",0.0
opex_costs,"(0, 69, 'Feedstock', 'disposal')",0.0
opex_costs,"(0, 69, 'Feedstock', 'transportation')",0.0
opex_costs,"(0, 69, 'Feedstock', 'water')",0.0
opex_costs,"(0, 69, 'Feedstock', 'labor')",0.0
opex_costs,"(0, 69, 'Feedstock', 'diesel')",0.0
opex_costs,"(0, 69, 'Feedstock', 'TPC')",0.0
opex_costs,"(0, 70, 'Pyrolysis', 'heat')",0.0
opex_costs,"(0, 70, 'Pyrolysis', 'electricity')",0.0
opex_costs,"(0, 70, 'Pyrolysis', 'disposal')",189.17192864886323
opex_costs,"(0, 70, 'Pyrolysis', 'transportation')",6232.621030846606
opex_costs,"(0, 70, 'Pyrolysis', 'water')",0.0
opex_costs,"(0, 70, 'Pyrolysis', 'labor')",6895.4114250409975
opex_costs,"(0, 70, 'Pyrolysis', 'diesel')",452.8652598856841
opex_costs,"(0, 70, 'Pyrolysis', 'TPC')",44204.5697822503
opex_costs,"(0, 70, 'AD', 'heat')",0.0
opex_costs,"(0, 70, 'AD', 'electricity')",0.0
opex_costs,"(0, 70, 'AD', 'disposal')",0.0
opex_costs,"(0, 70, 'AD', 'transportation')",0.0
opex_costs,"(0, 70, 'AD', 'water')",0.0
opex_costs,"(0, 70, 'AD', 'labor')",0.0
opex_costs,"(0, 70, 'AD', 'diesel')",0.0
opex_costs,"(0, 70, 'AD', 'TPC')",0.0
opex_costs,"(0, 70, 'HTL', 'heat')",0.0
opex_costs,"(0, 70, 'HTL', 'electricity')",0.0
opex_costs,"(0, 70, 'HTL', 'disposal')",0.0
opex_costs,"(0, 70, 'HTL', 'transportation')",0.0
opex_costs,"(0, 70, 'HTL', 'water')",0.0
opex_costs,"(0, 70, 'HTL', 'labor')",0.0
opex_costs,"(0, 70, 'HTL', 'diesel')",0.0
opex_costs,"(0, 70, 'HTL', 'TPC')",0.0
opex_costs,"(0, 70, 'HTC', 'heat')",0.0
opex_costs,"(0, 70, 'HTC', 'electricity')",0.0
opex_costs,"(0, 70, 'HTC', 'disposal')",0.0
opex_costs,"(0, 70, 'HTC', 'transportation')",0.0
opex_costs,"(0, 70, 'HTC', 'water')",0.0
opex_costs,"(0, 70, 'HTC', 'labor')",0.0
opex_costs,"(0, 70, 'HTC', 'diesel')",0.0
opex_costs,"(0, 70, 'HTC', 'TPC')",0.0
opex_costs,"(0, 70, 'CHP', 'heat')",0.0
opex_costs,"(0, 70, 'CHP', 'electricity')",0.0
opex_costs,"(0, 70, 'CHP', 'disposal')",0.0
opex_costs,"(0, 70, 'CHP', 'transportation')",0.0
opex_costs,"(0, 70, 'CHP', 'water')",0.0
opex_costs,"(0, 70, 'CHP', 'labor')",0.0
opex_costs,"(0, 70, 'CHP', 'diesel')",0.0
opex_costs,"(0, 70, 'CHP', 'TPC')",638.5787364186508
opex_costs,"(0, 70, 'Feedstock', 'heat')",0.0
opex_costs,"(0, 70, 'Feedstock', 'electricity')",0.0
opex_costs,"(0, 70, 'Feedstock', 'disposal')",0.0
opex_costs,"(0, 70, 'Feedstock', 'transportation')",0.0
opex_costs,"(0, 70, 'Feedstock', 'water')",0.0
opex_costs,"(0, 70, 'Feedstock', 'labor')",0.0
opex_costs,"(0, 70, 'Feedstock', 'diesel')",0.0
opex_costs,"(0, 70, 'Feedstock', 'TPC')",0.0
opex_costs,"(0, 71, 'Pyrolysis', 'heat')",0.0
opex_costs,"(0, 71, 'Pyrolysis', 'electricity')",0.0
opex_costs,"(0, 71, 'Pyrolysis', 'disposal')",188.10833676421538
opex_costs,"(0, 71, 'Pyrolysis', 'transportation')",6197.5790180287395
opex_costs,"(0, 71, 'Pyrolysis', 'water')",0.0
opex_costs,"(0, 71, 'Pyrolysis', 'labor')",6856.642968825727
opex_costs,"(0, 71, 'Pyrolysis', 'diesel')",450.31909027852527
opex_costs,"(0, 71, 'Pyrolysis', 'TPC')",43956.03596425439
opex_costs,"(0, 71, 'AD', 'heat')",0.0
opex_costs,"(0, 71, 'AD', 'electricity')",0.0
opex_costs,"(0, 71, 'AD', 'disposal')",0.0
opex_costs,"(0, 71, 'AD', 'transportation')",0.0
opex_costs,"(0, 71, 'AD', 'water')",0.0
opex_costs,"(0, 71, 'AD', 'labor')",0.0
opex_costs,"(0, 71, 'AD', 'diesel')",0.0
opex_costs,"(0, 71, 'AD', 'TPC')",0.0
opex_costs,"(0, 71, 'HTL', 'heat')",0.0
opex_costs,"(0, 71, 'HTL', 'electricity')",0.0
opex_costs,"(0, 71, 'HTL', 'disposal')",0.0
opex_costs,"(0, 71, 'HTL', 'transportation')",0.0
opex_costs,"(0, 71, 'HTL', 'water')",0.0
opex_costs,"(0, 71, 'HTL', 'labor')",0.0
opex_costs,"(0, 71, 'HTL', 'diesel')",0.0
opex_costs,"(0, 71, 'HTL', 'TPC')",0.0
opex_costs,"(0, 71, 'HTC', 'heat')",0.0
opex_costs,"(0, 71, 'HTC', 'electricity')",0.0
opex_costs,"(0, 71, 'HTC', 'disposal')",0.0
opex_costs,"(0, 71, 'HTC', 'transportation')",0.0
opex_costs,"(0, 71, 'HTC', 'water')",0.0
opex_costs,"(0, 71, 'HTC', 'labor')",0.0
opex_costs,"(0, 71, 'HTC', 'diesel')",0.0
opex_costs,"(0, 71, 'HTC', 'TPC')",0.0
opex_costs,"(0, 71, 'CHP', 'heat')",0.0
opex_costs,"(0, 71, 'CHP', 'electricity')",0.0
opex_costs,"(0, 71, 'CHP', 'disposal')",0.0
opex_costs,"(0, 71, 'CHP', 'transportation')",0.0
opex_costs,"(0, 71, 'CHP', 'water')",0.0
opex_costs,"(0, 71, 'CHP', 'labor')",0.0
opex_costs,"(0, 71, 'CHP', 'diesel')",0.0
opex_costs,"(0, 71, 'CHP', 'TPC')",634.9884195750548
opex_costs,"(0, 71, 'Feedstock', 'heat')",0.0
opex_costs,"(0, 71, 'Feedstock', 'electricity')",0.0
opex_costs,"(0, 71, 'Feedstock', 'disposal')",0.0
opex_costs,"(0, 71, 'Feedstock', 'transportation')",0.0
opex_costs,"(0, 71, 'Feedstock', 'water')",0.0
opex_costs,"(0, 71, 'Feedstock', 'labor')",0.0
opex_costs,"(0, 71, 'Feedstock', 'diesel')",0.0
opex_costs,"(0, 71, 'Feedstock', 'TPC')",0.0
opex_costs,"(0, 72, 'Pyrolysis', 'heat')",0.0
opex_costs,"(0, 72, 'Pyrolysis', 'electricity')",0.0
opex_costs,"(0, 72, 'Pyrolysis', 'disposal')",187.0507247715376
opex_costs,"(0, 72, 'Pyrolysis', 'transportation')",6162.734023873847
opex_costs,"(0, 72, 'Pyrolysis', 'water')",0.0
opex_costs,"(0, 72, 'Pyrolysis', 'labor')",6818.09248266397
opex_costs,"(0, 72, 'Pyrolysis', 'diesel')",447.7872361427498
opex_costs,"(0, 72, 'Pyrolysis', 'TPC')",43708.899491804244
opex_costs,"(0, 72, 'AD', 'heat')",0.0
opex_costs,"(0, 72, 'AD', 'electricity')",0.0
opex_costs,"(0, 72, 'AD', 'disposal')",0.0
opex_costs,"(0, 72, 'AD', 'transportation')",0.0
opex_costs,"(0, 72, 'AD', 'water')",0.0
opex_costs,"(0, 72, 'AD', 'labor')",0.0
opex_costs,"(0, 72, 'AD', 'diesel')",0.0
opex_costs,"(0, 72, 'AD', 'TPC')",0.0
opex_costs,"(0, 72, 'HTL', 'heat')",0.0
opex_costs,"(0, 72, 'HTL', 'electricity')",0.0
opex_costs,"(0, 72, 'HTL', 'disposal')",0.0
opex_costs,"(0, 72, 'HTL', 'transportation')",0.0
opex_costs,"(0, 72, 'HTL', 'water')",0.0
opex_costs,"(0, 72, 'HTL', 'labor')",0.0
opex_costs,"(0, 72, 'HTL', 'diesel')",0.0
opex_costs,"(0, 72, 'HTL', 'TPC')",0.0
opex_costs,"(0, 72, 'HTC', 'heat')",0.0
opex_costs,"(0, 72, 'HTC', 'electricity')",0.0
opex_costs,"(0, 72, 'HTC', 'disposal')",0.0
opex_costs,"(0, 72, 'HTC', 'transportation')",0.0
opex_costs,"(0, 72, 'HTC', 'water')",0.0
opex_costs,"(0, 72, 'HTC', 'labor')",0.0
opex_costs,"(0, 72, 'HTC', 'diesel')",0.0
opex_costs,"(0, 72, 'HTC', 'TPC')",0.0
opex_costs,"(0, 72, 'CHP', 'heat')",0.0
opex_costs,"(0, 72, 'CHP', 'electricity')",0.0
opex_costs,"(0, 72, 'CHP', 'disposal')",0.0
opex_costs,"(0, 72, 'CHP', 'transportation')",0.0
opex_costs,"(0, 72, 'CHP', 'water')",0.0
opex_costs,"(0, 72, 'CHP', 'labor')",0.0
opex_costs,"(0, 72, 'CHP', 'diesel')",0.0
opex_costs,"(0, 72, 'CHP', 'TPC')",631.4182887700821
opex_costs,"(0, 72, 'Feedstock', 'heat')",0.0
opex_costs,"(0, 72, 'Feedstock', 'electricity')",0.0
opex_costs,"(0, 72, 'Feedstock', 'disposal')",0.0
opex_costs,"(0, 72, 'Feedstock', 'transportation')",0.0
opex_costs,"(0, 72, 'Feedstock', 'water')",0.0
opex_costs,"(0, 72, 'Feedstock', 'labor')",0.0
opex_costs,"(0, 72, 'Feedstock', 'diesel')",0.0
opex_costs,"(0, 72, 'Feedstock', 'TPC')",0.0
opex_costs,"(0, 73, 'Pyrolysis', 'heat')",0.0
opex_costs,"(0, 73, 'Pyrolysis', 'electricity')",0.0
opex_costs,"(0, 73, 'Pyrolysis', 'disposal')",185.9990590497497
opex_costs,"(0, 73, 'Pyrolysis', 'transportation')",6128.084940672913
opex_costs,"(0, 73, 'Pyrolysis', 'water')",0.0
opex_costs,"(0, 73, 'Pyrolysis', 'labor')",6779.758741050538
opex_costs,"(0, 73, 'Pyrolysis', 'diesel')",445.26961699168453
opex_costs,"(0, 73, 'Pyrolysis', 'TPC')",43463.152508526066
opex_costs,"(0, 73, 'AD', 'heat')",0.0
opex_costs,"(0, 73, 'AD', 'electricity')",0.0
opex_costs,"(0, 73, 'AD', 'disposal')",0.0
opex_costs,"(0, 73, 'AD', 'transportation')",0.0
opex_costs,"(0, 73, 'AD', 'water')",0.0
opex_costs,"(0, 73, 'AD', 'labor')",0.0
opex_costs,"(0, 73, 'AD', 'diesel')",0.0
opex_costs,"(0, 73, 'AD', 'TPC')",0.0
opex_costs,"(0, 73, 'HTL', 'heat')",0.0
opex_costs,"(0, 73, 'HTL', 'electricity')",0.0
opex_costs,"(0, 73, 'HTL', 'disposal')",0.0
opex_costs,"(0, 73, 'HTL', 'transportation')",0.0
opex_costs,"(0, 73, 'HTL', 'water')",0.0
opex_costs,"(0, 73, 'HTL', 'labor')",0.0
opex_costs,"(0, 73, 'HTL', 'diesel')",0.0
opex_costs,"(0, 73, 'HTL', 'TPC')",0.0
opex_costs,"(0, 73, 'HTC', 'heat')",0.0
opex_costs,"(0, 73, 'HTC', 'electricity')",0.0
opex_costs,"(0, 73, 'HTC', 'disposal')",0.0
opex_costs,"(0, 73, 'HTC', 'transportation')",0.0
opex_costs,"(0, 73, 'HTC', 'water')",0.0
opex_costs,"(0, 73, 'HTC', 'labor')",0.0
opex_costs,"(0, 73, 'HTC', 'diesel')",0.0
opex_costs,"(0, 73, 'HTC', 'TPC')",0.0
opex_costs,"(0, 73, 'CHP', 'heat')",0.0
opex_costs,"(0, 73, 'CHP', 'electricity')",0.0
opex_costs,"(0, 73, 'CHP', 'disposal')",0.0
opex_costs,"(0, 73, 'CHP', 'transportation')",0.0
opex_costs,"(0, 73, 'CHP', 'water')",0.0
opex_costs,"(0, 73, 'CHP', 'labor')",0.0
opex_costs,"(0, 73, 'CHP', 'diesel')",0.0
opex_costs,"(0, 73, 'CHP', 'TPC')",627.868230510642
opex_costs,"(0, 73, 'Feedstock', 'heat')",0.0
opex_costs,"(0, 73, 'Feedstock', 'electricity')",0.0
opex_costs,"(0, 73, 'Feedstock', 'disposal')",0.0
opex_costs,"(0, 73, 'Feedstock', 'transportation')",0.0
opex_costs,"(0, 73, 'Feedstock', 'water')",0.0
opex_costs,"(0, 73, 'Feedstock', 'labor')",0.0
opex_costs,"(0, 73, 'Feedstock', 'diesel')",0.0
opex_costs,"(0, 73, 'Feedstock', 'TPC')",0.0
opex_costs,"(0, 74, 'Pyrolysis', 'heat')",0.0
opex_costs,"(0, 74, 'Pyrolysis', 'electricity')",0.0
opex_costs,"(0, 74, 'Pyrolysis', 'disposal')",184.95330616680135
opex_costs,"(0, 74, 'Pyrolysis', 'transportation')",6093.630666944857
opex_costs,"(0, 74, 'Pyrolysis', 'water')",0.0
opex_costs,"(0, 74, 'Pyrolysis', 'labor')",6741.640525370472
opex_costs,"(0, 74, 'Pyrolysis', 'diesel')",442.7661527911811
opex_costs,"(0, 74, 'Pyrolysis', 'TPC')",43218.787202217405
opex_costs,"(0, 74, 'AD', 'heat')",0.0
opex_costs,"(0, 74, 'AD', 'electricity')",0.0
opex_costs,"(0, 74, 'AD', 'disposal')",0.0
opex_costs,"(0, 74, 'AD', 'transportation')",0.0
opex_costs,"(0, 74, 'AD', 'water')",0.0
opex_costs,"(0, 74, 'AD', 'labor')",0.0
opex_costs,"(0, 74, 'AD', 'diesel')",0.0
opex_costs,"(0, 74, 'AD', 'TPC')",0.0
opex_costs,"(0, 74, 'HTL', 'heat')",0.0
opex_costs,"(0, 74, 'HTL', 'electricity')",0.0
opex_costs,"(0, 74, 'HTL', 'disposal')",0.0
opex_costs,"(0, 74, 'HTL', 'transportation')",0.0
opex_costs,"(0, 74, 'HTL', 'water')",0.0
opex_costs,"(0, 74, 'HTL', 'labor')",0.0
opex_costs,"(0, 74, 'HTL', 'diesel')",0.0
opex_costs,"(0, 74, 'HTL', 'TPC')",0.0
opex_costs,"(0, 74, 'HTC', 'heat')",0.0
opex_costs,"(0, 74, 'HTC', 'electricity')",0.0
opex_costs,"(0, 74, 'HTC', 'disposal')",0.0
opex_costs,"(0, 74, 'HTC', 'transportation')",0.0
opex_costs,"(0, 74, 'HTC', 'water')",0.0
opex_costs,"(0, 74, 'HTC', 'labor')",0.0
opex_costs,"(0, 74, 'HTC', 'diesel')",0.0
opex_costs,"(0, 74, 'HTC', 'TPC')",0.0
opex_costs,"(0, 74, 'CHP', 'heat')",0.0
opex_costs,"(0, 74, 'CHP', 'electricity')",0.0
opex_costs,"(0, 74, 'CHP', 'disposal')",0.0
opex_costs,"(0, 74, 'CHP', 'transportation')",0.0
opex_costs,"(0, 74, 'CHP', 'water')",0.0
opex_costs,"(0, 74, 'CHP', 'labor')",0.0
opex_costs,"(0, 74, 'CHP', 'diesel')",0.0
opex_costs,"(0, 74, 'CHP', 'TPC')",624.3381319417424
opex_costs,"(0, 74, 'Feedstock', 'heat')",0.0
opex_costs,"(0, 74, 'Feedstock', 'electricity')",0.0
opex_costs,"(0, 74, 'Feedstock', 'disposal')",0.0
opex_costs,"(0, 74, 'Feedstock', 'transportation')",0.0
opex_costs,"(0, 74, 'Feedstock', 'water')",0.0
opex_costs,"(0, 74, 'Feedstock', 'labor')",0.0
opex_costs,"(0, 74, 'Feedstock', 'diesel')",0.0
opex_costs,"(0, 74, 'Feedstock', 'TPC')",0.0
opex_costs,"(0, 75, 'Pyrolysis', 'heat')",0.0
opex_costs,"(0, 75, 'Pyrolysis', 'electricity')",0.0
opex_costs,"(0, 75, 'Pyrolysis', 'disposal')",183.9134328786089
opex_costs,"(0, 75, 'Pyrolysis', 'transportation')",6059.370107401511
opex_costs,"(0, 75, 'Pyrolysis', 'water')",0.0
opex_costs,"(0, 75, 'Pyrolysis', 'labor')",6703.736623860292
opex_costs,"(0, 75, 'Pyrolysis', 'diesel')",440.2767639570716
opex_costs,"(0, 75, 'Pyrolysis', 'TPC')",42975.79580459876
opex_costs,"(0, 75, 'AD', 'heat')",0.0
opex_costs,"(0, 75, 'AD', 'electricity')",0.0
opex_costs,"(0, 75, 'AD', 'disposal')",0.0
opex_costs,"(0, 75, 'AD', 'transportation')",0.0
opex_costs,"(0, 75, 'AD', 'water')",0.0
opex_costs,"(0, 75, 'AD', 'labor')",0.0
opex_costs,"(0, 75, 'AD', 'diesel')",0.0
opex_costs,"(0, 75, 'AD', 'TPC')",0.0
opex_costs,"(0, 75, 'HTL', 'heat')",0.0
opex_costs,"(0, 75, 'HTL', 'electricity')",0.0
opex_costs,"(0, 75, 'HTL', 'disposal')",0.0
opex_costs,"(0, 75, 'HTL', 'transportation')",0.0
opex_costs,"(0, 75, 'HTL', 'water')",0.0
opex_costs,"(0, 75, 'HTL', 'labor')",0.0
opex_costs,"(0, 75, 'HTL', 'diesel')",0.0
opex_costs,"(0, 75, 'HTL', 'TPC')",0.0
opex_costs,"(0, 75, 'HTC', 'heat')",0.0
opex_costs,"(0, 75, 'HTC', 'electricity')",0.0
opex_costs,"(0, 75, 'HTC', 'disposal')",0.0
opex_costs,"(0, 75, 'HTC', 'transportation')",0.0
opex_costs,"(0, 75, 'HTC', 'water')",0.0
opex_costs,"(0, 75, 'HTC', 'labor')",0.0
opex_costs,"(0, 75, 'HTC', 'diesel')",0.0
opex_costs,"(0, 75, 'HTC', 'TPC')",0.0
opex_costs,"(0, 75, 'CHP', 'heat')",0.0
opex_costs,"(0, 75, 'CHP', 'electricity')",0.0
opex_costs,"(0, 75, 'CHP', 'disposal')",0.0
opex_costs,"(0, 75, 'CHP', 'transportation')",0.0
opex_costs,"(0, 75, 'CHP', 'water')",0.0
opex_costs,"(0, 75, 'CHP', 'labor')",0.0
opex_costs,"(0, 75, 'CHP', 'diesel')",0.0
opex_costs,"(0, 75, 'CHP', 'TPC')",620.8278808429019
opex_costs,"(0, 75, 'Feedstock', 'heat')",0.0
opex_costs,"(0, 75, 'Feedstock', 'electricity')",0.0
opex_costs,"(0, 75, 'Feedstock', 'disposal')",0.0
opex_costs,"(0, 75, 'Feedstock', 'transportation')",0.0
opex_costs,"(0, 75, 'Feedstock', 'water')",0.0
opex_costs,"(0, 75, 'Feedstock', 'labor')",0.0
opex_costs,"(0, 75, 'Feedstock', 'diesel')",0.0
opex_costs,"(0, 75, 'Feedstock', 'TPC')",0.0
opex_costs,"(0, 76, 'Pyrolysis', 'heat')",0.0
opex_costs,"(0, 76, 'Pyrolysis', 'electricity')",0.0
opex_costs,"(0, 76, 'Pyrolysis', 'disposal')",182.87940612799883
opex_costs,"(0, 76, 'Pyrolysis', 'transportation')",6025.302172912811
opex_costs,"(0, 76, 'Pyrolysis', 'water')",0.0
opex_costs,"(0, 76, 'Pyrolysis', 'labor')",6666.0458315694905
opex_costs,"(0, 76, 'Pyrolysis', 'diesel')",437.8013713526383
opex_costs,"(0, 76, 'Pyrolysis', 'TPC')",42734.170591066686
opex_costs,"(0, 76, 'AD', 'heat')",0.0
opex_costs,"(0, 76, 'AD', 'electricity')",0.0
opex_costs,"(0, 76, 'AD', 'disposal')",0.0
opex_costs,"(0, 76, 'AD', 'transportation')",0.0
opex_costs,"(0, 76, 'AD', 'water')",0.0
opex_costs,"(0, 76, 'AD', 'labor')",0.0
opex_costs,"(0, 76, 'AD', 'diesel')",0.0
opex_costs,"(0, 76, 'AD', 'TPC')",0.0
opex_costs,"(0, 76, 'HTL', 'heat')",0.0
opex_costs,"(0, 76, 'HTL', 'electricity')",0.0
opex_costs,"(0, 76, 'HTL', 'disposal')",0.0
opex_costs,"(0, 76, 'HTL', 'transportation')",0.0
opex_costs,"(0, 76, 'HTL', 'water')",0.0
opex_costs,"(0, 76, 'HTL', 'labor')",0.0
opex_costs,"(0, 76, 'HTL', 'diesel')",0.0
opex_costs,"(0, 76, 'HTL', 'TPC')",0.0
opex_costs,"(0, 76, 'HTC', 'heat')",0.0
opex_costs,"(0, 76, 'HTC', 'electricity')",0.0
opex_costs,"(0, 76, 'HTC', 'disposal')",0.0
opex_costs,"(0, 76, 'HTC', 'transportation')",0.0
opex_costs,"(0, 76, 'HTC', 'water')",0.0
opex_costs,"(0, 76, 'HTC', 'labor')",0.0
opex_costs,"(0, 76, 'HTC', 'diesel')",0.0
opex_costs,"(0, 76, 'HTC', 'TPC')",0.0
opex_costs,"(0, 76, 'CHP', 'heat')",0.0
opex_costs,"(0, 76, 'CHP', 'electricity')",0.0
opex_costs,"(0, 76, 'CHP', 'disposal')",0.0
opex_costs,"(0, 76, 'CHP', 'transportation')",0.0
opex_costs,"(0, 76, 'CHP', 'water')",0.0
opex_costs,"(0, 76, 'CHP', 'labor')",0.0
opex_costs,"(0, 76, 'CHP', 'diesel')",0.0
opex_costs,"(0, 76, 'CHP', 'TPC')",617.3373656245827
opex_costs,"(0, 76, 'Feedstock', 'heat')",0.0
opex_costs,"(0, 76, 'Feedstock', 'electricity')",0.0
opex_costs,"(0, 76, 'Feedstock', 'disposal')",0.0
opex_costs,"(0, 76, 'Feedstock', 'transportation')",0.0
opex_costs,"(0, 76, 'Feedstock', 'water')",0.0
opex_costs,"(0, 76, 'Feedstock', 'labor')",0.0
opex_costs,"(0, 76, 'Feedstock', 'diesel')",0.0
opex_costs,"(0, 76, 'Feedstock', 'TPC')",0.0
opex_costs,"(0, 77, 'Pyrolysis', 'heat')",0.0
opex_costs,"(0, 77, 'Pyrolysis', 'electricity')",0.0
opex_costs,"(0, 77, 'Pyrolysis', 'disposal')",181.8511930436569
opex_costs,"(0, 77, 'Pyrolysis', 'transportation')",31874.38515173792
opex_costs,"(0, 77, 'Pyrolysis', 'water')",0.0
opex_costs,"(0, 77, 'Pyrolysis', 'labor')",6628.566950322218
opex_costs,"(0, 77, 'Pyrolysis', 'diesel')",2316.008248214867
opex_costs,"(0, 77, 'Pyrolysis', 'TPC')",42493.903880448204
opex_costs,"(0, 77, 'AD', 'heat')",0.0
opex_costs,"(0, 77, 'AD', 'electricity')",0.0
opex_costs,"(0, 77, 'AD', 'disposal')",0.0
opex_costs,"(0, 77, 'AD', 'transportation')",0.0
opex_costs,"(0, 77, 'AD', 'water')",0.0
opex_costs,"(0, 77, 'AD', 'labor')",0.0
opex_costs,"(0, 77, 'AD', 'diesel')",0.0
opex_costs,"(0, 77, 'AD', 'TPC')",0.0
opex_costs,"(0, 77, 'HTL', 'heat')",0.0
opex_costs,"(0, 77, 'HTL', 'electricity')",0.0
opex_costs,"(0, 77, 'HTL', 'disposal')",0.0
opex_costs,"(0, 77, 'HTL', 'transportation')",0.0
opex_costs,"(0, 77, 'HTL', 'water')",0.0
opex_costs,"(0, 77, 'HTL', 'labor')",0.0
opex_costs,"(0, 77, 'HTL', 'diesel')",0.0
opex_costs,"(0, 77, 'HTL', 'TPC')",0.0
opex_costs,"(0, 77, 'HTC', 'heat')",0.0
opex_costs,"(0, 77, 'HTC', 'electricity')",0.0
opex_costs,"(0, 77, 'HTC', 'disposal')",0.0
opex_costs,"(0, 77, 'HTC', 'transportation')",0.0
opex_costs,"(0, 77, 'HTC', 'water')",0.0
opex_costs,"(0, 77, 'HTC', 'labor')",0.0
opex_costs,"(0, 77, 'HTC', 'diesel')",0.0
opex_costs,"(0, 77, 'HTC', 'TPC')",0.0
opex_costs,"(0, 77, 'CHP', 'heat')",0.0
opex_costs,"(0, 77, 'CHP', 'electricity')",0.0
opex_costs,"(0, 77, 'CHP', 'disposal')",0.0
opex_costs,"(0, 77, 'CHP', 'transportation')",0.0
opex_costs,"(0, 77, 'CHP', 'water')",0.0
opex_costs,"(0, 77, 'CHP', 'labor')",0.0
opex_costs,"(0, 77, 'CHP', 'diesel')",0.0
opex_costs,"(0, 77, 'CHP', 'TPC')",613.866475324643
opex_costs,"(0, 77, 'Feedstock', 'heat')",0.0
opex_costs,"(0, 77, 'Feedstock', 'electricity')",0.0
opex_costs,"(0, 77, 'Feedstock', 'disposal')",0.0
opex_costs,"(0, 77, 'Feedstock', 'transportation')",0.0
opex_costs,"(0, 77, 'Feedstock', 'water')",0.0
opex_costs,"(0, 77, 'Feedstock', 'labor')",0.0
opex_costs,"(0, 77, 'Feedstock', 'diesel')",0.0
opex_costs,"(0, 77, 'Feedstock', 'TPC')",0.0
opex_costs,"(0, 78, 'Pyrolysis', 'heat')",0.0
opex_costs,"(0, 78, 'Pyrolysis', 'electricity')",0.0
opex_costs,"(0, 78, 'Pyrolysis', 'disposal')",241.105014585444
opex_costs,"(0, 78, 'Pyrolysis', 'transportation')",5957.739853162058
opex_costs,"(0, 78, 'Pyrolysis', 'water')",0.0
opex_costs,"(0, 78, 'Pyrolysis', 'labor')",6591.298788679199
opex_costs,"(0, 78, 'Pyrolysis', 'diesel')",432.89226050810345
opex_costs,"(0, 78, 'Pyrolysis', 'TPC')",42254.98803475663
opex_costs,"(0, 78, 'AD', 'heat')",0.0
opex_costs,"(0, 78, 'AD', 'electricity')",0.0
opex_costs,"(0, 78, 'AD', 'disposal')",0.0
opex_costs,"(0, 78, 'AD', 'transportation')",0.0
opex_costs,"(0, 78, 'AD', 'water')",0.0
opex_costs,"(0, 78, 'AD', 'labor')",0.0
opex_costs,"(0, 78, 'AD', 'diesel')",0.0
opex_costs,"(0, 78, 'AD', 'TPC')",0.0
opex_costs,"(0, 78, 'HTL', 'heat')",0.0
opex_costs,"(0, 78, 'HTL', 'electricity')",0.0
opex_costs,"(0, 78, 'HTL', 'disposal')",0.0
opex_costs,"(0, 78, 'HTL', 'transportation')",0.0
opex_costs,"(0, 78, 'HTL', 'water')",0.0
opex_costs,"(0, 78, 'HTL', 'labor')",0.0
opex_costs,"(0, 78, 'HTL', 'diesel')",0.0
opex_costs,"(0, 78, 'HTL', 'TPC')",0.0
opex_costs,"(0, 78, 'HTC', 'heat')",0.0
opex_costs,"(0, 78, 'HTC', 'electricity')",0.0
opex_costs,"(0, 78, 'HTC', 'disposal')",0.0
opex_costs,"(0, 78, 'HTC', 'transportation')",0.0
opex_costs,"(0, 78, 'HTC', 'water')",0.0
opex_costs,"(0, 78, 'HTC', 'labor')",0.0
opex_costs,"(0, 78, 'HTC', 'diesel')",0.0
opex_costs,"(0, 78, 'HTC', 'TPC')",0.0
opex_costs,"(0, 78, 'CHP', 'heat')",0.0
opex_costs,"(0, 78, 'CHP', 'electricity')",0.0
opex_costs,"(0, 78, 'CHP', 'disposal')",0.0
opex_costs,"(0, 78, 'CHP', 'transportation')",0.0
opex_costs,"(0, 78, 'CHP', 'water')",0.0
opex_costs,"(0, 78, 'CHP', 'labor')",0.0
opex_costs,"(0, 78, 'CHP', 'diesel')",0.0
opex_costs,"(0, 78, 'CHP', 'TPC')",610.41509960481
opex_costs,"(0, 78, 'Feedstock', 'heat')",0.0
opex_costs,"(0, 78, 'Feedstock', 'electricity')",0.0
opex_costs,"(0, 78, 'Feedstock', 'disposal')",0.0
opex_costs,"(0, 78, 'Feedstock', 'transportation')",0.0
opex_costs,"(0, 78, 'Feedstock', 'water')",0.0
opex_costs,"(0, 78, 'Feedstock', 'labor')",0.0
opex_costs,"(0, 78, 'Feedstock', 'diesel')",0.0
opex_costs,"(0, 78, 'Feedstock', 'TPC')",0.0
opex_costs,"(0, 79, 'Pyrolysis', 'heat')",0.0
opex_costs,"(0, 79, 'Pyrolysis', 'electricity')",0.0
opex_costs,"(0, 79, 'Pyrolysis', 'disposal')",239.74943641540276
opex_costs,"(0, 79, 'Pyrolysis', 'transportation')",5924.243320119736
opex_costs,"(0, 79, 'Pyrolysis', 'water')",0.0
opex_costs,"(0, 79, 'Pyrolysis', 'labor')",6554.2401618998465
opex_costs,"(0, 79, 'Pyrolysis', 'diesel')",430.4583862092485
opex_costs,"(0, 79, 'Pyrolysis', 'TPC')",42017.41545894872
opex_costs,"(0, 79, 'AD', 'heat')",0.0
opex_costs,"(0, 79, 'AD', 'electricity')",0.0
opex_costs,"(0, 79, 'AD', 'disposal')",0.0
opex_costs,"(0, 79, 'AD', 'transportation')",0.0
opex_costs,"(0, 79, 'AD', 'water')",0.0
opex_costs,"(0, 79, 'AD', 'labor')",0.0
opex_costs,"(0, 79, 'AD', 'diesel')",0.0
opex_costs,"(0, 79, 'AD', 'TPC')",0.0
opex_costs,"(0, 79, 'HTL', 'heat')",0.0
opex_costs,"(0, 79, 'HTL', 'electricity')",0.0
opex_costs,"(0, 79, 'HTL', 'disposal')",0.0
opex_costs,"(0, 79, 'HTL', 'transportation')",0.0
opex_costs,"(0, 79, 'HTL', 'water')",0.0
opex_costs,"(0, 79, 'HTL', 'labor')",0.0
opex_costs,"(0, 79, 'HTL', 'diesel')",0.0
opex_costs,"(0, 79, 'HTL', 'TPC')",0.0
opex_costs,"(0, 79, 'HTC', 'heat')",0.0
opex_costs,"(0, 79, 'HTC', 'electricity')",0.0
opex_costs,"(0, 79, 'HTC', 'disposal')",0.0
opex_costs,"(0, 79, 'HTC', 'transportation')",0.0
opex_costs,"(0, 79, 'HTC', 'water')",0.0
opex_costs,"(0, 79, 'HTC', 'labor')",0.0
opex_costs,"(0, 79, 'HTC', 'diesel')",0.0
opex_costs,"(0, 79, 'HTC', 'TPC')",0.0
opex_costs,"(0, 79, 'CHP', 'heat')",0.0
opex_costs,"(0, 79, 'CHP', 'electricity')",0.0
opex_costs,"(0, 79, 'CHP', 'disposal')",0.0
opex_costs,"(0, 79, 'CHP', 'transportation')",0.0
opex_costs,"(0, 79, 'CHP', 'water')",0.0
opex_costs,"(0, 79, 'CHP', 'labor')",0.0
opex_costs,"(0, 79, 'CHP', 'diesel')",0.0
opex_costs,"(0, 79, 'CHP', 'TPC')",606.9831287471715
opex_costs,"(0, 79, 'Feedstock', 'heat')",0.0
opex_costs,"(0, 79, 'Feedstock', 'electricity')",0.0
opex_costs,"(0, 79, 'Feedstock', 'disposal')",0.0
opex_costs,"(0, 79, 'Feedstock', 'transportation')",0.0
opex_costs,"(0, 79, 'Feedstock', 'water')",0.0
opex_costs,"(0, 79, 'Feedstock', 'labor')",0.0
opex_costs,"(0, 79, 'Feedstock', 'diesel')",0.0
opex_costs,"(0, 79, 'Feedstock', 'TPC')",0.0
opex_costs,"(0, 80, 'Pyrolysis', 'heat')",0.0
opex_costs,"(0, 80, 'Pyrolysis', 'electricity')",0.0
opex_costs,"(0, 80, 'Pyrolysis', 'disposal')",178.8011098410812
opex_costs,"(0, 80, 'Pyrolysis', 'transportation')",5890.935116503256
opex_costs,"(0, 80, 'Pyrolysis', 'water')",0.0
opex_costs,"(0, 80, 'Pyrolysis', 'labor')",6517.389891904612
opex_costs,"(0, 80, 'Pyrolysis', 'diesel')",428.0381960176023
opex_costs,"(0, 80, 'Pyrolysis', 'TPC')",41781.178600683306
opex_costs,"(0, 80, 'AD', 'heat')",0.0
opex_costs,"(0, 80, 'AD', 'electricity')",0.0
opex_costs,"(0, 80, 'AD', 'disposal')",0.0
opex_costs,"(0, 80, 'AD', 'transportation')",0.0
opex_costs,"(0, 80, 'AD', 'water')",0.0
opex_costs,"(0, 80, 'AD', 'labor')",0.0
opex_costs,"(0, 80, 'AD', 'diesel')",0.0
opex_costs,"(0, 80, 'AD', 'TPC')",0.0
opex_costs,"(0, 80, 'HTL', 'heat')",0.0
opex_costs,"(0, 80, 'HTL', 'electricity')",0.0
opex_costs,"(0, 80, 'HTL', 'disposal')",0.0
opex_costs,"(0, 80, 'HTL', 'transportation')",0.0
opex_costs,"(0, 80, 'HTL', 'water')",0.0
opex_costs,"(0, 80, 'HTL', 'labor')",0.0
opex_costs,"(0, 80, 'HTL', 'diesel')",0.0
opex_costs,"(0, 80, 'HTL', 'TPC')",0.0
opex_costs,"(0, 80, 'HTC', 'heat')",0.0
opex_costs,"(0, 80, 'HTC', 'electricity')",0.0
opex_costs,"(0, 80, 'HTC', 'disposal')",0.0
opex_costs,"(0, 80, 'HTC', 'transportation')",0.0
opex_costs,"(0, 80, 'HTC', 'water')",0.0
opex_costs,"(0, 80, 'HTC', 'labor')",0.0
opex_costs,"(0, 80, 'HTC', 'diesel')",0.0
opex_costs,"(0, 80, 'HTC', 'TPC')",0.0
opex_costs,"(0, 80, 'CHP', 'heat')",0.0
opex_costs,"(0, 80, 'CHP', 'electricity')",0.0
opex_costs,"(0, 80, 'CHP', 'disposal')",0.0
opex_costs,"(0, 80, 'CHP', 'transportation')",0.0
opex_costs,"(0, 80, 'CHP', 'water')",0.0
opex_costs,"(0, 80, 'CHP', 'labor')",0.0
opex_costs,"(0, 80, 'CHP', 'diesel')",0.0
opex_costs,"(0, 80, 'CHP', 'TPC')",603.5704536506883
opex_costs,"(0, 80, 'Feedstock', 'heat')",0.0
opex_costs,"(0, 80, 'Feedstock', 'electricity')",0.0
opex_costs,"(0, 80, 'Feedstock', 'disposal')",0.0
opex_costs,"(0, 80, 'Feedstock', 'transportation')",0.0
opex_costs,"(0, 80, 'Feedstock', 'water')",0.0
opex_costs,"(0, 80, 'Feedstock', 'labor')",0.0
opex_costs,"(0, 80, 'Feedstock', 'diesel')",0.0
opex_costs,"(0, 80, 'Feedstock', 'TPC')",0.0
opex_costs,"(0, 81, 'Pyrolysis', 'heat')",0.0
opex_costs,"(0, 81, 'Pyrolysis', 'electricity')",0.0
opex_costs,"(0, 81, 'Pyrolysis', 'disposal')",177.79582638940164
opex_costs,"(0, 81, 'Pyrolysis', 'transportation')",5857.814183457581
opex_costs,"(0, 81, 'Pyrolysis', 'water')",0.0
opex_costs,"(0, 81, 'Pyrolysis', 'labor')",6480.746807237529
opex_costs,"(0, 81, 'Pyrolysis', 'diesel')",425.6316129962457
opex_costs,"(0, 81, 'Pyrolysis', 'TPC')",41546.269950081165
opex_costs,"(0, 81, 'AD', 'heat')",0.0
opex_costs,"(0, 81, 'AD', 'electricity')",0.0
opex_costs,"(0, 81, 'AD', 'disposal')",0.0
opex_costs,"(0, 81, 'AD', 'transportation')",0.0
opex_costs,"(0, 81, 'AD', 'water')",0.0
opex_costs,"(0, 81, 'AD', 'labor')",0.0
opex_costs,"(0, 81, 'AD', 'diesel')",0.0
opex_costs,"(0, 81, 'AD', 'TPC')",0.0
opex_costs,"(0, 81, 'HTL', 'heat')",0.0
opex_costs,"(0, 81, 'HTL', 'electricity')",0.0
opex_costs,"(0, 81, 'HTL', 'disposal')",0.0
opex_costs,"(0, 81, 'HTL', 'transportation')",0.0
opex_costs,"(0, 81, 'HTL', 'water')",0.0
opex_costs,"(0, 81, 'HTL', 'labor')",0.0
opex_costs,"(0, 81, 'HTL', 'diesel')",0.0
opex_costs,"(0, 81, 'HTL', 'TPC')",0.0
opex_costs,"(0, 81, 'HTC', 'heat')",0.0
opex_costs,"(0, 81, 'HTC', 'electricity')",0.0
opex_costs,"(0, 81, 'HTC', 'disposal')",0.0
opex_costs,"(0, 81, 'HTC', 'transportation')",0.0
opex_costs,"(0, 81, 'HTC', 'water')",0.0
opex_costs,"(0, 81, 'HTC', 'labor')",0.0
opex_costs,"(0, 81, 'HTC', 'diesel')",0.0
opex_costs,"(0, 81, 'HTC', 'TPC')",0.0
opex_costs,"(0, 81, 'CHP', 'heat')",0.0
opex_costs,"(0, 81, 'CHP', 'electricity')",0.0
opex_costs,"(0, 81, 'CHP', 'disposal')",0.0
opex_costs,"(0, 81, 'CHP', 'transportation')",0.0
opex_costs,"(0, 81, 'CHP', 'water')",0.0
opex_costs,"(0, 81, 'CHP', 'labor')",0.0
opex_costs,"(0, 81, 'CHP', 'diesel')",0.0
opex_costs,"(0, 81, 'CHP', 'TPC')",600.1769658277266
opex_costs,"(0, 81, 'Feedstock', 'heat')",0.0
opex_costs,"(0, 81, 'Feedstock', 'electricity')",0.0
opex_costs,"(0, 81, 'Feedstock', 'disposal')",0.0
opex_costs,"(0, 81, 'Feedstock', 'transportation')",0.0
opex_costs,"(0, 81, 'Feedstock', 'water')",0.0
opex_costs,"(0, 81, 'Feedstock', 'labor')",0.0
opex_costs,"(0, 81, 'Feedstock', 'diesel')",0.0
opex_costs,"(0, 81, 'Feedstock', 'TPC')",0.0
opex_costs,"(0, 82, 'Pyrolysis', 'heat')",0.0
opex_costs,"(0, 82, 'Pyrolysis', 'electricity')",0.0
opex_costs,"(0, 82, 'Pyrolysis', 'disposal')",176.79619499893764
opex_costs,"(0, 82, 'Pyrolysis', 'transportation')",5824.87946808094
opex_costs,"(0, 82, 'Pyrolysis', 'water')",0.0
opex_costs,"(0, 82, 'Pyrolysis', 'labor')",6444.309743028971
opex_costs,"(0, 82, 'Pyrolysis', 'diesel')",423.23856064082634
opex_costs,"(0, 82, 'Pyrolysis', 'TPC')",41312.68203948626
opex_costs,"(0, 82, 'AD', 'heat')",0.0
opex_costs,"(0, 82, 'AD', 'electricity')",0.0
opex_costs,"(0, 82, 'AD', 'disposal')",0.0
opex_costs,"(0, 82, 'AD', 'transportation')",0.0
opex_costs,"(0, 82, 'AD', 'water')",0.0
opex_costs,"(0, 82, 'AD', 'labor')",0.0
opex_costs,"(0, 82, 'AD', 'diesel')",0.0
opex_costs,"(0, 82, 'AD', 'TPC')",0.0
opex_costs,"(0, 82, 'HTL', 'heat')",0.0
opex_costs,"(0, 82, 'HTL', 'electricity')",0.0
opex_costs,"(0, 82, 'HTL', 'disposal')",0.0
opex_costs,"(0, 82, 'HTL', 'transportation')",0.0
opex_costs,"(0, 82, 'HTL', 'water')",0.0
opex_costs,"(0, 82, 'HTL', 'labor')",0.0
opex_costs,"(0, 82, 'HTL', 'diesel')",0.0
opex_costs,"(0, 82, 'HTL', 'TPC')",0.0
opex_costs,"(0, 82, 'HTC', 'heat')",0.0
opex_costs,"(0, 82, 'HTC', 'electricity')",0.0
opex_costs,"(0, 82, 'HTC', 'disposal')",0.0
opex_costs,"(0, 82, 'HTC', 'transportation')",0.0
opex_costs,"(0, 82, 'HTC', 'water')",0.0
opex_costs,"(0, 82, 'HTC', 'labor')",0.0
opex_costs,"(0, 82, 'HTC', 'diesel')",0.0
opex_costs,"(0, 82, 'HTC', 'TPC')",0.0
opex_costs,"(0, 82, 'CHP', 'heat')",0.0
opex_costs,"(0, 82, 'CHP', 'electricity')",0.0
opex_costs,"(0, 82, 'CHP', 'disposal')",0.0
opex_costs,"(0, 82, 'CHP', 'transportation')",0.0
opex_costs,"(0, 82, 'CHP', 'water')",0.0
opex_costs,"(0, 82, 'CHP', 'labor')",0.0
opex_costs,"(0, 82, 'CHP', 'diesel')",0.0
opex_costs,"(0, 82, 'CHP', 'TPC')",596.8025574006082
opex_costs,"(0, 82, 'Feedstock', 'heat')",0.0
opex_costs,"(0, 82, 'Feedstock', 'electricity')",0.0
opex_costs,"(0, 82, 'Feedstock', 'disposal')",0.0
opex_costs,"(0, 82, 'Feedstock', 'transportation')",0.0
opex_costs,"(0, 82, 'Feedstock', 'water')",0.0
opex_costs,"(0, 82, 'Feedstock', 'labor')",0.0
opex_costs,"(0, 82, 'Feedstock', 'diesel')",0.0
opex_costs,"(0, 82, 'Feedstock', 'TPC')",0.0
opex_costs,"(0, 83, 'Pyrolysis', 'heat')",0.0
opex_costs,"(0, 83, 'Pyrolysis', 'electricity')",0.0
opex_costs,"(0, 83, 'Pyrolysis', 'disposal')",175.80218389179007
opex_costs,"(0, 83, 'Pyrolysis', 'transportation')",5792.129923391344
opex_costs,"(0, 83, 'Pyrolysis', 'water')",0.0
opex_costs,"(0, 83, 'Pyrolysis', 'labor')",6408.077540958623
opex_costs,"(0, 83, 'Pyrolysis', 'diesel')",420.85896287712643
opex_costs,"(0, 83, 'Pyrolysis', 'TPC')",41080.407443228396
opex_costs,"(0, 83, 'AD', 'heat')",0.0
opex_costs,"(0, 83, 'AD', 'electricity')",0.0
opex_costs,"(0, 83, 'AD', 'disposal')",0.0
opex_costs,"(0, 83, 'AD', 'transportation')",0.0
opex_costs,"(0, 83, 'AD', 'water')",0.0
opex_costs,"(0, 83, 'AD', 'labor')",0.0
opex_costs,"(0, 83, 'AD', 'diesel')",0.0
opex_costs,"(0, 83, 'AD', 'TPC')",0.0
opex_costs,"(0, 83, 'HTL', 'heat')",0.0
opex_costs,"(0, 83, 'HTL', 'electricity')",0.0
opex_costs,"(0, 83, 'HTL', 'disposal')",0.0
opex_costs,"(0, 83, 'HTL', 'transportation')",0.0
opex_costs,"(0, 83, 'HTL', 'water')",0.0
opex_costs,"(0, 83, 'HTL', 'labor')",0.0
opex_costs,"(0, 83, 'HTL', 'diesel')",0.0
opex_costs,"(0, 83, 'HTL', 'TPC')",0.0
opex_costs,"(0, 83, 'HTC', 'heat')",0.0
opex_costs,"(0, 83, 'HTC', 'electricity')",0.0
opex_costs,"(0, 83, 'HTC', 'disposal')",0.0
opex_costs,"(0, 83, 'HTC', 'transportation')",0.0
opex_costs,"(0, 83, 'HTC', 'water')",0.0
opex_costs,"(0, 83, 'HTC', 'labor')",0.0
opex_costs,"(0, 83, 'HTC', 'diesel')",0.0
opex_costs,"(0, 83, 'HTC', 'TPC')",0.0
opex_costs,"(0, 83, 'CHP', 'heat')",0.0
opex_costs,"(0, 83, 'CHP', 'electricity')",0.0
opex_costs,"(0, 83, 'CHP', 'disposal')",0.0
opex_costs,"(0, 83, 'CHP', 'transportation')",0.0
opex_costs,"(0, 83, 'CHP', 'water')",0.0
opex_costs,"(0, 83, 'CHP', 'labor')",0.0
opex_costs,"(0, 83, 'CHP', 'diesel')",0.0
opex_costs,"(0, 83, 'CHP', 'TPC')",593.4471210981819
opex_costs,"(0, 83, 'Feedstock', 'heat')",0.0
opex_costs,"(0, 83, 'Feedstock', 'electricity')",0.0
opex_costs,"(0, 83, 'Feedstock', 'disposal')",0.0
opex_costs,"(0, 83, 'Feedstock', 'transportation')",0.0
opex_costs,"(0, 83, 'Feedstock', 'water')",0.0
opex_costs,"(0, 83, 'Feedstock', 'labor')",0.0
opex_costs,"(0, 83, 'Feedstock', 'diesel')",0.0
opex_costs,"(0, 83, 'Feedstock', 'TPC')",0.0
opex_costs,"(0, 84, 'Pyrolysis', 'heat')",0.0
opex_costs,"(0, 84, 'Pyrolysis', 'electricity')",0.0
opex_costs,"(0, 84, 'Pyrolysis', 'disposal')",174.8137614687267
opex_costs,"(0, 84, 'Pyrolysis', 'transportation')",5759.564508293315
opex_costs,"(0, 84, 'Pyrolysis', 'water')",0.0
opex_costs,"(0, 84, 'Pyrolysis', 'labor')",6372.049049218665
opex_costs,"(0, 84, 'Pyrolysis', 'diesel')",418.49274405864475
opex_costs,"(0, 84, 'Pyrolysis', 'TPC')",40849.43877738715
opex_costs,"(0, 84, 'AD', 'heat')",0.0
opex_costs,"(0, 84, 'AD', 'electricity')",0.0
opex_costs,"(0, 84, 'AD', 'disposal')",0.0
opex_costs,"(0, 84, 'AD', 'transportation')",0.0
opex_costs,"(0, 84, 'AD', 'water')",0.0
opex_costs,"(0, 84, 'AD', 'labor')",0.0
opex_costs,"(0, 84, 'AD', 'diesel')",0.0
opex_costs,"(0, 84, 'AD', 'TPC')",0.0
opex_costs,"(0, 84, 'HTL', 'heat')",0.0
opex_costs,"(0, 84, 'HTL', 'electricity')",0.0
opex_costs,"(0, 84, 'HTL', 'disposal')",0.0
opex_costs,"(0, 84, 'HTL', 'transportation')",0.0
opex_costs,"(0, 84, 'HTL', 'water')",0.0
opex_costs,"(0, 84, 'HTL', 'labor')",0.0
opex_costs,"(0, 84, 'HTL', 'diesel')",0.0
opex_costs,"(0, 84, 'HTL', 'TPC')",0.0
opex_costs,"(0, 84, 'HTC', 'heat')",0.0
opex_costs,"(0, 84, 'HTC', 'electricity')",0.0
opex_costs,"(0, 84, 'HTC', 'disposal')",0.0
opex_costs,"(0, 84, 'HTC', 'transportation')",0.0
opex_costs,"(0, 84, 'HTC', 'water')",0.0
opex_costs,"(0, 84, 'HTC', 'labor')",0.0
opex_costs,"(0, 84, 'HTC', 'diesel')",0.0
opex_costs,"(0, 84, 'HTC', 'TPC')",0.0
opex_costs,"(0, 84, 'CHP', 'heat')",0.0
opex_costs,"(0, 84, 'CHP', 'electricity')",0.0
opex_costs,"(0, 84, 'CHP', 'disposal')",0.0
opex_costs,"(0, 84, 'CHP', 'transportation')",0.0
opex_costs,"(0, 84, 'CHP', 'water')",0.0
opex_costs,"(0, 84, 'CHP', 'labor')",0.0
opex_costs,"(0, 84, 'CHP', 'diesel')",0.0
opex_costs,"(0, 84, 'CHP', 'TPC')",590.1105502524132
opex_costs,"(0, 84, 'Feedstock', 'heat')",0.0
opex_costs,"(0, 84, 'Feedstock', 'electricity')",0.0
opex_costs,"(0, 84, 'Feedstock', 'disposal')",0.0
opex_costs,"(0, 84, 'Feedstock', 'transportation')",0.0
opex_costs,"(0, 84, 'Feedstock', 'water')",0.0
opex_costs,"(0, 84, 'Feedstock', 'labor')",0.0
opex_costs,"(0, 84, 'Feedstock', 'diesel')",0.0
opex_costs,"(0, 84, 'Feedstock', 'TPC')",0.0
opex_costs,"(0, 85, 'Pyrolysis', 'heat')",0.0
opex_costs,"(0, 85, 'Pyrolysis', 'electricity')",0.0
opex_costs,"(0, 85, 'Pyrolysis', 'disposal')",173.8308963081773
opex_costs,"(0, 85, 'Pyrolysis', 'transportation')",5727.1821875447795
opex_costs,"(0, 85, 'Pyrolysis', 'water')",0.0
opex_costs,"(0, 85, 'Pyrolysis', 'labor')",6336.223122477139
opex_costs,"(0, 85, 'Pyrolysis', 'diesel')",416.13982896419117
opex_costs,"(0, 85, 'Pyrolysis', 'TPC')",40619.76869955708
opex_costs,"(0, 85, 'AD', 'heat')",0.0
opex_costs,"(0, 85, 'AD', 'electricity')",0.0
opex_costs,"(0, 85, 'AD', 'disposal')",0.0
opex_costs,"(0, 85, 'AD', 'transportation')",0.0
opex_costs,"(0, 85, 'AD', 'water')",0.0
opex_costs,"(0, 85, 'AD', 'labor')",0.0
opex_costs,"(0, 85, 'AD', 'diesel')",0.0
opex_costs,"(0, 85, 'AD', 'TPC')",0.0
opex_costs,"(0, 85, 'HTL', 'heat')",0.0
opex_costs,"(0, 85, 'HTL', 'electricity')",0.0
opex_costs,"(0, 85, 'HTL', 'disposal')",0.0
opex_costs,"(0, 85, 'HTL', 'transportation')",0.0
opex_costs,"(0, 85, 'HTL', 'water')",0.0
opex_costs,"(0, 85, 'HTL', 'labor')",0.0
opex_costs,"(0, 85, 'HTL', 'diesel')",0.0
opex_costs,"(0, 85, 'HTL', 'TPC')",0.0
opex_costs,"(0, 85, 'HTC', 'heat')",0.0
opex_costs,"(0, 85, 'HTC', 'electricity')",0.0
opex_costs,"(0, 85, 'HTC', 'disposal')",0.0
opex_costs,"(0, 85, 'HTC', 'transportation')",0.0
opex_costs,"(0, 85, 'HTC', 'water')",0.0
opex_costs,"(0, 85, 'HTC', 'labor')",0.0
opex_costs,"(0, 85, 'HTC', 'diesel')",0.0
opex_costs,"(0, 85, 'HTC', 'TPC')",0.0
opex_costs,"(0, 85, 'CHP', 'heat')",0.0
opex_costs,"(0, 85, 'CHP', 'electricity')",0.0
opex_costs,"(0, 85, 'CHP', 'disposal')",0.0
opex_costs,"(0, 85, 'CHP', 'transportation')",0.0
opex_costs,"(0, 85, 'CHP', 'water')",0.0
opex_costs,"(0, 85, 'CHP', 'labor')",0.0
opex_costs,"(0, 85, 'CHP', 'diesel')",0.0
opex_costs,"(0, 85, 'CHP', 'TPC')",586.7927387949925
opex_costs,"(0, 85, 'Feedstock', 'heat')",0.0
opex_costs,"(0, 85, 'Feedstock', 'electricity')",0.0
opex_costs,"(0, 85, 'Feedstock', 'disposal')",0.0
opex_costs,"(0, 85, 'Feedstock', 'transportation')",0.0
opex_costs,"(0, 85, 'Feedstock', 'water')",0.0
opex_costs,"(0, 85, 'Feedstock', 'labor')",0.0
opex_costs,"(0, 85, 'Feedstock', 'diesel')",0.0
opex_costs,"(0, 85, 'Feedstock', 'TPC')",0.0
opex_costs,"(0, 86, 'Pyrolysis', 'heat')",0.0
opex_costs,"(0, 86, 'Pyrolysis', 'electricity')",0.0
opex_costs,"(0, 86, 'Pyrolysis', 'disposal')",172.85355716523492
opex_costs,"(0, 86, 'Pyrolysis', 'transportation')",5694.9819317241645
opex_costs,"(0, 86, 'Pyrolysis', 'water')",0.0
opex_costs,"(0, 86, 'Pyrolysis', 'labor')",6300.598621841562
opex_costs,"(0, 86, 'Pyrolysis', 'diesel')",413.80014279549636
opex_costs,"(0, 86, 'Pyrolysis', 'TPC')",40391.389908614394
opex_costs,"(0, 86, 'AD', 'heat')",0.0
opex_costs,"(0, 86, 'AD', 'electricity')",0.0
opex_costs,"(0, 86, 'AD', 'disposal')",0.0
opex_costs,"(0, 86, 'AD', 'transportation')",0.0
opex_costs,"(0, 86, 'AD', 'water')",0.0
opex_costs,"(0, 86, 'AD', 'labor')",0.0
opex_costs,"(0, 86, 'AD', 'diesel')",0.0
opex_costs,"(0, 86, 'AD', 'TPC')",0.0
opex_costs,"(0, 86, 'HTL', 'heat')",0.0
opex_costs,"(0, 86, 'HTL', 'electricity')",0.0
opex_costs,"(0, 86, 'HTL', 'disposal')",0.0
opex_costs,"(0, 86, 'HTL', 'transportation')",0.0
opex_costs,"(0, 86, 'HTL', 'water')",0.0
opex_costs,"(0, 86, 'HTL', 'labor')",0.0
opex_costs,"(0, 86, 'HTL', 'diesel')",0.0
opex_costs,"(0, 86, 'HTL', 'TPC')",0.0
opex_costs,"(0, 86, 'HTC', 'heat')",0.0
opex_costs,"(0, 86, 'HTC', 'electricity')",0.0
opex_costs,"(0, 86, 'HTC', 'disposal')",0.0
opex_costs,"(0, 86, 'HTC', 'transportation')",0.0
opex_costs,"(0, 86, 'HTC', 'water')",0.0
opex_costs,"(0, 86, 'HTC', 'labor')",0.0
opex_costs,"(0, 86, 'HTC', 'diesel')",0.0
opex_costs,"(0, 86, 'HTC', 'TPC')",0.0
opex_costs,"(0, 86, 'CHP', 'heat')",0.0
opex_costs,"(0, 86, 'CHP', 'electricity')",0.0
opex_costs,"(0, 86, 'CHP', 'disposal')",0.0
opex_costs,"(0, 86, 'CHP', 'transportation')",0.0
opex_costs,"(0, 86, 'CHP', 'water')",0.0
opex_costs,"(0, 86, 'CHP', 'labor')",0.0
opex_costs,"(0, 86, 'CHP', 'diesel')",0.0
opex_costs,"(0, 86, 'CHP', 'TPC')",583.4935812539647
opex_costs,"(0, 86, 'Feedstock', 'heat')",0.0
opex_costs,"(0, 86, 'Feedstock', 'electricity')",0.0
opex_costs,"(0, 86, 'Feedstock', 'disposal')",0.0
opex_costs,"(0, 86, 'Feedstock', 'transportation')",0.0
opex_costs,"(0, 86, 'Feedstock', 'water')",0.0
opex_costs,"(0, 86, 'Feedstock', 'labor')",0.0
opex_costs,"(0, 86, 'Feedstock', 'diesel')",0.0
opex_costs,"(0, 86, 'Feedstock', 'TPC')",0.0
opex_costs,"(0, 87, 'Pyrolysis', 'heat')",0.0
opex_costs,"(0, 87, 'Pyrolysis', 'electricity')",0.0
opex_costs,"(0, 87, 'Pyrolysis', 'disposal')",171.8817129706625
opex_costs,"(0, 87, 'Pyrolysis', 'transportation')",5662.962717197674
opex_costs,"(0, 87, 'Pyrolysis', 'water')",0.0
opex_costs,"(0, 87, 'Pyrolysis', 'labor')",6265.174414822703
opex_costs,"(0, 87, 'Pyrolysis', 'diesel')",411.47361117483325
opex_costs,"(0, 87, 'Pyrolysis', 'TPC')",40164.29514448482
opex_costs,"(0, 87, 'AD', 'heat')",0.0
opex_costs,"(0, 87, 'AD', 'electricity')",0.0
opex_costs,"(0, 87, 'AD', 'disposal')",0.0
opex_costs,"(0, 87, 'AD', 'transportation')",0.0
opex_costs,"(0, 87, 'AD', 'water')",0.0
opex_costs,"(0, 87, 'AD', 'labor')",0.0
opex_costs,"(0, 87, 'AD', 'diesel')",0.0
opex_costs,"(0, 87, 'AD', 'TPC')",0.0
opex_costs,"(0, 87, 'HTL', 'heat')",0.0
opex_costs,"(0, 87, 'HTL', 'electricity')",0.0
opex_costs,"(0, 87, 'HTL', 'disposal')",0.0
opex_costs,"(0, 87, 'HTL', 'transportation')",0.0
opex_costs,"(0, 87, 'HTL', 'water')",0.0
opex_costs,"(0, 87, 'HTL', 'labor')",0.0
opex_costs,"(0, 87, 'HTL', 'diesel')",0.0
opex_costs,"(0, 87, 'HTL', 'TPC')",0.0
opex_costs,"(0, 87, 'HTC', 'heat')",0.0
opex_costs,"(0, 87, 'HTC', 'electricity')",0.0
opex_costs,"(0, 87, 'HTC', 'disposal')",0.0
opex_costs,"(0, 87, 'HTC', 'transportation')",0.0
opex_costs,"(0, 87, 'HTC', 'water')",0.0
opex_costs,"(0, 87, 'HTC', 'labor')",0.0
opex_costs,"(0, 87, 'HTC', 'diesel')",0.0
opex_costs,"(0, 87, 'HTC', 'TPC')",0.0
opex_costs,"(0, 87, 'CHP', 'heat')",0.0
opex_costs,"(0, 87, 'CHP', 'electricity')",0.0
opex_costs,"(0, 87, 'CHP', 'disposal')",0.0
opex_costs,"(0, 87, 'CHP', 'transportation')",0.0
opex_costs,"(0, 87, 'CHP', 'water')",0.0
opex_costs,"(0, 87, 'CHP', 'labor')",0.0
opex_costs,"(0, 87, 'CHP', 'diesel')",0.0
opex_costs,"(0, 87, 'CHP', 'TPC')",580.2129727503756
opex_costs,"(0, 87, 'Feedstock', 'heat')",0.0
opex_costs,"(0, 87, 'Feedstock', 'electricity')",0.0
opex_costs,"(0, 87, 'Feedstock', 'disposal')",0.0
opex_costs,"(0, 87, 'Feedstock', 'transportation')",0.0
opex_costs,"(0, 87, 'Feedstock', 'water')",0.0
opex_costs,"(0, 87, 'Feedstock', 'labor')",0.0
opex_costs,"(0, 87, 'Feedstock', 'diesel')",0.0
opex_costs,"(0, 87, 'Feedstock', 'TPC')",0.0
opex_costs,"(0, 88, 'Pyrolysis', 'heat')",0.0
opex_costs,"(0, 88, 'Pyrolysis', 'electricity')",0.0
opex_costs,"(0, 88, 'Pyrolysis', 'disposal')",170.91533282990545
opex_costs,"(0, 88, 'Pyrolysis', 'transportation')",5631.123526086741
opex_costs,"(0, 88, 'Pyrolysis', 'water')",0.0
opex_costs,"(0, 88, 'Pyrolysis', 'labor')",6229.949375298589
opex_costs,"(0, 88, 'Pyrolysis', 'diesel')",409.1601601426526
opex_costs,"(0, 88, 'Pyrolysis', 'TPC')",39938.477187912795
opex_costs,"(0, 88, 'AD', 'heat')",0.0
opex_costs,"(0, 88, 'AD', 'electricity')",0.0
opex_costs,"(0, 88, 'AD', 'disposal')",0.0
opex_costs,"(0, 88, 'AD', 'transportation')",0.0
opex_costs,"(0, 88, 'AD', 'water')",0.0
opex_costs,"(0, 88, 'AD', 'labor')",0.0
opex_costs,"(0, 88, 'AD', 'diesel')",0.0
opex_costs,"(0, 88, 'AD', 'TPC')",0.0
opex_costs,"(0, 88, 'HTL', 'heat')",0.0
opex_costs,"(0, 88, 'HTL', 'electricity')",0.0
opex_costs,"(0, 88, 'HTL', 'disposal')",0.0
opex_costs,"(0, 88, 'HTL', 'transportation')",0.0
opex_costs,"(0, 88, 'HTL', 'water')",0.0
opex_costs,"(0, 88, 'HTL', 'labor')",0.0
opex_costs,"(0, 88, 'HTL', 'diesel')",0.0
opex_costs,"(0, 88, 'HTL', 'TPC')",0.0
opex_costs,"(0, 88, 'HTC', 'heat')",0.0
opex_costs,"(0, 88, 'HTC', 'electricity')",0.0
opex_costs,"(0, 88, 'HTC', 'disposal')",0.0
opex_costs,"(0, 88, 'HTC', 'transportation')",0.0
opex_costs,"(0, 88, 'HTC', 'water')",0.0
opex_costs,"(0, 88, 'HTC', 'labor')",0.0
opex_costs,"(0, 88, 'HTC', 'diesel')",0.0
opex_costs,"(0, 88, 'HTC', 'TPC')",0.0
opex_costs,"(0, 88, 'CHP', 'heat')",0.0
opex_costs,"(0, 88, 'CHP', 'electricity')",0.0
opex_costs,"(0, 88, 'CHP', 'disposal')",0.0
opex_costs,"(0, 88, 'CHP', 'transportation')",0.0
opex_costs,"(0, 88, 'CHP', 'water')",0.0
opex_costs,"(0, 88, 'CHP', 'labor')",0.0
opex_costs,"(0, 88, 'CHP', 'diesel')",0.0
opex_costs,"(0, 88, 'CHP', 'TPC')",576.9508089949372
opex_costs,"(0, 88, 'Feedstock', 'heat')",0.0
opex_costs,"(0, 88, 'Feedstock', 'electricity')",0.0
opex_costs,"(0, 88, 'Feedstock', 'disposal')",0.0
opex_costs,"(0, 88, 'Feedstock', 'transportation')",0.0
opex_costs,"(0, 88, 'Feedstock', 'water')",0.0
opex_costs,"(0, 88, 'Feedstock', 'labor')",0.0
opex_costs,"(0, 88, 'Feedstock', 'diesel')",0.0
opex_costs,"(0, 88, 'Feedstock', 'TPC')",0.0
opex_costs,"(0, 89, 'Pyrolysis', 'heat')",0.0
opex_costs,"(0, 89, 'Pyrolysis', 'electricity')",0.0
opex_costs,"(0, 89, 'Pyrolysis', 'disposal')",169.95438602210928
opex_costs,"(0, 89, 'Pyrolysis', 'transportation')",31977.70222812175
opex_costs,"(0, 89, 'Pyrolysis', 'water')",0.0
opex_costs,"(0, 89, 'Pyrolysis', 'labor')",6194.92238347871
opex_costs,"(0, 89, 'Pyrolysis', 'diesel')",2323.5153169770497
opex_costs,"(0, 89, 'Pyrolysis', 'TPC')",39713.92886023197
opex_costs,"(0, 89, 'AD', 'heat')",0.0
opex_costs,"(0, 89, 'AD', 'electricity')",0.0
opex_costs,"(0, 89, 'AD', 'disposal')",0.0
opex_costs,"(0, 89, 'AD', 'transportation')",0.0
opex_costs,"(0, 89, 'AD', 'water')",0.0
opex_costs,"(0, 89, 'AD', 'labor')",0.0
opex_costs,"(0, 89, 'AD', 'diesel')",0.0
opex_costs,"(0, 89, 'AD', 'TPC')",0.0
opex_costs,"(0, 89, 'HTL', 'heat')",0.0
opex_costs,"(0, 89, 'HTL', 'electricity')",0.0
opex_costs,"(0, 89, 'HTL', 'disposal')",0.0
opex_costs,"(0, 89, 'HTL', 'transportation')",0.0
opex_costs,"(0, 89, 'HTL', 'water')",0.0
opex_costs,"(0, 89, 'HTL', 'labor')",0.0
opex_costs,"(0, 89, 'HTL', 'diesel')",0.0
opex_costs,"(0, 89, 'HTL', 'TPC')",0.0
opex_costs,"(0, 89, 'HTC', 'heat')",0.0
opex_costs,"(0, 89, 'HTC', 'electricity')",0.0
opex_costs,"(0, 89, 'HTC', 'disposal')",0.0
opex_costs,"(0, 89, 'HTC', 'transportation')",0.0
opex_costs,"(0, 89, 'HTC', 'water')",0.0
opex_costs,"(0, 89, 'HTC', 'labor')",0.0
opex_costs,"(0, 89, 'HTC', 'diesel')",0.0
opex_costs,"(0, 89, 'HTC', 'TPC')",0.0
opex_costs,"(0, 89, 'CHP', 'heat')",0.0
opex_costs,"(0, 89, 'CHP', 'electricity')",0.0
opex_costs,"(0, 89, 'CHP', 'disposal')",0.0
opex_costs,"(0, 89, 'CHP', 'transportation')",0.0
opex_costs,"(0, 89, 'CHP', 'water')",0.0
opex_costs,"(0, 89, 'CHP', 'labor')",0.0
opex_costs,"(0, 89, 'CHP', 'diesel')",0.0
opex_costs,"(0, 89, 'CHP', 'TPC')",573.7069862847133
opex_costs,"(0, 89, 'Feedstock', 'heat')",0.0
opex_costs,"(0, 89, 'Feedstock', 'electricity')",0.0
opex_costs,"(0, 89, 'Feedstock', 'disposal')",0.0
opex_costs,"(0, 89, 'Feedstock', 'transportation')",0.0
opex_costs,"(0, 89, 'Feedstock', 'water')",0.0
opex_costs,"(0, 89, 'Feedstock', 'labor')",0.0
opex_costs,"(0, 89, 'Feedstock', 'diesel')",0.0
opex_costs,"(0, 89, 'Feedstock', 'TPC')",0.0
opex_costs,"(0, 90, 'Pyrolysis', 'heat')",0.0
opex_costs,"(0, 90, 'Pyrolysis', 'electricity')",0.0
opex_costs,"(0, 90, 'Pyrolysis', 'disposal')",225.3317893283236
opex_costs,"(0, 90, 'Pyrolysis', 'transportation')",5567.981171179494
opex_costs,"(0, 90, 'Pyrolysis', 'water')",0.0
opex_costs,"(0, 90, 'Pyrolysis', 'labor')",6160.09232586841
opex_costs,"(0, 90, 'Pyrolysis', 'diesel')",404.5722060823396
opex_costs,"(0, 90, 'Pyrolysis', 'TPC')",39490.64302313703
opex_costs,"(0, 90, 'AD', 'heat')",0.0
opex_costs,"(0, 90, 'AD', 'electricity')",0.0
opex_costs,"(0, 90, 'AD', 'disposal')",0.0
opex_costs,"(0, 90, 'AD', 'transportation')",0.0
opex_costs,"(0, 90, 'AD', 'water')",0.0
opex_costs,"(0, 90, 'AD', 'labor')",0.0
opex_costs,"(0, 90, 'AD', 'diesel')",0.0
opex_costs,"(0, 90, 'AD', 'TPC')",0.0
opex_costs,"(0, 90, 'HTL', 'heat')",0.0
opex_costs,"(0, 90, 'HTL', 'electricity')",0.0
opex_costs,"(0, 90, 'HTL', 'disposal')",0.0
opex_costs,"(0, 90, 'HTL', 'transportation')",0.0
opex_costs,"(0, 90, 'HTL', 'water')",0.0
opex_costs,"(0, 90, 'HTL', 'labor')",0.0
opex_costs,"(0, 90, 'HTL', 'diesel')",0.0
opex_costs,"(0, 90, 'HTL', 'TPC')",0.0
opex_costs,"(0, 90, 'HTC', 'heat')",0.0
opex_costs,"(0, 90, 'HTC', 'electricity')",0.0
opex_costs,"(0, 90, 'HTC', 'disposal')",0.0
opex_costs,"(0, 90, 'HTC', 'transportation')",0.0
opex_costs,"(0, 90, 'HTC', 'water')",0.0
opex_costs,"(0, 90, 'HTC', 'labor')",0.0
opex_costs,"(0, 90, 'HTC', 'diesel')",0.0
opex_costs,"(0, 90, 'HTC', 'TPC')",0.0
opex_costs,"(0, 90, 'CHP', 'heat')",0.0
opex_costs,"(0, 90, 'CHP', 'electricity')",0.0
opex_costs,"(0, 90, 'CHP', 'disposal')",0.0
opex_costs,"(0, 90, 'CHP', 'transportation')",0.0
opex_costs,"(0, 90, 'CHP', 'water')",0.0
opex_costs,"(0, 90, 'CHP', 'labor')",0.0
opex_costs,"(0, 90, 'CHP', 'diesel')",0.0
opex_costs,"(0, 90, 'CHP', 'TPC')",570.4814014998225
opex_costs,"(0, 90, 'Feedstock', 'heat')",0.0
opex_costs,"(0, 90, 'Feedstock', 'electricity')",0.0
opex_costs,"(0, 90, 'Feedstock', 'disposal')",0.0
opex_costs,"(0, 90, 'Feedstock', 'transportation')",0.0
opex_costs,"(0, 90, 'Feedstock', 'water')",0.0
opex_costs,"(0, 90, 'Feedstock', 'labor')",0.0
opex_costs,"(0, 90, 'Feedstock', 'diesel')",0.0
opex_costs,"(0, 90, 'Feedstock', 'TPC')",0.0
opex_costs,"(0, 91, 'Pyrolysis', 'heat')",0.0
opex_costs,"(0, 91, 'Pyrolysis', 'electricity')",0.0
opex_costs,"(0, 91, 'Pyrolysis', 'disposal')",224.06489384617083
opex_costs,"(0, 91, 'Pyrolysis', 'transportation')",5536.676000111903
opex_costs,"(0, 91, 'Pyrolysis', 'water')",0.0
opex_costs,"(0, 91, 'Pyrolysis', 'labor')",6125.458095233502
opex_costs,"(0, 91, 'Pyrolysis', 'diesel')",402.2975572049051
opex_costs,"(0, 91, 'Pyrolysis', 'TPC')",39268.61257845675
opex_costs,"(0, 91, 'AD', 'heat')",0.0
opex_costs,"(0, 91, 'AD', 'electricity')",0.0
opex_costs,"(0, 91, 'AD', 'disposal')",0.0
opex_costs,"(0, 91, 'AD', 'transportation')",0.0
opex_costs,"(0, 91, 'AD', 'water')",0.0
opex_costs,"(0, 91, 'AD', 'labor')",0.0
opex_costs,"(0, 91, 'AD', 'diesel')",0.0
opex_costs,"(0, 91, 'AD', 'TPC')",0.0
opex_costs,"(0, 91, 'HTL', 'heat')",0.0
opex_costs,"(0, 91, 'HTL', 'electricity')",0.0
opex_costs,"(0, 91, 'HTL', 'disposal')",0.0
opex_costs,"(0, 91, 'HTL', 'transportation')",0.0
opex_costs,"(0, 91, 'HTL', 'water')",0.0
opex_costs,"(0, 91, 'HTL', 'labor')",0.0
opex_costs,"(0, 91, 'HTL', 'diesel')",0.0
opex_costs,"(0, 91, 'HTL', 'TPC')",0.0
opex_costs,"(0, 91, 'HTC', 'heat')",0.0
opex_costs,"(0, 91, 'HTC', 'electricity')",0.0
opex_costs,"(0, 91, 'HTC', 'disposal')",0.0
opex_costs,"(0, 91, 'HTC', 'transportation')",0.0
opex_costs,"(0, 91, 'HTC', 'water')",0.0
opex_costs,"(0, 91, 'HTC', 'labor')",0.0
opex_costs,"(0, 91, 'HTC', 'diesel')",0.0
opex_costs,"(0, 91, 'HTC', 'TPC')",0.0
opex_costs,"(0, 91, 'CHP', 'heat')",0.0
opex_costs,"(0, 91, 'CHP', 'electricity')",0.0
opex_costs,"(0, 91, 'CHP', 'disposal')",0.0
opex_costs,"(0, 91, 'CHP', 'transportation')",0.0
opex_costs,"(0, 91, 'CHP', 'water')",0.0
opex_costs,"(0, 91, 'CHP', 'labor')",0.0
opex_costs,"(0, 91, 'CHP', 'diesel')",0.0
opex_costs,"(0, 91, 'CHP', 'TPC')",567.2739521001603
opex_costs,"(0, 91, 'Feedstock', 'heat')",0.0
opex_costs,"(0, 91, 'Feedstock', 'electricity')",0.0
opex_costs,"(0, 91, 'Feedstock', 'disposal')",0.0
opex_costs,"(0, 91, 'Feedstock', 'transportation')",0.0
opex_costs,"(0, 91, 'Feedstock', 'water')",0.0
opex_costs,"(0, 91, 'Feedstock', 'labor')",0.0
opex_costs,"(0, 91, 'Feedstock', 'diesel')",0.0
opex_costs,"(0, 91, 'Feedstock', 'TPC')",0.0
opex_costs,"(0, 92, 'Pyrolysis', 'heat')",0.0
opex_costs,"(0, 92, 'Pyrolysis', 'electricity')",0.0
opex_costs,"(0, 92, 'Pyrolysis', 'disposal')",167.10384097297313
opex_costs,"(0, 92, 'Pyrolysis', 'transportation')",5505.54683785351
opex_costs,"(0, 92, 'Pyrolysis', 'water')",0.0
opex_costs,"(0, 92, 'Pyrolysis', 'labor')",6091.018590565059
opex_costs,"(0, 92, 'Pyrolysis', 'diesel')",400.0356972127124
opex_costs,"(0, 92, 'Pyrolysis', 'TPC')",39047.83046792833
opex_costs,"(0, 92, 'AD', 'heat')",0.0
opex_costs,"(0, 92, 'AD', 'electricity')",0.0
opex_costs,"(0, 92, 'AD', 'disposal')",0.0
opex_costs,"(0, 92, 'AD', 'transportation')",0.0
opex_costs,"(0, 92, 'AD', 'water')",0.0
opex_costs,"(0, 92, 'AD', 'labor')",0.0
opex_costs,"(0, 92, 'AD', 'diesel')",0.0
opex_costs,"(0, 92, 'AD', 'TPC')",0.0
opex_costs,"(0, 92, 'HTL', 'heat')",0.0
opex_costs,"(0, 92, 'HTL', 'electricity')",0.0
opex_costs,"(0, 92, 'HTL', 'disposal')",0.0
opex_costs,"(0, 92, 'HTL', 'transportation')",0.0
opex_costs,"(0, 92, 'HTL', 'water')",0.0
opex_costs,"(0, 92, 'HTL', 'labor')",0.0
opex_costs,"(0, 92, 'HTL', 'diesel')",0.0
opex_costs,"(0, 92, 'HTL', 'TPC')",0.0
opex_costs,"(0, 92, 'HTC', 'heat')",0.0
opex_costs,"(0, 92, 'HTC', 'electricity')",0.0
opex_costs,"(0, 92, 'HTC', 'disposal')",0.0
opex_costs,"(0, 92, 'HTC', 'transportation')",0.0
opex_costs,"(0, 92, 'HTC', 'water')",0.0
opex_costs,"(0, 92, 'HTC', 'labor')",0.0
opex_costs,"(0, 92, 'HTC', 'diesel')",0.0
opex_costs,"(0, 92, 'HTC', 'TPC')",0.0
opex_costs,"(0, 92, 'CHP', 'heat')",0.0
opex_costs,"(0, 92, 'CHP', 'electricity')",0.0
opex_costs,"(0, 92, 'CHP', 'disposal')",0.0
opex_costs,"(0, 92, 'CHP', 'transportation')",0.0
opex_costs,"(0, 92, 'CHP', 'water')",0.0
opex_costs,"(0, 92, 'CHP', 'labor')",0.0
opex_costs,"(0, 92, 'CHP', 'diesel')",0.0
opex_costs,"(0, 92, 'CHP', 'TPC')",564.0845361221387
opex_costs,"(0, 92, 'Feedstock', 'heat')",0.0
opex_costs,"(0, 92, 'Feedstock', 'electricity')",0.0
opex_costs,"(0, 92, 'Feedstock', 'disposal')",0.0
opex_costs,"(0, 92, 'Feedstock', 'transportation')",0.0
opex_costs,"(0, 92, 'Feedstock', 'water')",0.0
opex_costs,"(0, 92, 'Feedstock', 'labor')",0.0
opex_costs,"(0, 92, 'Feedstock', 'diesel')",0.0
opex_costs,"(0, 92, 'Feedstock', 'TPC')",0.0
opex_costs,"(0, 93, 'Pyrolysis', 'heat')",0.0
opex_costs,"(0, 93, 'Pyrolysis', 'electricity')",0.0
opex_costs,"(0, 93, 'Pyrolysis', 'disposal')",166.1643237284128
opex_costs,"(0, 93, 'Pyrolysis', 'transportation')",5474.59269482017
opex_costs,"(0, 93, 'Pyrolysis', 'water')",0.0
opex_costs,"(0, 93, 'Pyrolysis', 'labor')",6056.77271704442
opex_costs,"(0, 93, 'Pyrolysis', 'diesel')",397.7865542020988
opex_costs,"(0, 93, 'Pyrolysis', 'TPC')",38828.28967297305
opex_costs,"(0, 93, 'AD', 'heat')",0.0
opex_costs,"(0, 93, 'AD', 'electricity')",0.0
opex_costs,"(0, 93, 'AD', 'disposal')",0.0
opex_costs,"(0, 93, 'AD', 'transportation')",0.0
opex_costs,"(0, 93, 'AD', 'water')",0.0
opex_costs,"(0, 93, 'AD', 'labor')",0.0
opex_costs,"(0, 93, 'AD', 'diesel')",0.0
opex_costs,"(0, 93, 'AD', 'TPC')",0.0
opex_costs,"(0, 93, 'HTL', 'heat')",0.0
opex_costs,"(0, 93, 'HTL', 'electricity')",0.0
opex_costs,"(0, 93, 'HTL', 'disposal')",0.0
opex_costs,"(0, 93, 'HTL', 'transportation')",0.0
opex_costs,"(0, 93, 'HTL', 'water')",0.0
opex_costs,"(0, 93, 'HTL', 'labor')",0.0
opex_costs,"(0, 93, 'HTL', 'diesel')",0.0
opex_costs,"(0, 93, 'HTL', 'TPC')",0.0
opex_costs,"(0, 93, 'HTC', 'heat')",0.0
opex_costs,"(0, 93, 'HTC', 'electricity')",0.0
opex_costs,"(0, 93, 'HTC', 'disposal')",0.0
opex_costs,"(0, 93, 'HTC', 'transportation')",0.0
opex_costs,"(0, 93, 'HTC', 'water')",0.0
opex_costs,"(0, 93, 'HTC', 'labor')",0.0
opex_costs,"(0, 93, 'HTC', 'diesel')",0.0
opex_costs,"(0, 93, 'HTC', 'TPC')",0.0
opex_costs,"(0, 93, 'CHP', 'heat')",0.0
opex_costs,"(0, 93, 'CHP', 'electricity')",0.0
opex_costs,"(0, 93, 'CHP', 'disposal')",0.0
opex_costs,"(0, 93, 'CHP', 'transportation')",0.0
opex_costs,"(0, 93, 'CHP', 'water')",0.0
opex_costs,"(0, 93, 'CHP', 'labor')",0.0
opex_costs,"(0, 93, 'CHP', 'diesel')",0.0
opex_costs,"(0, 93, 'CHP', 'TPC')",560.9130521754454
opex_costs,"(0, 93, 'Feedstock', 'heat')",0.0
opex_costs,"(0, 93, 'Feedstock', 'electricity')",0.0
opex_costs,"(0, 93, 'Feedstock', 'disposal')",0.0
opex_costs,"(0, 93, 'Feedstock', 'transportation')",0.0
opex_costs,"(0, 93, 'Feedstock', 'water')",0.0
opex_costs,"(0, 93, 'Feedstock', 'labor')",0.0
opex_costs,"(0, 93, 'Feedstock', 'diesel')",0.0
opex_costs,"(0, 93, 'Feedstock', 'TPC')",0.0
opex_costs,"(0, 94, 'Pyrolysis', 'heat')",0.0
opex_costs,"(0, 94, 'Pyrolysis', 'electricity')",0.0
opex_costs,"(0, 94, 'Pyrolysis', 'disposal')",165.2300887767577
opex_costs,"(0, 94, 'Pyrolysis', 'transportation')",5443.812586991534
opex_costs,"(0, 94, 'Pyrolysis', 'water')",0.0
opex_costs,"(0, 94, 'Pyrolysis', 'labor')",6022.719386008383
opex_costs,"(0, 94, 'Pyrolysis', 'diesel')",395.5500566736695
opex_costs,"(0, 94, 'Pyrolysis', 'TPC')",38609.98321447315
opex_costs,"(0, 94, 'AD', 'heat')",0.0
opex_costs,"(0, 94, 'AD', 'electricity')",0.0
opex_costs,"(0, 94, 'AD', 'disposal')",0.0
opex_costs,"(0, 94, 'AD', 'transportation')",0.0
opex_costs,"(0, 94, 'AD', 'water')",0.0
opex_costs,"(0, 94, 'AD', 'labor')",0.0
opex_costs,"(0, 94, 'AD', 'diesel')",0.0
opex_costs,"(0, 94, 'AD', 'TPC')",0.0
opex_costs,"(0, 94, 'HTL', 'heat')",0.0
opex_costs,"(0, 94, 'HTL', 'electricity')",0.0
opex_costs,"(0, 94, 'HTL', 'disposal')",0.0
opex_costs,"(0, 94, 'HTL', 'transportation')",0.0
opex_costs,"(0, 94, 'HTL', 'water')",0.0
opex_costs,"(0, 94, 'HTL', 'labor')",0.0
opex_costs,"(0, 94, 'HTL', 'diesel')",0.0
opex_costs,"(0, 94, 'HTL', 'TPC')",0.0
opex_costs,"(0, 94, 'HTC', 'heat')",0.0
opex_costs,"(0, 94, 'HTC', 'electricity')",0.0
opex_costs,"(0, 94, 'HTC', 'disposal')",0.0
opex_costs,"(0, 94, 'HTC', 'transportation')",0.0
opex_costs,"(0, 94, 'HTC', 'water')",0.0
opex_costs,"(0, 94, 'HTC', 'labor')",0.0
opex_costs,"(0, 94, 'HTC', 'diesel')",0.0
opex_costs,"(0, 94, 'HTC', 'TPC')",0.0
opex_costs,"(0, 94, 'CHP', 'heat')",0.0
opex_costs,"(0, 94, 'CHP', 'electricity')",0.0
opex_costs,"(0, 94, 'CHP', 'disposal')",0.0
opex_costs,"(0, 94, 'CHP', 'transportation')",0.0
opex_costs,"(0, 94, 'CHP', 'water')",0.0
opex_costs,"(0, 94, 'CHP', 'labor')",0.0
opex_costs,"(0, 94, 'CHP', 'diesel')",0.0
opex_costs,"(0, 94, 'CHP', 'TPC')",557.7593994398209
opex_costs,"(0, 94, 'Feedstock', 'heat')",0.0
opex_costs,"(0, 94, 'Feedstock', 'electricity')",0.0
opex_costs,"(0, 94, 'Feedstock', 'disposal')",0.0
opex_costs,"(0, 94, 'Feedstock', 'transportation')",0.0
opex_costs,"(0, 94, 'Feedstock', 'water')",0.0
opex_costs,"(0, 94, 'Feedstock', 'labor')",0.0
opex_costs,"(0, 94, 'Feedstock', 'diesel')",0.0
opex_costs,"(0, 94, 'Feedstock', 'TPC')",0.0
opex_costs,"(0, 95, 'Pyrolysis', 'heat')",0.0
opex_costs,"(0, 95, 'Pyrolysis', 'electricity')",0.0
opex_costs,"(0, 95, 'Pyrolysis', 'disposal')",164.3011064409253
opex_costs,"(0, 95, 'Pyrolysis', 'transportation')",5413.205535879762
opex_costs,"(0, 95, 'Pyrolysis', 'water')",0.0
opex_costs,"(0, 95, 'Pyrolysis', 'labor')",5988.857514914603
opex_costs,"(0, 95, 'Pyrolysis', 'diesel')",393.3261335300247
opex_costs,"(0, 95, 'Pyrolysis', 'TPC')",38392.90415254991
opex_costs,"(0, 95, 'AD', 'heat')",0.0
opex_costs,"(0, 95, 'AD', 'electricity')",0.0
opex_costs,"(0, 95, 'AD', 'disposal')",0.0
opex_costs,"(0, 95, 'AD', 'transportation')",0.0
opex_costs,"(0, 95, 'AD', 'water')",0.0
opex_costs,"(0, 95, 'AD', 'labor')",0.0
opex_costs,"(0, 95, 'AD', 'diesel')",0.0
opex_costs,"(0, 95, 'AD', 'TPC')",0.0
opex_costs,"(0, 95, 'HTL', 'heat')",0.0
opex_costs,"(0, 95, 'HTL', 'electricity')",0.0
opex_costs,"(0, 95, 'HTL', 'disposal')",0.0
opex_costs,"(0, 95, 'HTL', 'transportation')",0.0
opex_costs,"(0, 95, 'HTL', 'water')",0.0
opex_costs,"(0, 95, 'HTL', 'labor')",0.0
opex_costs,"(0, 95, 'HTL', 'diesel')",0.0
opex_costs,"(0, 95, 'HTL', 'TPC')",0.0
opex_costs,"(0, 95, 'HTC', 'heat')",0.0
opex_costs,"(0, 95, 'HTC', 'electricity')",0.0
opex_costs,"(0, 95, 'HTC', 'disposal')",0.0
opex_costs,"(0, 95, 'HTC', 'transportation')",0.0
opex_costs,"(0, 95, 'HTC', 'water')",0.0
opex_costs,"(0, 95, 'HTC', 'labor')",0.0
opex_costs,"(0, 95, 'HTC', 'diesel')",0.0
opex_costs,"(0, 95, 'HTC', 'TPC')",0.0
opex_costs,"(0, 95, 'CHP', 'heat')",0.0
opex_costs,"(0, 95, 'CHP', 'electricity')",0.0
opex_costs,"(0, 95, 'CHP', 'disposal')",0.0
opex_costs,"(0, 95, 'CHP', 'transportation')",0.0
opex_costs,"(0, 95, 'CHP', 'water')",0.0
opex_costs,"(0, 95, 'CHP', 'labor')",0.0
opex_costs,"(0, 95, 'CHP', 'diesel')",0.0
opex_costs,"(0, 95, 'CHP', 'TPC')",554.6234776618523
opex_costs,"(0, 95, 'Feedstock', 'heat')",0.0
opex_costs,"(0, 95, 'Feedstock', 'electricity')",0.0
opex_costs,"(0, 95, 'Feedstock', 'disposal')",0.0
opex_costs,"(0, 95, 'Feedstock', 'transportation')",0.0
opex_costs,"(0, 95, 'Feedstock', 'water')",0.0
opex_costs,"(0, 95, 'Feedstock', 'labor')",0.0
opex_costs,"(0, 95, 'Feedstock', 'diesel')",0.0
opex_costs,"(0, 95, 'Feedstock', 'TPC')",0.0
opex_costs,"(0, 96, 'Pyrolysis', 'heat')",0.0
opex_costs,"(0, 96, 'Pyrolysis', 'electricity')",0.0
opex_costs,"(0, 96, 'Pyrolysis', 'disposal')",163.37734716703432
opex_costs,"(0, 96, 'Pyrolysis', 'transportation')",5382.770568498425
opex_costs,"(0, 96, 'Pyrolysis', 'water')",0.0
opex_costs,"(0, 96, 'Pyrolysis', 'labor')",5955.1860273071625
opex_costs,"(0, 96, 'Pyrolysis', 'diesel')",391.11471407349967
opex_costs,"(0, 96, 'Pyrolysis', 'TPC')",38177.045586343134
opex_costs,"(0, 96, 'AD', 'heat')",0.0
opex_costs,"(0, 96, 'AD', 'electricity')",0.0
opex_costs,"(0, 96, 'AD', 'disposal')",0.0
opex_costs,"(0, 96, 'AD', 'transportation')",0.0
opex_costs,"(0, 96, 'AD', 'water')",0.0
opex_costs,"(0, 96, 'AD', 'labor')",0.0
opex_costs,"(0, 96, 'AD', 'diesel')",0.0
opex_costs,"(0, 96, 'AD', 'TPC')",0.0
opex_costs,"(0, 96, 'HTL', 'heat')",0.0
opex_costs,"(0, 96, 'HTL', 'electricity')",0.0
opex_costs,"(0, 96, 'HTL', 'disposal')",0.0
opex_costs,"(0, 96, 'HTL', 'transportation')",0.0
opex_costs,"(0, 96, 'HTL', 'water')",0.0
opex_costs,"(0, 96, 'HTL', 'labor')",0.0
opex_costs,"(0, 96, 'HTL', 'diesel')",0.0
opex_costs,"(0, 96, 'HTL', 'TPC')",0.0
opex_costs,"(0, 96, 'HTC', 'heat')",0.0
opex_costs,"(0, 96, 'HTC', 'electricity')",0.0
opex_costs,"(0, 96, 'HTC', 'disposal')",0.0
opex_costs,"(0, 96, 'HTC', 'transportation')",0.0
opex_costs,"(0, 96, 'HTC', 'water')",0.0
opex_costs,"(0, 96, 'HTC', 'labor')",0.0
opex_costs,"(0, 96, 'HTC', 'diesel')",0.0
opex_costs,"(0, 96, 'HTC', 'TPC')",0.0
opex_costs,"(0, 96, 'CHP', 'heat')",0.0
opex_costs,"(0, 96, 'CHP', 'electricity')",0.0
opex_costs,"(0, 96, 'CHP', 'disposal')",0.0
opex_costs,"(0, 96, 'CHP', 'transportation')",0.0
opex_costs,"(0, 96, 'CHP', 'water')",0.0
opex_costs,"(0, 96, 'CHP', 'labor')",0.0
opex_costs,"(0, 96, 'CHP', 'diesel')",0.0
opex_costs,"(0, 96, 'CHP', 'TPC')",551.505187151788
opex_costs,"(0, 96, 'Feedstock', 'heat')",0.0
opex_costs,"(0, 96, 'Feedstock', 'electricity')",0.0
opex_costs,"(0, 96, 'Feedstock', 'disposal')",0.0
opex_costs,"(0, 96, 'Feedstock', 'transportation')",0.0
opex_costs,"(0, 96, 'Feedstock', 'water')",0.0
opex_costs,"(0, 96, 'Feedstock', 'labor')",0.0
opex_costs,"(0, 96, 'Feedstock', 'diesel')",0.0
opex_costs,"(0, 96, 'Feedstock', 'TPC')",0.0
opex_costs,"(0, 97, 'Pyrolysis', 'heat')",0.0
opex_costs,"(0, 97, 'Pyrolysis', 'electricity')",0.0
opex_costs,"(0, 97, 'Pyrolysis', 'disposal')",162.4587815964274
opex_costs,"(0, 97, 'Pyrolysis', 'transportation')",5352.50671733157
opex_costs,"(0, 97, 'Pyrolysis', 'water')",0.0
opex_costs,"(0, 97, 'Pyrolysis', 'labor')",5921.703852782373
opex_costs,"(0, 97, 'Pyrolysis', 'diesel')",388.915728003917
opex_costs,"(0, 97, 'Pyrolysis', 'TPC')",37962.40065379166
opex_costs,"(0, 97, 'AD', 'heat')",0.0
opex_costs,"(0, 97, 'AD', 'electricity')",0.0
opex_costs,"(0, 97, 'AD', 'disposal')",0.0
opex_costs,"(0, 97, 'AD', 'transportation')",0.0
opex_costs,"(0, 97, 'AD', 'water')",0.0
opex_costs,"(0, 97, 'AD', 'labor')",0.0
opex_costs,"(0, 97, 'AD', 'diesel')",0.0
opex_costs,"(0, 97, 'AD', 'TPC')",0.0
opex_costs,"(0, 97, 'HTL', 'heat')",0.0
opex_costs,"(0, 97, 'HTL', 'electricity')",0.0
opex_costs,"(0, 97, 'HTL', 'disposal')",0.0
opex_costs,"(0, 97, 'HTL', 'transportation')",0.0
opex_costs,"(0, 97, 'HTL', 'water')",0.0
opex_costs,"(0, 97, 'HTL', 'labor')",0.0
opex_costs,"(0, 97, 'HTL', 'diesel')",0.0
opex_costs,"(0, 97, 'HTL', 'TPC')",0.0
opex_costs,"(0, 97, 'HTC', 'heat')",0.0
opex_costs,"(0, 97, 'HTC', 'electricity')",0.0
opex_costs,"(0, 97, 'HTC', 'disposal')",0.0
opex_costs,"(0, 97, 'HTC', 'transportation')",0.0
opex_costs,"(0, 97, 'HTC', 'water')",0.0
opex_costs,"(0, 97, 'HTC', 'labor')",0.0
opex_costs,"(0, 97, 'HTC', 'diesel')",0.0
opex_costs,"(0, 97, 'HTC', 'TPC')",0.0
opex_costs,"(0, 97, 'CHP', 'heat')",0.0
opex_costs,"(0, 97, 'CHP', 'electricity')",0.0
opex_costs,"(0, 97, 'CHP', 'disposal')",0.0
opex_costs,"(0, 97, 'CHP', 'transportation')",0.0
opex_costs,"(0, 97, 'CHP', 'water')",0.0
opex_costs,"(0, 97, 'CHP', 'labor')",0.0
opex_costs,"(0, 97, 'CHP', 'diesel')",0.0
opex_costs,"(0, 97, 'CHP', 'TPC')",548.4044287803669
opex_costs,"(0, 97, 'Feedstock', 'heat')",0.0
opex_costs,"(0, 97, 'Feedstock', 'electricity')",0.0
opex_costs,"(0, 97, 'Feedstock', 'disposal')",0.0
opex_costs,"(0, 97, 'Feedstock', 'transportation')",0.0
opex_costs,"(0, 97, 'Feedstock', 'water')",0.0
opex_costs,"(0, 97, 'Feedstock', 'labor')",0.0
opex_costs,"(0, 97, 'Feedstock', 'diesel')",0.0
opex_costs,"(0, 97, 'Feedstock', 'TPC')",0.0
opex_costs,"(0, 98, 'Pyrolysis', 'heat')",0.0
opex_costs,"(0, 98, 'Pyrolysis', 'electricity')",0.0
opex_costs,"(0, 98, 'Pyrolysis', 'disposal')",161.5453805282569
opex_costs,"(0, 98, 'Pyrolysis', 'transportation')",5322.413020302957
opex_costs,"(0, 98, 'Pyrolysis', 'water')",0.0
opex_costs,"(0, 98, 'Pyrolysis', 'labor')",5888.409926954731
opex_costs,"(0, 98, 'Pyrolysis', 'diesel')",386.72910541635173
opex_costs,"(0, 98, 'Pyrolysis', 'TPC')",37748.96253141533
opex_costs,"(0, 98, 'AD', 'heat')",0.0
opex_costs,"(0, 98, 'AD', 'electricity')",0.0
opex_costs,"(0, 98, 'AD', 'disposal')",0.0
opex_costs,"(0, 98, 'AD', 'transportation')",0.0
opex_costs,"(0, 98, 'AD', 'water')",0.0
opex_costs,"(0, 98, 'AD', 'labor')",0.0
opex_costs,"(0, 98, 'AD', 'diesel')",0.0
opex_costs,"(0, 98, 'AD', 'TPC')",0.0
opex_costs,"(0, 98, 'HTL', 'heat')",0.0
opex_costs,"(0, 98, 'HTL', 'electricity')",0.0
opex_costs,"(0, 98, 'HTL', 'disposal')",0.0
opex_costs,"(0, 98, 'HTL', 'transportation')",0.0
opex_costs,"(0, 98, 'HTL', 'water')",0.0
opex_costs,"(0, 98, 'HTL', 'labor')",0.0
opex_costs,"(0, 98, 'HTL', 'diesel')",0.0
opex_costs,"(0, 98, 'HTL', 'TPC')",0.0
opex_costs,"(0, 98, 'HTC', 'heat')",0.0
opex_costs,"(0, 98, 'HTC', 'electricity')",0.0
opex_costs,"(0, 98, 'HTC', 'disposal')",0.0
opex_costs,"(0, 98, 'HTC', 'transportation')",0.0
opex_costs,"(0, 98, 'HTC', 'water')",0.0
opex_costs,"(0, 98, 'HTC', 'labor')",0.0
opex_costs,"(0, 98, 'HTC', 'diesel')",0.0
opex_costs,"(0, 98, 'HTC', 'TPC')",0.0
opex_costs,"(0, 98, 'CHP', 'heat')",0.0
opex_costs,"(0, 98, 'CHP', 'electricity')",0.0
opex_costs,"(0, 98, 'CHP', 'disposal')",0.0
opex_costs,"(0, 98, 'CHP', 'transportation')",0.0
opex_costs,"(0, 98, 'CHP', 'water')",0.0
opex_costs,"(0, 98, 'CHP', 'labor')",0.0
opex_costs,"(0, 98, 'CHP', 'diesel')",0.0
opex_costs,"(0, 98, 'CHP', 'TPC')",545.3211039756682
opex_costs,"(0, 98, 'Feedstock', 'heat')",0.0
opex_costs,"(0, 98, 'Feedstock', 'electricity')",0.0
opex_costs,"(0, 98, 'Feedstock', 'disposal')",0.0
opex_costs,"(0, 98, 'Feedstock', 'transportation')",0.0
opex_costs,"(0, 98, 'Feedstock', 'water')",0.0
opex_costs,"(0, 98, 'Feedstock', 'labor')",0.0
opex_costs,"(0, 98, 'Feedstock', 'diesel')",0.0
opex_costs,"(0, 98, 'Feedstock', 'TPC')",0.0
opex_costs,"(0, 99, 'Pyrolysis', 'heat')",0.0
opex_costs,"(0, 99, 'Pyrolysis', 'electricity')",0.0
opex_costs,"(0, 99, 'Pyrolysis', 'disposal')",160.63711492585284
opex_costs,"(0, 99, 'Pyrolysis', 'transportation')",5292.488520745489
opex_costs,"(0, 99, 'Pyrolysis', 'water')",0.0
opex_costs,"(0, 99, 'Pyrolysis', 'labor')",5855.303191423087
opex_costs,"(0, 99, 'Pyrolysis', 'diesel')",384.55477679890953
opex_costs,"(0, 99, 'Pyrolysis', 'TPC')",37536.72443409796
opex_costs,"(0, 99, 'AD', 'heat')",0.0
opex_costs,"(0, 99, 'AD', 'electricity')",0.0
opex_costs,"(0, 99, 'AD', 'disposal')",0.0
opex_costs,"(0, 99, 'AD', 'transportation')",0.0
opex_costs,"(0, 99, 'AD', 'water')",0.0
opex_costs,"(0, 99, 'AD', 'labor')",0.0
opex_costs,"(0, 99, 'AD', 'diesel')",0.0
opex_costs,"(0, 99, 'AD', 'TPC')",0.0
opex_costs,"(0, 99, 'HTL', 'heat')",0.0
opex_costs,"(0, 99, 'HTL', 'electricity')",0.0
opex_costs,"(0, 99, 'HTL', 'disposal')",0.0
opex_costs,"(0, 99, 'HTL', 'transportation')",0.0
opex_costs,"(0, 99, 'HTL', 'water')",0.0
opex_costs,"(0, 99, 'HTL', 'labor')",0.0
opex_costs,"(0, 99, 'HTL', 'diesel')",0.0
opex_costs,"(0, 99, 'HTL', 'TPC')",0.0
opex_costs,"(0, 99, 'HTC', 'heat')",0.0
opex_costs,"(0, 99, 'HTC', 'electricity')",0.0
opex_costs,"(0, 99, 'HTC', 'disposal')",0.0
opex_costs,"(0, 99, 'HTC', 'transportation')",0.0
opex_costs,"(0, 99, 'HTC', 'water')",0.0
opex_costs,"(0, 99, 'HTC', 'labor')",0.0
opex_costs,"(0, 99, 'HTC', 'diesel')",0.0
opex_costs,"(0, 99, 'HTC', 'TPC')",0.0
opex_costs,"(0, 99, 'CHP', 'heat')",0.0
opex_costs,"(0, 99, 'CHP', 'electricity')",0.0
opex_costs,"(0, 99, 'CHP', 'disposal')",0.0
opex_costs,"(0, 99, 'CHP', 'transportation')",0.0
opex_costs,"(0, 99, 'CHP', 'water')",0.0
opex_costs,"(0, 99, 'CHP', 'labor')",0.0
opex_costs,"(0, 99, 'CHP', 'diesel')",0.0
opex_costs,"(0, 99, 'CHP', 'TPC')",542.2551147199772
opex_costs,"(0, 99, 'Feedstock', 'heat')",0.0
opex_costs,"(0, 99, 'Feedstock', 'electricity')",0.0
opex_costs,"(0, 99, 'Feedstock', 'disposal')",0.0
opex_costs,"(0, 99, 'Feedstock', 'transportation')",0.0
opex_costs,"(0, 99, 'Feedstock', 'water')",0.0
opex_costs,"(0, 99, 'Feedstock', 'labor')",0.0
opex_costs,"(0, 99, 'Feedstock', 'diesel')",0.0
opex_costs,"(0, 99, 'Feedstock', 'TPC')",0.0
opex_costs,"(0, 100, 'Pyrolysis', 'heat')",0.0
opex_costs,"(0, 100, 'Pyrolysis', 'electricity')",0.0
opex_costs,"(0, 100, 'Pyrolysis', 'disposal')",159.73395591579953
opex_costs,"(0, 100, 'Pyrolysis', 'transportation')",5262.732267370786
opex_costs,"(0, 100, 'Pyrolysis', 'water')",0.0
opex_costs,"(0, 100, 'Pyrolysis', 'labor')",5822.382593737
opex_costs,"(0, 100, 'Pyrolysis', 'diesel')",382.3926730305165
opex_costs,"(0, 100, 'Pyrolysis', 'TPC')",37325.67961487178
opex_costs,"(0, 100, 'AD', 'heat')",0.0
opex_costs,"(0, 100, 'AD', 'electricity')",0.0
opex_costs,"(0, 100, 'AD', 'disposal')",0.0
opex_costs,"(0, 100, 'AD', 'transportation')",0.0
opex_costs,"(0, 100, 'AD', 'water')",0.0
opex_costs,"(0, 100, 'AD', 'labor')",0.0
opex_costs,"(0, 100, 'AD', 'diesel')",0.0
opex_costs,"(0, 100, 'AD', 'TPC')",0.0
opex_costs,"(0, 100, 'HTL', 'heat')",0.0
opex_costs,"(0, 100, 'HTL', 'electricity')",0.0
opex_costs,"(0, 100, 'HTL', 'disposal')",0.0
opex_costs,"(0, 100, 'HTL', 'transportation')",0.0
opex_costs,"(0, 100, 'HTL', 'water')",0.0
opex_costs,"(0, 100, 'HTL', 'labor')",0.0
opex_costs,"(0, 100, 'HTL', 'diesel')",0.0
opex_costs,"(0, 100, 'HTL', 'TPC')",0.0
opex_costs,"(0, 100, 'HTC', 'heat')",0.0
opex_costs,"(0, 100, 'HTC', 'electricity')",0.0
opex_costs,"(0, 100, 'HTC', 'disposal')",0.0
opex_costs,"(0, 100, 'HTC', 'transportation')",0.0
opex_costs,"(0, 100, 'HTC', 'water')",0.0
opex_costs,"(0, 100, 'HTC', 'labor')",0.0
opex_costs,"(0, 100, 'HTC', 'diesel')",0.0
opex_costs,"(0, 100, 'HTC', 'TPC')",0.0
opex_costs,"(0, 100, 'CHP', 'heat')",0.0
opex_costs,"(0, 100, 'CHP', 'electricity')",0.0
opex_costs,"(0, 100, 'CHP', 'disposal')",0.0
opex_costs,"(0, 100, 'CHP', 'transportation')",0.0
opex_costs,"(0, 100, 'CHP', 'water')",0.0
opex_costs,"(0, 100, 'CHP', 'labor')",0.0
opex_costs,"(0, 100, 'CHP', 'diesel')",0.0
opex_costs,"(0, 100, 'CHP', 'TPC')",539.2063635466703
opex_costs,"(0, 100, 'Feedstock', 'heat')",0.0
opex_costs,"(0, 100, 'Feedstock', 'electricity')",0.0
opex_costs,"(0, 100, 'Feedstock', 'disposal')",0.0
opex_costs,"(0, 100, 'Feedstock', 'transportation')",0.0
opex_costs,"(0, 100, 'Feedstock', 'water')",0.0
opex_costs,"(0, 100, 'Feedstock', 'labor')",0.0
opex_costs,"(0, 100, 'Feedstock', 'diesel')",0.0
opex_costs,"(0, 100, 'Feedstock', 'TPC')",0.0
opex_costs,"(0, 101, 'Pyrolysis', 'heat')",0.0
opex_costs,"(0, 101, 'Pyrolysis', 'electricity')",0.0
opex_costs,"(0, 101, 'Pyrolysis', 'disposal')",158.835874787018
opex_costs,"(0, 101, 'Pyrolysis', 'transportation')",30352.23122278954
opex_costs,"(0, 101, 'Pyrolysis', 'water')",0.0
opex_costs,"(0, 101, 'Pyrolysis', 'labor')",5789.64708736328
opex_costs,"(0, 101, 'Pyrolysis', 'diesel')",2205.4078072113834
opex_costs,"(0, 101, 'Pyrolysis', 'TPC')",37115.82136470278
opex_costs,"(0, 101, 'AD', 'heat')",0.0
opex_costs,"(0, 101, 'AD', 'electricity')",0.0
opex_costs,"(0, 101, 'AD', 'disposal')",0.0
opex_costs,"(0, 101, 'AD', 'transportation')",0.0
opex_costs,"(0, 101, 'AD', 'water')",0.0
opex_costs,"(0, 101, 'AD', 'labor')",0.0
opex_costs,"(0, 101, 'AD', 'diesel')",0.0
opex_costs,"(0, 101, 'AD', 'TPC')",0.0
opex_costs,"(0, 101, 'HTL', 'heat')",0.0
opex_costs,"(0, 101, 'HTL', 'electricity')",0.0
opex_costs,"(0, 101, 'HTL', 'disposal')",0.0
opex_costs,"(0, 101, 'HTL', 'transportation')",0.0
opex_costs,"(0, 101, 'HTL', 'water')",0.0
opex_costs,"(0, 101, 'HTL', 'labor')",0.0
opex_costs,"(0, 101, 'HTL', 'diesel')",0.0
opex_costs,"(0, 101, 'HTL', 'TPC')",0.0
opex_costs,"(0, 101, 'HTC', 'heat')",0.0
opex_costs,"(0, 101, 'HTC', 'electricity')",0.0
opex_costs,"(0, 101, 'HTC', 'disposal')",0.0
opex_costs,"(0, 101, 'HTC', 'transportation')",0.0
opex_costs,"(0, 101, 'HTC', 'water')",0.0
opex_costs,"(0, 101, 'HTC', 'labor')",0.0
opex_costs,"(0, 101, 'HTC', 'diesel')",0.0
opex_costs,"(0, 101, 'HTC', 'TPC')",0.0
opex_costs,"(0, 101, 'CHP', 'heat')",0.0
opex_costs,"(0, 101, 'CHP', 'electricity')",0.0
opex_costs,"(0, 101, 'CHP', 'disposal')",0.0
opex_costs,"(0, 101, 'CHP', 'transportation')",0.0
opex_costs,"(0, 101, 'CHP', 'water')",0.0
opex_costs,"(0, 101, 'CHP', 'labor')",0.0
opex_costs,"(0, 101, 'CHP', 'diesel')",0.0
opex_costs,"(0, 101, 'CHP', 'TPC')",536.1747535371152
opex_costs,"(0, 101, 'Feedstock', 'heat')",0.0
opex_costs,"(0, 101, 'Feedstock', 'electricity')",0.0
opex_costs,"(0, 101, 'Feedstock', 'disposal')",0.0
opex_costs,"(0, 101, 'Feedstock', 'transportation')",0.0
opex_costs,"(0, 101, 'Feedstock', 'water')",0.0
opex_costs,"(0, 101, 'Feedstock', 'labor')",0.0
opex_costs,"(0, 101, 'Feedstock', 'diesel')",0.0
opex_costs,"(0, 101, 'Feedstock', 'TPC')",0.0
opex_costs,"(0, 102, 'Pyrolysis', 'heat')",0.0
opex_costs,"(0, 102, 'Pyrolysis', 'electricity')",0.0
opex_costs,"(0, 102, 'Pyrolysis', 'disposal')",210.59045732151617
opex_costs,"(0, 102, 'Pyrolysis', 'transportation')",5203.720720728498
opex_costs,"(0, 102, 'Pyrolysis', 'water')",0.0
opex_costs,"(0, 102, 'Pyrolysis', 'labor')",5757.09563165272
opex_costs,"(0, 102, 'Pyrolysis', 'diesel')",378.1048654975137
opex_costs,"(0, 102, 'Pyrolysis', 'TPC')",36907.1430122776
opex_costs,"(0, 102, 'AD', 'heat')",0.0
opex_costs,"(0, 102, 'AD', 'electricity')",0.0
opex_costs,"(0, 102, 'AD', 'disposal')",0.0
opex_costs,"(0, 102, 'AD', 'transportation')",0.0
opex_costs,"(0, 102, 'AD', 'water')",0.0
opex_costs,"(0, 102, 'AD', 'labor')",0.0
opex_costs,"(0, 102, 'AD', 'diesel')",0.0
opex_costs,"(0, 102, 'AD', 'TPC')",0.0
opex_costs,"(0, 102, 'HTL', 'heat')",0.0
opex_costs,"(0, 102, 'HTL', 'electricity')",0.0
opex_costs,"(0, 102, 'HTL', 'disposal')",0.0
opex_costs,"(0, 102, 'HTL', 'transportation')",0.0
opex_costs,"(0, 102, 'HTL', 'water')",0.0
opex_costs,"(0, 102, 'HTL', 'labor')",0.0
opex_costs,"(0, 102, 'HTL', 'diesel')",0.0
opex_costs,"(0, 102, 'HTL', 'TPC')",0.0
opex_costs,"(0, 102, 'HTC', 'heat')",0.0
opex_costs,"(0, 102, 'HTC', 'electricity')",0.0
opex_costs,"(0, 102, 'HTC', 'disposal')",0.0
opex_costs,"(0, 102, 'HTC', 'transportation')",0.0
opex_costs,"(0, 102, 'HTC', 'water')",0.0
opex_costs,"(0, 102, 'HTC', 'labor')",0.0
opex_costs,"(0, 102, 'HTC', 'diesel')",0.0
opex_costs,"(0, 102, 'HTC', 'TPC')",0.0
opex_costs,"(0, 102, 'CHP', 'heat')",0.0
opex_costs,"(0, 102, 'CHP', 'electricity')",0.0
opex_costs,"(0, 102, 'CHP', 'disposal')",0.0
opex_costs,"(0, 102, 'CHP', 'transportation')",0.0
opex_costs,"(0, 102, 'CHP', 'water')",0.0
opex_costs,"(0, 102, 'CHP', 'labor')",0.0
opex_costs,"(0, 102, 'CHP', 'diesel')",0.0
opex_costs,"(0, 102, 'CHP', 'TPC')",533.1601883175912
opex_costs,"(0, 102, 'Feedstock', 'heat')",0.0
opex_costs,"(0, 102, 'Feedstock', 'electricity')",0.0
opex_costs,"(0, 102, 'Feedstock', 'disposal')",0.0
opex_costs,"(0, 102, 'Feedstock', 'transportation')",0.0
opex_costs,"(0, 102, 'Feedstock', 'water')",0.0
opex_costs,"(0, 102, 'Feedstock', 'labor')",0.0
opex_costs,"(0, 102, 'Feedstock', 'diesel')",0.0
opex_costs,"(0, 102, 'Feedstock', 'TPC')",0.0
opex_costs,"(0, 103, 'Pyrolysis', 'heat')",0.0
opex_costs,"(0, 103, 'Pyrolysis', 'electricity')",0.0
opex_costs,"(0, 103, 'Pyrolysis', 'disposal')",209.40644285199835
opex_costs,"(0, 103, 'Pyrolysis', 'transportation')",5174.463551506452
opex_costs,"(0, 103, 'Pyrolysis', 'water')",0.0
opex_costs,"(0, 103, 'Pyrolysis', 'labor')",5724.727191807011
opex_costs,"(0, 103, 'Pyrolysis', 'diesel')",375.97902542514504
opex_costs,"(0, 103, 'Pyrolysis', 'TPC')",36699.63792379135
opex_costs,"(0, 103, 'AD', 'heat')",0.0
opex_costs,"(0, 103, 'AD', 'electricity')",0.0
opex_costs,"(0, 103, 'AD', 'disposal')",0.0
opex_costs,"(0, 103, 'AD', 'transportation')",0.0
opex_costs,"(0, 103, 'AD', 'water')",0.0
opex_costs,"(0, 103, 'AD', 'labor')",0.0
opex_costs,"(0, 103, 'AD', 'diesel')",0.0
opex_costs,"(0, 103, 'AD', 'TPC')",0.0
opex_costs,"(0, 103, 'HTL', 'heat')",0.0
opex_costs,"(0, 103, 'HTL', 'electricity')",0.0
opex_costs,"(0, 103, 'HTL', 'disposal')",0.0
opex_costs,"(0, 103, 'HTL', 'transportation')",0.0
opex_costs,"(0, 103, 'HTL', 'water')",0.0
opex_costs,"(0, 103, 'HTL', 'labor')",0.0
opex_costs,"(0, 103, 'HTL', 'diesel')",0.0
opex_costs,"(0, 103, 'HTL', 'TPC')",0.0
opex_costs,"(0, 103, 'HTC', 'heat')",0.0
opex_costs,"(0, 103, 'HTC', 'electricity')",0.0
opex_costs,"(0, 103, 'HTC', 'disposal')",0.0
opex_costs,"(0, 103, 'HTC', 'transportation')",0.0
opex_costs,"(0, 103, 'HTC', 'water')",0.0
opex_costs,"(0, 103, 'HTC', 'labor')",0.0
opex_costs,"(0, 103, 'HTC', 'diesel')",0.0
opex_costs,"(0, 103, 'HTC', 'TPC')",0.0
opex_costs,"(0, 103, 'CHP', 'heat')",0.0
opex_costs,"(0, 103, 'CHP', 'electricity')",0.0
opex_costs,"(0, 103, 'CHP', 'disposal')",0.0
opex_costs,"(0, 103, 'CHP', 'transportation')",0.0
opex_costs,"(0, 103, 'CHP', 'water')",0.0
opex_costs,"(0, 103, 'CHP', 'labor')",0.0
opex_costs,"(0, 103, 'CHP', 'diesel')",0.0
opex_costs,"(0, 103, 'CHP', 'TPC')",530.1625720562245
opex_costs,"(0, 103, 'Feedstock', 'heat')",0.0
opex_costs,"(0, 103, 'Feedstock', 'electricity')",0.0
opex_costs,"(0, 103, 'Feedstock', 'disposal')",0.0
opex_costs,"(0, 103, 'Feedstock', 'transportation')",0.0
opex_costs,"(0, 103, 'Feedstock', 'water')",0.0
opex_costs,"(0, 103, 'Feedstock', 'labor')",0.0
opex_costs,"(0, 103, 'Feedstock', 'diesel')",0.0
opex_costs,"(0, 103, 'Feedstock', 'TPC')",0.0
opex_costs,"(0, 104, 'Pyrolysis', 'heat')",0.0
opex_costs,"(0, 104, 'Pyrolysis', 'electricity')",0.0
opex_costs,"(0, 104, 'Pyrolysis', 'disposal')",156.1718139934328
opex_costs,"(0, 104, 'Pyrolysis', 'transportation')",5145.370876498608
opex_costs,"(0, 104, 'Pyrolysis', 'water')",0.0
opex_costs,"(0, 104, 'Pyrolysis', 'labor')",5692.540738845848
opex_costs,"(0, 104, 'Pyrolysis', 'diesel')",373.86513758197424
opex_costs,"(0, 104, 'Pyrolysis', 'TPC')",36493.29950273676
opex_costs,"(0, 104, 'AD', 'heat')",0.0
opex_costs,"(0, 104, 'AD', 'electricity')",0.0
opex_costs,"(0, 104, 'AD', 'disposal')",0.0
opex_costs,"(0, 104, 'AD', 'transportation')",0.0
opex_costs,"(0, 104, 'AD', 'water')",0.0
opex_costs,"(0, 104, 'AD', 'labor')",0.0
opex_costs,"(0, 104, 'AD', 'diesel')",0.0
opex_costs,"(0, 104, 'AD', 'TPC')",0.0
opex_costs,"(0, 104, 'HTL', 'heat')",0.0
opex_costs,"(0, 104, 'HTL', 'electricity')",0.0
opex_costs,"(0, 104, 'HTL', 'disposal')",0.0
opex_costs,"(0, 104, 'HTL', 'transportation')",0.0
opex_costs,"(0, 104, 'HTL', 'water')",0.0
opex_costs,"(0, 104, 'HTL', 'labor')",0.0
opex_costs,"(0, 104, 'HTL', 'diesel')",0.0
opex_costs,"(0, 104, 'HTL', 'TPC')",0.0
opex_costs,"(0, 104, 'HTC', 'heat')",0.0
opex_costs,"(0, 104, 'HTC', 'electricity')",0.0
opex_costs,"(0, 104, 'HTC', 'disposal')",0.0
opex_costs,"(0, 104, 'HTC', 'transportation')",0.0
opex_costs,"(0, 104, 'HTC', 'water')",0.0
opex_costs,"(0, 104, 'HTC', 'labor')",0.0
opex_costs,"(0, 104, 'HTC', 'diesel')",0.0
opex_costs,"(0, 104, 'HTC', 'TPC')",0.0
opex_costs,"(0, 104, 'CHP', 'heat')",0.0
opex_costs,"(0, 104, 'CHP', 'electricity')",0.0
opex_costs,"(0, 104, 'CHP', 'disposal')",0.0
opex_costs,"(0, 104, 'CHP', 'transportation')",0.0
opex_costs,"(0, 104, 'CHP', 'water')",0.0
opex_costs,"(0, 104, 'CHP', 'labor')",0.0
opex_costs,"(0, 104, 'CHP', 'diesel')",0.0
opex_costs,"(0, 104, 'CHP', 'TPC')",527.1818094599427
opex_costs,"(0, 104, 'Feedstock', 'heat')",0.0
opex_costs,"(0, 104, 'Feedstock', 'electricity')",0.0
opex_costs,"(0, 104, 'Feedstock', 'disposal')",0.0
opex_costs,"(0, 104, 'Feedstock', 'transportation')",0.0
opex_costs,"(0, 104, 'Feedstock', 'water')",0.0
opex_costs,"(0, 104, 'Feedstock', 'labor')",0.0
opex_costs,"(0, 104, 'Feedstock', 'diesel')",0.0
opex_costs,"(0, 104, 'Feedstock', 'TPC')",0.0
opex_costs,"(0, 105, 'Pyrolysis', 'heat')",0.0
opex_costs,"(0, 105, 'Pyrolysis', 'electricity')",0.0
opex_costs,"(0, 105, 'Pyrolysis', 'disposal')",155.29376049384373
opex_costs,"(0, 105, 'Pyrolysis', 'transportation')",5116.441770859972
opex_costs,"(0, 105, 'Pyrolysis', 'water')",0.0
opex_costs,"(0, 105, 'Pyrolysis', 'labor')",5660.535249574224
opex_costs,"(0, 105, 'Pyrolysis', 'diesel')",371.7631347683166
opex_costs,"(0, 105, 'Pyrolysis', 'TPC')",36288.121189694444
opex_costs,"(0, 105, 'AD', 'heat')",0.0
opex_costs,"(0, 105, 'AD', 'electricity')",0.0
opex_costs,"(0, 105, 'AD', 'disposal')",0.0
opex_costs,"(0, 105, 'AD', 'transportation')",0.0
opex_costs,"(0, 105, 'AD', 'water')",0.0
opex_costs,"(0, 105, 'AD', 'labor')",0.0
opex_costs,"(0, 105, 'AD', 'diesel')",0.0
opex_costs,"(0, 105, 'AD', 'TPC')",0.0
opex_costs,"(0, 105, 'HTL', 'heat')",0.0
opex_costs,"(0, 105, 'HTL', 'electricity')",0.0
opex_costs,"(0, 105, 'HTL', 'disposal')",0.0
opex_costs,"(0, 105, 'HTL', 'transportation')",0.0
opex_costs,"(0, 105, 'HTL', 'water')",0.0
opex_costs,"(0, 105, 'HTL', 'labor')",0.0
opex_costs,"(0, 105, 'HTL', 'diesel')",0.0
opex_costs,"(0, 105, 'HTL', 'TPC')",0.0
opex_costs,"(0, 105, 'HTC', 'heat')",0.0
opex_costs,"(0, 105, 'HTC', 'electricity')",0.0
opex_costs,"(0, 105, 'HTC', 'disposal')",0.0
opex_costs,"(0, 105, 'HTC', 'transportation')",0.0
opex_costs,"(0, 105, 'HTC', 'water')",0.0
opex_costs,"(0, 105, 'HTC', 'labor')",0.0
opex_costs,"(0, 105, 'HTC', 'diesel')",0.0
opex_costs,"(0, 105, 'HTC', 'TPC')",0.0
opex_costs,"(0, 105, 'CHP', 'heat')",0.0
opex_costs,"(0, 105, 'CHP', 'electricity')",0.0
opex_costs,"(0, 105, 'CHP', 'disposal')",0.0
opex_costs,"(0, 105, 'CHP', 'transportation')",0.0
opex_costs,"(0, 105, 'CHP', 'water')",0.0
opex_costs,"(0, 105, 'CHP', 'labor')",0.0
opex_costs,"(0, 105, 'CHP', 'diesel')",0.0
opex_costs,"(0, 105, 'CHP', 'TPC')",524.2178057714443
opex_costs,"(0, 105, 'Feedstock', 'heat')",0.0
opex_costs,"(0, 105, 'Feedstock', 'electricity')",0.0
opex_costs,"(0, 105, 'Feedstock', 'disposal')",0.0
opex_costs,"(0, 105, 'Feedstock', 'transportation')",0.0
opex_costs,"(0, 105, 'Feedstock', 'water')",0.0
opex_costs,"(0, 105, 'Feedstock', 'labor')",0.0
opex_costs,"(0, 105, 'Feedstock', 'diesel')",0.0
opex_costs,"(0, 105, 'Feedstock', 'TPC')",0.0
opex_costs,"(0, 106, 'Pyrolysis', 'heat')",0.0
opex_costs,"(0, 106, 'Pyrolysis', 'electricity')",0.0
opex_costs,"(0, 106, 'Pyrolysis', 'disposal')",154.4206437234148
opex_costs,"(0, 106, 'Pyrolysis', 'transportation')",5087.675314945358
opex_costs,"(0, 106, 'Pyrolysis', 'water')",0.0
opex_costs,"(0, 106, 'Pyrolysis', 'labor')",5628.709706549892
opex_costs,"(0, 106, 'Pyrolysis', 'diesel')",369.67295016230787
opex_costs,"(0, 106, 'Pyrolysis', 'TPC')",36084.09646212443
opex_costs,"(0, 106, 'AD', 'heat')",0.0
opex_costs,"(0, 106, 'AD', 'electricity')",0.0
opex_costs,"(0, 106, 'AD', 'disposal')",0.0
opex_costs,"(0, 106, 'AD', 'transportation')",0.0
opex_costs,"(0, 106, 'AD', 'water')",0.0
opex_costs,"(0, 106, 'AD', 'labor')",0.0
opex_costs,"(0, 106, 'AD', 'diesel')",0.0
opex_costs,"(0, 106, 'AD', 'TPC')",0.0
opex_costs,"(0, 106, 'HTL', 'heat')",0.0
opex_costs,"(0, 106, 'HTL', 'electricity')",0.0
opex_costs,"(0, 106, 'HTL', 'disposal')",0.0
opex_costs,"(0, 106, 'HTL', 'transportation')",0.0
opex_costs,"(0, 106, 'HTL', 'water')",0.0
opex_costs,"(0, 106, 'HTL', 'labor')",0.0
opex_costs,"(0, 106, 'HTL', 'diesel')",0.0
opex_costs,"(0, 106, 'HTL', 'TPC')",0.0
opex_costs,"(0, 106, 'HTC', 'heat')",0.0
opex_costs,"(0, 106, 'HTC', 'electricity')",0.0
opex_costs,"(0, 106, 'HTC', 'disposal')",0.0
opex_costs,"(0, 106, 'HTC', 'transportation')",0.0
opex_costs,"(0, 106, 'HTC', 'water')",0.0
opex_costs,"(0, 106, 'HTC', 'labor')",0.0
opex_costs,"(0, 106, 'HTC', 'diesel')",0.0
opex_costs,"(0, 106, 'HTC', 'TPC')",0.0
opex_costs,"(0, 106, 'CHP', 'heat')",0.0
opex_costs,"(0, 106, 'CHP', 'electricity')",0.0
opex_costs,"(0, 106, 'CHP', 'disposal')",0.0
opex_costs,"(0, 106, 'CHP', 'transportation')",0.0
opex_costs,"(0, 106, 'CHP', 'water')",0.0
opex_costs,"(0, 106, 'CHP', 'labor')",0.0
opex_costs,"(0, 106, 'CHP', 'diesel')",0.0
opex_costs,"(0, 106, 'CHP', 'TPC')",521.2704667661876
opex_costs,"(0, 106, 'Feedstock', 'heat')",0.0
opex_costs,"(0, 106, 'Feedstock', 'electricity')",0.0
opex_costs,"(0, 106, 'Feedstock', 'disposal')",0.0
opex_costs,"(0, 106, 'Feedstock', 'transportation')",0.0
opex_costs,"(0, 106, 'Feedstock', 'water')",0.0
opex_costs,"(0, 106, 'Feedstock', 'labor')",0.0
opex_costs,"(0, 106, 'Feedstock', 'diesel')",0.0
opex_costs,"(0, 106, 'Feedstock', 'TPC')",0.0
opex_costs,"(0, 107, 'Pyrolysis', 'heat')",0.0
opex_costs,"(0, 107, 'Pyrolysis', 'electricity')",0.0
opex_costs,"(0, 107, 'Pyrolysis', 'disposal')",153.5524359260984
opex_costs,"(0, 107, 'Pyrolysis', 'transportation')",5059.070594280151
opex_costs,"(0, 107, 'Pyrolysis', 'water')",0.0
opex_costs,"(0, 107, 'Pyrolysis', 'labor')",5597.06309805103
opex_costs,"(0, 107, 'Pyrolysis', 'diesel')",367.5945173177801
opex_costs,"(0, 107, 'Pyrolysis', 'TPC')",35881.2188341588
opex_costs,"(0, 107, 'AD', 'heat')",0.0
opex_costs,"(0, 107, 'AD', 'electricity')",0.0
opex_costs,"(0, 107, 'AD', 'disposal')",0.0
opex_costs,"(0, 107, 'AD', 'transportation')",0.0
opex_costs,"(0, 107, 'AD', 'water')",0.0
opex_costs,"(0, 107, 'AD', 'labor')",0.0
opex_costs,"(0, 107, 'AD', 'diesel')",0.0
opex_costs,"(0, 107, 'AD', 'TPC')",0.0
opex_costs,"(0, 107, 'HTL', 'heat')",0.0
opex_costs,"(0, 107, 'HTL', 'electricity')",0.0
opex_costs,"(0, 107, 'HTL', 'disposal')",0.0
opex_costs,"(0, 107, 'HTL', 'transportation')",0.0
opex_costs,"(0, 107, 'HTL', 'water')",0.0
opex_costs,"(0, 107, 'HTL', 'labor')",0.0
opex_costs,"(0, 107, 'HTL', 'diesel')",0.0
opex_costs,"(0, 107, 'HTL', 'TPC')",0.0
opex_costs,"(0, 107, 'HTC', 'heat')",0.0
opex_costs,"(0, 107, 'HTC', 'electricity')",0.0
opex_costs,"(0, 107, 'HTC', 'disposal')",0.0
opex_costs,"(0, 107, 'HTC', 'transportation')",0.0
opex_costs,"(0, 107, 'HTC', 'water')",0.0
opex_costs,"(0, 107, 'HTC', 'labor')",0.0
opex_costs,"(0, 107, 'HTC', 'diesel')",0.0
opex_costs,"(0, 107, 'HTC', 'TPC')",0.0
opex_costs,"(0, 107, 'CHP', 'heat')",0.0
opex_costs,"(0, 107, 'CHP', 'electricity')",0.0
opex_costs,"(0, 107, 'CHP', 'disposal')",0.0
opex_costs,"(0, 107, 'CHP', 'transportation')",0.0
opex_costs,"(0, 107, 'CHP', 'water')",0.0
opex_costs,"(0, 107, 'CHP', 'labor')",0.0
opex_costs,"(0, 107, 'CHP', 'diesel')",0.0
opex_costs,"(0, 107, 'CHP', 'TPC')",518.3396987493948
opex_costs,"(0, 107, 'Feedstock', 'heat')",0.0
opex_costs,"(0, 107, 'Feedstock', 'electricity')",0.0
opex_costs,"(0, 107, 'Feedstock', 'disposal')",0.0
opex_costs,"(0, 107, 'Feedstock', 'transportation')",0.0
opex_costs,"(0, 107, 'Feedstock', 'water')",0.0
opex_costs,"(0, 107, 'Feedstock', 'labor')",0.0
opex_costs,"(0, 107, 'Feedstock', 'diesel')",0.0
opex_costs,"(0, 107, 'Feedstock', 'TPC')",0.0
opex_costs,"(0, 108, 'Pyrolysis', 'heat')",0.0
opex_costs,"(0, 108, 'Pyrolysis', 'electricity')",0.0
opex_costs,"(0, 108, 'Pyrolysis', 'disposal')",152.68910950190124
opex_costs,"(0, 108, 'Pyrolysis', 'transportation')",5030.626699531239
opex_costs,"(0, 108, 'Pyrolysis', 'water')",0.0
opex_costs,"(0, 108, 'Pyrolysis', 'labor')",5565.594418044077
opex_costs,"(0, 108, 'Pyrolysis', 'diesel')",365.52777016214924
opex_costs,"(0, 108, 'Pyrolysis', 'TPC')",35679.48185639545
opex_costs,"(0, 108, 'AD', 'heat')",0.0
opex_costs,"(0, 108, 'AD', 'electricity')",0.0
opex_costs,"(0, 108, 'AD', 'disposal')",0.0
opex_costs,"(0, 108, 'AD', 'transportation')",0.0
opex_costs,"(0, 108, 'AD', 'water')",0.0
opex_costs,"(0, 108, 'AD', 'labor')",0.0
opex_costs,"(0, 108, 'AD', 'diesel')",0.0
opex_costs,"(0, 108, 'AD', 'TPC')",0.0
opex_costs,"(0, 108, 'HTL', 'heat')",0.0
opex_costs,"(0, 108, 'HTL', 'electricity')",0.0
opex_costs,"(0, 108, 'HTL', 'disposal')",0.0
opex_costs,"(0, 108, 'HTL', 'transportation')",0.0
opex_costs,"(0, 108, 'HTL', 'water')",0.0
opex_costs,"(0, 108, 'HTL', 'labor')",0.0
opex_costs,"(0, 108, 'HTL', 'diesel')",0.0
opex_costs,"(0, 108, 'HTL', 'TPC')",0.0
opex_costs,"(0, 108, 'HTC', 'heat')",0.0
opex_costs,"(0, 108, 'HTC', 'electricity')",0.0
opex_costs,"(0, 108, 'HTC', 'disposal')",0.0
opex_costs,"(0, 108, 'HTC', 'transportation')",0.0
opex_costs,"(0, 108, 'HTC', 'water')",0.0
opex_costs,"(0, 108, 'HTC', 'labor')",0.0
opex_costs,"(0, 108, 'HTC', 'diesel')",0.0
opex_costs,"(0, 108, 'HTC', 'TPC')",0.0
opex_costs,"(0, 108, 'CHP', 'heat')",0.0
opex_costs,"(0, 108, 'CHP', 'electricity')",0.0
opex_costs,"(0, 108, 'CHP', 'disposal')",0.0
opex_costs,"(0, 108, 'CHP', 'transportation')",0.0
opex_costs,"(0, 108, 'CHP', 'water')",0.0
opex_costs,"(0, 108, 'CHP', 'labor')",0.0
opex_costs,"(0, 108, 'CHP', 'diesel')",0.0
opex_costs,"(0, 108, 'CHP', 'TPC')",515.4254085530729
opex_costs,"(0, 108, 'Feedstock', 'heat')",0.0
opex_costs,"(0, 108, 'Feedstock', 'electricity')",0.0
opex_costs,"(0, 108, 'Feedstock', 'disposal')",0.0
opex_costs,"(0, 108, 'Feedstock', 'transportation')",0.0
opex_costs,"(0, 108, 'Feedstock', 'water')",0.0
opex_costs,"(0, 108, 'Feedstock', 'labor')",0.0
opex_costs,"(0, 108, 'Feedstock', 'diesel')",0.0
opex_costs,"(0, 108, 'Feedstock', 'TPC')",0.0
opex_costs,"(0, 109, 'Pyrolysis', 'heat')",0.0
opex_costs,"(0, 109, 'Pyrolysis', 'electricity')",0.0
opex_costs,"(0, 109, 'Pyrolysis', 'disposal')",151.8306370060069
opex_costs,"(0, 109, 'Pyrolysis', 'transportation')",5002.342726478102
opex_costs,"(0, 109, 'Pyrolysis', 'water')",0.0
opex_costs,"(0, 109, 'Pyrolysis', 'labor')",5534.302666151751
opex_costs,"(0, 109, 'Pyrolysis', 'diesel')",363.4726429943149
opex_costs,"(0, 109, 'Pyrolysis', 'TPC')",35478.87911569314
opex_costs,"(0, 109, 'AD', 'heat')",0.0
opex_costs,"(0, 109, 'AD', 'electricity')",0.0
opex_costs,"(0, 109, 'AD', 'disposal')",0.0
opex_costs,"(0, 109, 'AD', 'transportation')",0.0
opex_costs,"(0, 109, 'AD', 'water')",0.0
opex_costs,"(0, 109, 'AD', 'labor')",0.0
opex_costs,"(0, 109, 'AD', 'diesel')",0.0
opex_costs,"(0, 109, 'AD', 'TPC')",0.0
opex_costs,"(0, 109, 'HTL', 'heat')",0.0
opex_costs,"(0, 109, 'HTL', 'electricity')",0.0
opex_costs,"(0, 109, 'HTL', 'disposal')",0.0
opex_costs,"(0, 109, 'HTL', 'transportation')",0.0
opex_costs,"(0, 109, 'HTL', 'water')",0.0
opex_costs,"(0, 109, 'HTL', 'labor')",0.0
opex_costs,"(0, 109, 'HTL', 'diesel')",0.0
opex_costs,"(0, 109, 'HTL', 'TPC')",0.0
opex_costs,"(0, 109, 'HTC', 'heat')",0.0
opex_costs,"(0, 109, 'HTC', 'electricity')",0.0
opex_costs,"(0, 109, 'HTC', 'disposal')",0.0
opex_costs,"(0, 109, 'HTC', 'transportation')",0.0
opex_costs,"(0, 109, 'HTC', 'water')",0.0
opex_costs,"(0, 109, 'HTC', 'labor')",0.0
opex_costs,"(0, 109, 'HTC', 'diesel')",0.0
opex_costs,"(0, 109, 'HTC', 'TPC')",0.0
opex_costs,"(0, 109, 'CHP', 'heat')",0.0
opex_costs,"(0, 109, 'CHP', 'electricity')",0.0
opex_costs,"(0, 109, 'CHP', 'disposal')",0.0
opex_costs,"(0, 109, 'CHP', 'transportation')",0.0
opex_costs,"(0, 109, 'CHP', 'water')",0.0
opex_costs,"(0, 109, 'CHP', 'labor')",0.0
opex_costs,"(0, 109, 'CHP', 'diesel')",0.0
opex_costs,"(0, 109, 'CHP', 'TPC')",512.5275035330532
opex_costs,"(0, 109, 'Feedstock', 'heat')",0.0
opex_costs,"(0, 109, 'Feedstock', 'electricity')",0.0
opex_costs,"(0, 109, 'Feedstock', 'disposal')",0.0
opex_costs,"(0, 109, 'Feedstock', 'transportation')",0.0
opex_costs,"(0, 109, 'Feedstock', 'water')",0.0
opex_costs,"(0, 109, 'Feedstock', 'labor')",0.0
opex_costs,"(0, 109, 'Feedstock', 'diesel')",0.0
opex_costs,"(0, 109, 'Feedstock', 'TPC')",0.0
opex_costs,"(0, 110, 'Pyrolysis', 'heat')",0.0
opex_costs,"(0, 110, 'Pyrolysis', 'electricity')",0.0
opex_costs,"(0, 110, 'Pyrolysis', 'disposal')",150.97699114790365
opex_costs,"(0, 110, 'Pyrolysis', 'transportation')",4974.217775984073
opex_costs,"(0, 110, 'Pyrolysis', 'water')",0.0
opex_costs,"(0, 110, 'Pyrolysis', 'labor')",5503.186847621244
opex_costs,"(0, 110, 'Pyrolysis', 'diesel')",361.4290704825718
opex_costs,"(0, 110, 'Pyrolysis', 'TPC')",35279.404234967595
opex_costs,"(0, 110, 'AD', 'heat')",0.0
opex_costs,"(0, 110, 'AD', 'electricity')",0.0
opex_costs,"(0, 110, 'AD', 'disposal')",0.0
opex_costs,"(0, 110, 'AD', 'transportation')",0.0
opex_costs,"(0, 110, 'AD', 'water')",0.0
opex_costs,"(0, 110, 'AD', 'labor')",0.0
opex_costs,"(0, 110, 'AD', 'diesel')",0.0
opex_costs,"(0, 110, 'AD', 'TPC')",0.0
opex_costs,"(0, 110, 'HTL', 'heat')",0.0
opex_costs,"(0, 110, 'HTL', 'electricity')",0.0
opex_costs,"(0, 110, 'HTL', 'disposal')",0.0
opex_costs,"(0, 110, 'HTL', 'transportation')",0.0
opex_costs,"(0, 110, 'HTL', 'water')",0.0
opex_costs,"(0, 110, 'HTL', 'labor')",0.0
opex_costs,"(0, 110, 'HTL', 'diesel')",0.0
opex_costs,"(0, 110, 'HTL', 'TPC')",0.0
opex_costs,"(0, 110, 'HTC', 'heat')",0.0
opex_costs,"(0, 110, 'HTC', 'electricity')",0.0
opex_costs,"(0, 110, 'HTC', 'disposal')",0.0
opex_costs,"(0, 110, 'HTC', 'transportation')",0.0
opex_costs,"(0, 110, 'HTC', 'water')",0.0
opex_costs,"(0, 110, 'HTC', 'labor')",0.0
opex_costs,"(0, 110, 'HTC', 'diesel')",0.0
opex_costs,"(0, 110, 'HTC', 'TPC')",0.0
opex_costs,"(0, 110, 'CHP', 'heat')",0.0
opex_costs,"(0, 110, 'CHP', 'electricity')",0.0
opex_costs,"(0, 110, 'CHP', 'disposal')",0.0
opex_costs,"(0, 110, 'CHP', 'transportation')",0.0
opex_costs,"(0, 110, 'CHP', 'water')",0.0
opex_costs,"(0, 110, 'CHP', 'labor')",0.0
opex_costs,"(0, 110, 'CHP', 'diesel')",0.0
opex_costs,"(0, 110, 'CHP', 'TPC')",509.645891566045
opex_costs,"(0, 110, 'Feedstock', 'heat')",0.0
opex_costs,"(0, 110, 'Feedstock', 'electricity')",0.0
opex_costs,"(0, 110, 'Feedstock', 'disposal')",0.0
opex_costs,"(0, 110, 'Feedstock', 'transportation')",0.0
opex_costs,"(0, 110, 'Feedstock', 'water')",0.0
opex_costs,"(0, 110, 'Feedstock', 'labor')",0.0
opex_costs,"(0, 110, 'Feedstock', 'diesel')",0.0
opex_costs,"(0, 110, 'Feedstock', 'TPC')",0.0
opex_costs,"(0, 111, 'Pyrolysis', 'heat')",0.0
opex_costs,"(0, 111, 'Pyrolysis', 'electricity')",0.0
opex_costs,"(0, 111, 'Pyrolysis', 'disposal')",150.12814479214381
opex_costs,"(0, 111, 'Pyrolysis', 'transportation')",4946.250953967747
opex_costs,"(0, 111, 'Pyrolysis', 'water')",0.0
opex_costs,"(0, 111, 'Pyrolysis', 'labor')",5472.2459732926045
opex_costs,"(0, 111, 'Pyrolysis', 'diesel')",359.3969876625323
opex_costs,"(0, 111, 'Pyrolysis', 'TPC')",35081.05087298876
opex_costs,"(0, 111, 'AD', 'heat')",0.0
opex_costs,"(0, 111, 'AD', 'electricity')",0.0
opex_costs,"(0, 111, 'AD', 'disposal')",0.0
opex_costs,"(0, 111, 'AD', 'transportation')",0.0
opex_costs,"(0, 111, 'AD', 'water')",0.0
opex_costs,"(0, 111, 'AD', 'labor')",0.0
opex_costs,"(0, 111, 'AD', 'diesel')",0.0
opex_costs,"(0, 111, 'AD', 'TPC')",0.0
opex_costs,"(0, 111, 'HTL', 'heat')",0.0
opex_costs,"(0, 111, 'HTL', 'electricity')",0.0
opex_costs,"(0, 111, 'HTL', 'disposal')",0.0
opex_costs,"(0, 111, 'HTL', 'transportation')",0.0
opex_costs,"(0, 111, 'HTL', 'water')",0.0
opex_costs,"(0, 111, 'HTL', 'labor')",0.0
opex_costs,"(0, 111, 'HTL', 'diesel')",0.0
opex_costs,"(0, 111, 'HTL', 'TPC')",0.0
opex_costs,"(0, 111, 'HTC', 'heat')",0.0
opex_costs,"(0, 111, 'HTC', 'electricity')",0.0
opex_costs,"(0, 111, 'HTC', 'disposal')",0.0
opex_costs,"(0, 111, 'HTC', 'transportation')",0.0
opex_costs,"(0, 111, 'HTC', 'water')",0.0
opex_costs,"(0, 111, 'HTC', 'labor')",0.0
opex_costs,"(0, 111, 'HTC', 'diesel')",0.0
opex_costs,"(0, 111, 'HTC', 'TPC')",0.0
opex_costs,"(0, 111, 'CHP', 'heat')",0.0
opex_costs,"(0, 111, 'CHP', 'electricity')",0.0
opex_costs,"(0, 111, 'CHP', 'disposal')",0.0
opex_costs,"(0, 111, 'CHP', 'transportation')",0.0
opex_costs,"(0, 111, 'CHP', 'water')",0.0
opex_costs,"(0, 111, 'CHP', 'labor')",0.0
opex_costs,"(0, 111, 'CHP', 'diesel')",0.0
opex_costs,"(0, 111, 'CHP', 'TPC')",506.78048104670773
opex_costs,"(0, 111, 'Feedstock', 'heat')",0.0
opex_costs,"(0, 111, 'Feedstock', 'electricity')",0.0
opex_costs,"(0, 111, 'Feedstock', 'disposal')",0.0
opex_costs,"(0, 111, 'Feedstock', 'transportation')",0.0
opex_costs,"(0, 111, 'Feedstock', 'water')",0.0
opex_costs,"(0, 111, 'Feedstock', 'labor')",0.0
opex_costs,"(0, 111, 'Feedstock', 'diesel')",0.0
opex_costs,"(0, 111, 'Feedstock', 'TPC')",0.0
opex_costs,"(0, 112, 'Pyrolysis', 'heat')",0.0
opex_costs,"(0, 112, 'Pyrolysis', 'electricity')",0.0
opex_costs,"(0, 112, 'Pyrolysis', 'disposal')",149.28407095258143
opex_costs,"(0, 112, 'Pyrolysis', 'transportation')",4918.441371374566
opex_costs,"(0, 112, 'Pyrolysis', 'water')",0.0
opex_costs,"(0, 112, 'Pyrolysis', 'labor')",5441.47905956729
opex_costs,"(0, 112, 'Pyrolysis', 'diesel')",357.37632993506213
opex_costs,"(0, 112, 'Pyrolysis', 'TPC')",34883.81272417923
opex_costs,"(0, 112, 'AD', 'heat')",0.0
opex_costs,"(0, 112, 'AD', 'electricity')",0.0
opex_costs,"(0, 112, 'AD', 'disposal')",0.0
opex_costs,"(0, 112, 'AD', 'transportation')",0.0
opex_costs,"(0, 112, 'AD', 'water')",0.0
opex_costs,"(0, 112, 'AD', 'labor')",0.0
opex_costs,"(0, 112, 'AD', 'diesel')",0.0
opex_costs,"(0, 112, 'AD', 'TPC')",0.0
opex_costs,"(0, 112, 'HTL', 'heat')",0.0
opex_costs,"(0, 112, 'HTL', 'electricity')",0.0
opex_costs,"(0, 112, 'HTL', 'disposal')",0.0
opex_costs,"(0, 112, 'HTL', 'transportation')",0.0
opex_costs,"(0, 112, 'HTL', 'water')",0.0
opex_costs,"(0, 112, 'HTL', 'labor')",0.0
opex_costs,"(0, 112, 'HTL', 'diesel')",0.0
opex_costs,"(0, 112, 'HTL', 'TPC')",0.0
opex_costs,"(0, 112, 'HTC', 'heat')",0.0
opex_costs,"(0, 112, 'HTC', 'electricity')",0.0
opex_costs,"(0, 112, 'HTC', 'disposal')",0.0
opex_costs,"(0, 112, 'HTC', 'transportation')",0.0
opex_costs,"(0, 112, 'HTC', 'water')",0.0
opex_costs,"(0, 112, 'HTC', 'labor')",0.0
opex_costs,"(0, 112, 'HTC', 'diesel')",0.0
opex_costs,"(0, 112, 'HTC', 'TPC')",0.0
opex_costs,"(0, 112, 'CHP', 'heat')",0.0
opex_costs,"(0, 112, 'CHP', 'electricity')",0.0
opex_costs,"(0, 112, 'CHP', 'disposal')",0.0
opex_costs,"(0, 112, 'CHP', 'transportation')",0.0
opex_costs,"(0, 112, 'CHP', 'water')",0.0
opex_costs,"(0, 112, 'CHP', 'labor')",0.0
opex_costs,"(0, 112, 'CHP', 'diesel')",0.0
opex_costs,"(0, 112, 'CHP', 'TPC')",503.93118088473864
opex_costs,"(0, 112, 'Feedstock', 'heat')",0.0
opex_costs,"(0, 112, 'Feedstock', 'electricity')",0.0
opex_costs,"(0, 112, 'Feedstock', 'disposal')",0.0
opex_costs,"(0, 112, 'Feedstock', 'transportation')",0.0
opex_costs,"(0, 112, 'Feedstock', 'water')",0.0
opex_costs,"(0, 112, 'Feedstock', 'labor')",0.0
opex_costs,"(0, 112, 'Feedstock', 'diesel')",0.0
opex_costs,"(0, 112, 'Feedstock', 'TPC')",0.0
opex_costs,"(0, 113, 'Pyrolysis', 'heat')",0.0
opex_costs,"(0, 113, 'Pyrolysis', 'electricity')",0.0
opex_costs,"(0, 113, 'Pyrolysis', 'disposal')",148.44474279160562
opex_costs,"(0, 113, 'Pyrolysis', 'transportation')",28366.571235527128
opex_costs,"(0, 113, 'Pyrolysis', 'water')",0.0
opex_costs,"(0, 113, 'Pyrolysis', 'labor')",5410.885128376898
opex_costs,"(0, 113, 'Pyrolysis', 'diesel')",2061.1287917336767
opex_costs,"(0, 113, 'Pyrolysis', 'TPC')",34687.68351841381
opex_costs,"(0, 113, 'AD', 'heat')",0.0
opex_costs,"(0, 113, 'AD', 'electricity')",0.0
opex_costs,"(0, 113, 'AD', 'disposal')",0.0
opex_costs,"(0, 113, 'AD', 'transportation')",0.0
opex_costs,"(0, 113, 'AD', 'water')",0.0
opex_costs,"(0, 113, 'AD', 'labor')",0.0
opex_costs,"(0, 113, 'AD', 'diesel')",0.0
opex_costs,"(0, 113, 'AD', 'TPC')",0.0
opex_costs,"(0, 113, 'HTL', 'heat')",0.0
opex_costs,"(0, 113, 'HTL', 'electricity')",0.0
opex_costs,"(0, 113, 'HTL', 'disposal')",0.0
opex_costs,"(0, 113, 'HTL', 'transportation')",0.0
opex_costs,"(0, 113, 'HTL', 'water')",0.0
opex_costs,"(0, 113, 'HTL', 'labor')",0.0
opex_costs,"(0, 113, 'HTL', 'diesel')",0.0
opex_costs,"(0, 113, 'HTL', 'TPC')",0.0
opex_costs,"(0, 113, 'HTC', 'heat')",0.0
opex_costs,"(0, 113, 'HTC', 'electricity')",0.0
opex_costs,"(0, 113, 'HTC', 'disposal')",0.0
opex_costs,"(0, 113, 'HTC', 'transportation')",0.0
opex_costs,"(0, 113, 'HTC', 'water')",0.0
opex_costs,"(0, 113, 'HTC', 'labor')",0.0
opex_costs,"(0, 113, 'HTC', 'diesel')",0.0
opex_costs,"(0, 113, 'HTC', 'TPC')",0.0
opex_costs,"(0, 113, 'CHP', 'heat')",0.0
opex_costs,"(0, 113, 'CHP', 'electricity')",0.0
opex_costs,"(0, 113, 'CHP', 'disposal')",0.0
opex_costs,"(0, 113, 'CHP', 'transportation')",0.0
opex_costs,"(0, 113, 'CHP', 'water')",0.0
opex_costs,"(0, 113, 'CHP', 'labor')",0.0
opex_costs,"(0, 113, 'CHP', 'diesel')",0.0
opex_costs,"(0, 113, 'CHP', 'TPC')",501.09790050197677
opex_costs,"(0, 113, 'Feedstock', 'heat')",0.0
opex_costs,"(0, 113, 'Feedstock', 'electricity')",0.0
opex_costs,"(0, 113, 'Feedstock', 'disposal')",0.0
opex_costs,"(0, 113, 'Feedstock', 'transportation')",0.0
opex_costs,"(0, 113, 'Feedstock', 'water')",0.0
opex_costs,"(0, 113, 'Feedstock', 'labor')",0.0
opex_costs,"(0, 113, 'Feedstock', 'diesel')",0.0
opex_costs,"(0, 113, 'Feedstock', 'TPC')",0.0
opex_costs,"(0, 114, 'Pyrolysis', 'heat')",0.0
opex_costs,"(0, 114, 'Pyrolysis', 'electricity')",0.0
opex_costs,"(0, 114, 'Pyrolysis', 'disposal')",180.4123855543495
opex_costs,"(0, 114, 'Pyrolysis', 'transportation')",4863.2903932042045
opex_costs,"(0, 114, 'Pyrolysis', 'water')",0.0
opex_costs,"(0, 114, 'Pyrolysis', 'labor')",5380.4632071520755
opex_costs,"(0, 114, 'Pyrolysis', 'diesel')",353.36903317524644
opex_costs,"(0, 114, 'Pyrolysis', 'TPC')",34492.657020820196
opex_costs,"(0, 114, 'AD', 'heat')",0.0
opex_costs,"(0, 114, 'AD', 'electricity')",0.0
opex_costs,"(0, 114, 'AD', 'disposal')",0.0
opex_costs,"(0, 114, 'AD', 'transportation')",0.0
opex_costs,"(0, 114, 'AD', 'water')",0.0
opex_costs,"(0, 114, 'AD', 'labor')",0.0
opex_costs,"(0, 114, 'AD', 'diesel')",0.0
opex_costs,"(0, 114, 'AD', 'TPC')",0.0
opex_costs,"(0, 114, 'HTL', 'heat')",0.0
opex_costs,"(0, 114, 'HTL', 'electricity')",0.0
opex_costs,"(0, 114, 'HTL', 'disposal')",0.0
opex_costs,"(0, 114, 'HTL', 'transportation')",0.0
opex_costs,"(0, 114, 'HTL', 'water')",0.0
opex_costs,"(0, 114, 'HTL', 'labor')",0.0
opex_costs,"(0, 114, 'HTL', 'diesel')",0.0
opex_costs,"(0, 114, 'HTL', 'TPC')",0.0
opex_costs,"(0, 114, 'HTC', 'heat')",0.0
opex_costs,"(0, 114, 'HTC', 'electricity')",0.0
opex_costs,"(0, 114, 'HTC', 'disposal')",0.0
opex_costs,"(0, 114, 'HTC', 'transportation')",0.0
opex_costs,"(0, 114, 'HTC', 'water')",0.0
opex_costs,"(0, 114, 'HTC', 'labor')",0.0
opex_costs,"(0, 114, 'HTC', 'diesel')",0.0
opex_costs,"(0, 114, 'HTC', 'TPC')",0.0
opex_costs,"(0, 114, 'CHP', 'heat')",0.0
opex_costs,"(0, 114, 'CHP', 'electricity')",0.0
opex_costs,"(0, 114, 'CHP', 'disposal')",0.0
opex_costs,"(0, 114, 'CHP', 'transportation')",0.0
opex_costs,"(0, 114, 'CHP', 'water')",0.0
opex_costs,"(0, 114, 'CHP', 'labor')",0.0
opex_costs,"(0, 114, 'CHP', 'diesel')",0.0
opex_costs,"(0, 114, 'CHP', 'TPC')",498.28054982952455
opex_costs,"(0, 114, 'Feedstock', 'heat')",0.0
opex_costs,"(0, 114, 'Feedstock', 'electricity')",0.0
opex_costs,"(0, 114, 'Feedstock', 'disposal')",0.0
opex_costs,"(0, 114, 'Feedstock', 'transportation')",0.0
opex_costs,"(0, 114, 'Feedstock', 'water')",0.0
opex_costs,"(0, 114, 'Feedstock', 'labor')",0.0
opex_costs,"(0, 114, 'Feedstock', 'diesel')",0.0
opex_costs,"(0, 114, 'Feedstock', 'TPC')",0.0
opex_costs,"(0, 115, 'Pyrolysis', 'heat')",0.0
opex_costs,"(0, 115, 'Pyrolysis', 'electricity')",0.0
opex_costs,"(0, 115, 'Pyrolysis', 'disposal')",179.39804293736566
opex_costs,"(0, 115, 'Pyrolysis', 'transportation')",4835.947244398553
opex_costs,"(0, 115, 'Pyrolysis', 'water')",0.0
opex_costs,"(0, 115, 'Pyrolysis', 'labor')",5350.212328791599
opex_costs,"(0, 115, 'Pyrolysis', 'diesel')",351.38226675247193
opex_costs,"(0, 115, 'Pyrolysis', 'TPC')",34298.7270315807
opex_costs,"(0, 115, 'AD', 'heat')",0.0
opex_costs,"(0, 115, 'AD', 'electricity')",0.0
opex_costs,"(0, 115, 'AD', 'disposal')",0.0
opex_costs,"(0, 115, 'AD', 'transportation')",0.0
opex_costs,"(0, 115, 'AD', 'water')",0.0
opex_costs,"(0, 115, 'AD', 'labor')",0.0
opex_costs,"(0, 115, 'AD', 'diesel')",0.0
opex_costs,"(0, 115, 'AD', 'TPC')",0.0
opex_costs,"(0, 115, 'HTL', 'heat')",0.0
opex_costs,"(0, 115, 'HTL', 'electricity')",0.0
opex_costs,"(0, 115, 'HTL', 'disposal')",0.0
opex_costs,"(0, 115, 'HTL', 'transportation')",0.0
opex_costs,"(0, 115, 'HTL', 'water')",0.0
opex_costs,"(0, 115, 'HTL', 'labor')",0.0
opex_costs,"(0, 115, 'HTL', 'diesel')",0.0
opex_costs,"(0, 115, 'HTL', 'TPC')",0.0
opex_costs,"(0, 115, 'HTC', 'heat')",0.0
opex_costs,"(0, 115, 'HTC', 'electricity')",0.0
opex_costs,"(0, 115, 'HTC', 'disposal')",0.0
opex_costs,"(0, 115, 'HTC', 'transportation')",0.0
opex_costs,"(0, 115, 'HTC', 'water')",0.0
opex_costs,"(0, 115, 'HTC', 'labor')",0.0
opex_costs,"(0, 115, 'HTC', 'diesel')",0.0
opex_costs,"(0, 115, 'HTC', 'TPC')",0.0
opex_costs,"(0, 115, 'CHP', 'heat')",0.0
opex_costs,"(0, 115, 'CHP', 'electricity')",0.0
opex_costs,"(0, 115, 'CHP', 'disposal')",0.0
opex_costs,"(0, 115, 'CHP', 'transportation')",0.0
opex_costs,"(0, 115, 'CHP', 'water')",0.0
opex_costs,"(0, 115, 'CHP', 'labor')",0.0
opex_costs,"(0, 115, 'CHP', 'diesel')",0.0
opex_costs,"(0, 115, 'CHP', 'TPC')",495.47903930488275
opex_costs,"(0, 115, 'Feedstock', 'heat')",0.0
opex_costs,"(0, 115, 'Feedstock', 'electricity')",0.0
opex_costs,"(0, 115, 'Feedstock', 'disposal')",0.0
opex_costs,"(0, 115, 'Feedstock', 'transportation')",0.0
opex_costs,"(0, 115, 'Feedstock', 'water')",0.0
opex_costs,"(0, 115, 'Feedstock', 'labor')",0.0
opex_costs,"(0, 115, 'Feedstock', 'diesel')",0.0
opex_costs,"(0, 115, 'Feedstock', 'TPC')",0.0
opex_costs,"(0, 116, 'Pyrolysis', 'heat')",0.0
opex_costs,"(0, 116, 'Pyrolysis', 'electricity')",0.0
opex_costs,"(0, 116, 'Pyrolysis', 'disposal')",178.38940331544762
opex_costs,"(0, 116, 'Pyrolysis', 'transportation')",4808.7578285033715
opex_costs,"(0, 116, 'Pyrolysis', 'water')",0.0
opex_costs,"(0, 116, 'Pyrolysis', 'labor')",5320.131531631635
opex_costs,"(0, 116, 'Pyrolysis', 'diesel')",349.40667063735907
opex_costs,"(0, 116, 'Pyrolysis', 'TPC')",34105.88738573529
opex_costs,"(0, 116, 'AD', 'heat')",0.0
opex_costs,"(0, 116, 'AD', 'electricity')",0.0
opex_costs,"(0, 116, 'AD', 'disposal')",0.0
opex_costs,"(0, 116, 'AD', 'transportation')",0.0
opex_costs,"(0, 116, 'AD', 'water')",0.0
opex_costs,"(0, 116, 'AD', 'labor')",0.0
opex_costs,"(0, 116, 'AD', 'diesel')",0.0
opex_costs,"(0, 116, 'AD', 'TPC')",0.0
opex_costs,"(0, 116, 'HTL', 'heat')",0.0
opex_costs,"(0, 116, 'HTL', 'electricity')",0.0
opex_costs,"(0, 116, 'HTL', 'disposal')",0.0
opex_costs,"(0, 116, 'HTL', 'transportation')",0.0
opex_costs,"(0, 116, 'HTL', 'water')",0.0
opex_costs,"(0, 116, 'HTL', 'labor')",0.0
opex_costs,"(0, 116, 'HTL', 'diesel')",0.0
opex_costs,"(0, 116, 'HTL', 'TPC')",0.0
opex_costs,"(0, 116, 'HTC', 'heat')",0.0
opex_costs,"(0, 116, 'HTC', 'electricity')",0.0
opex_costs,"(0, 116, 'HTC', 'disposal')",0.0
opex_costs,"(0, 116, 'HTC', 'transportation')",0.0
opex_costs,"(0, 116, 'HTC', 'water')",0.0
opex_costs,"(0, 116, 'HTC', 'labor')",0.0
opex_costs,"(0, 116, 'HTC', 'diesel')",0.0
opex_costs,"(0, 116, 'HTC', 'TPC')",0.0
opex_costs,"(0, 116, 'CHP', 'heat')",0.0
opex_costs,"(0, 116, 'CHP', 'electricity')",0.0
opex_costs,"(0, 116, 'CHP', 'disposal')",0.0
opex_costs,"(0, 116, 'CHP', 'transportation')",0.0
opex_costs,"(0, 116, 'CHP', 'water')",0.0
opex_costs,"(0, 116, 'CHP', 'labor')",0.0
opex_costs,"(0, 116, 'CHP', 'diesel')",0.0
opex_costs,"(0, 116, 'CHP', 'TPC')",492.6932798691053
opex_costs,"(0, 116, 'Feedstock', 'heat')",0.0
opex_costs,"(0, 116, 'Feedstock', 'electricity')",0.0
opex_costs,"(0, 116, 'Feedstock', 'disposal')",0.0
opex_costs,"(0, 116, 'Feedstock', 'transportation')",0.0
opex_costs,"(0, 116, 'Feedstock', 'water')",0.0
opex_costs,"(0, 116, 'Feedstock', 'labor')",0.0
opex_costs,"(0, 116, 'Feedstock', 'diesel')",0.0
opex_costs,"(0, 116, 'Feedstock', 'TPC')",0.0
opex_costs,"(0, 117, 'Pyrolysis', 'heat')",0.0
opex_costs,"(0, 117, 'Pyrolysis', 'electricity')",0.0
opex_costs,"(0, 117, 'Pyrolysis', 'disposal')",177.38643462432827
opex_costs,"(0, 117, 'Pyrolysis', 'transportation')",4781.721281177544
opex_costs,"(0, 117, 'Pyrolysis', 'water')",0.0
opex_costs,"(0, 117, 'Pyrolysis', 'labor')",5290.219859415163
opex_costs,"(0, 117, 'Pyrolysis', 'diesel')",347.44218202646414
opex_costs,"(0, 117, 'Pyrolysis', 'TPC')",33914.13195298546
opex_costs,"(0, 117, 'AD', 'heat')",0.0
opex_costs,"(0, 117, 'AD', 'electricity')",0.0
opex_costs,"(0, 117, 'AD', 'disposal')",0.0
opex_costs,"(0, 117, 'AD', 'transportation')",0.0
opex_costs,"(0, 117, 'AD', 'water')",0.0
opex_costs,"(0, 117, 'AD', 'labor')",0.0
opex_costs,"(0, 117, 'AD', 'diesel')",0.0
opex_costs,"(0, 117, 'AD', 'TPC')",0.0
opex_costs,"(0, 117, 'HTL', 'heat')",0.0
opex_costs,"(0, 117, 'HTL', 'electricity')",0.0
opex_costs,"(0, 117, 'HTL', 'disposal')",0.0
opex_costs,"(0, 117, 'HTL', 'transportation')",0.0
opex_costs,"(0, 117, 'HTL', 'water')",0.0
opex_costs,"(0, 117, 'HTL', 'labor')",0.0
opex_costs,"(0, 117, 'HTL', 'diesel')",0.0
opex_costs,"(0, 117, 'HTL', 'TPC')",0.0
opex_costs,"(0, 117, 'HTC', 'heat')",0.0
opex_costs,"(0, 117, 'HTC', 'electricity')",0.0
opex_costs,"(0, 117, 'HTC', 'disposal')",0.0
opex_costs,"(0, 117, 'HTC', 'transportation')",0.0
opex_costs,"(0, 117, 'HTC', 'water')",0.0
opex_costs,"(0, 117, 'HTC', 'labor')",0.0
opex_costs,"(0, 117, 'HTC', 'diesel')",0.0
opex_costs,"(0, 117, 'HTC', 'TPC')",0.0
opex_costs,"(0, 117, 'CHP', 'heat')",0.0
opex_costs,"(0, 117, 'CHP', 'electricity')",0.0
opex_costs,"(0, 117, 'CHP', 'disposal')",0.0
opex_costs,"(0, 117, 'CHP', 'transportation')",0.0
opex_costs,"(0, 117, 'CHP', 'water')",0.0
opex_costs,"(0, 117, 'CHP', 'labor')",0.0
opex_costs,"(0, 117, 'CHP', 'diesel')",0.0
opex_costs,"(0, 117, 'CHP', 'TPC')",489.92318296396667
opex_costs,"(0, 117, 'Feedstock', 'heat')",0.0
opex_costs,"(0, 117, 'Feedstock', 'electricity')",0.0
opex_costs,"(0, 117, 'Feedstock', 'disposal')",0.0
opex_costs,"(0, 117, 'Feedstock', 'transportation')",0.0
opex_costs,"(0, 117, 'Feedstock', 'water')",0.0
opex_costs,"(0, 117, 'Feedstock', 'labor')",0.0
opex_costs,"(0, 117, 'Feedstock', 'diesel')",0.0
opex_costs,"(0, 117, 'Feedstock', 'TPC')",0.0
opex_costs,"(0, 118, 'Pyrolysis', 'heat')",0.0
opex_costs,"(0, 118, 'Pyrolysis', 'electricity')",0.0
opex_costs,"(0, 118, 'Pyrolysis', 'disposal')",176.38910498001695
opex_costs,"(0, 118, 'Pyrolysis', 'transportation')",4754.836742939588
opex_costs,"(0, 118, 'Pyrolysis', 'water')",0.0
opex_costs,"(0, 118, 'Pyrolysis', 'labor')",5260.476361261581
opex_costs,"(0, 118, 'Pyrolysis', 'diesel')",345.4887384694467
opex_costs,"(0, 118, 'Pyrolysis', 'TPC')",33723.454637499475
opex_costs,"(0, 118, 'AD', 'heat')",0.0
opex_costs,"(0, 118, 'AD', 'electricity')",0.0
opex_costs,"(0, 118, 'AD', 'disposal')",0.0
opex_costs,"(0, 118, 'AD', 'transportation')",0.0
opex_costs,"(0, 118, 'AD', 'water')",0.0
opex_costs,"(0, 118, 'AD', 'labor')",0.0
opex_costs,"(0, 118, 'AD', 'diesel')",0.0
opex_costs,"(0, 118, 'AD', 'TPC')",0.0
opex_costs,"(0, 118, 'HTL', 'heat')",0.0
opex_costs,"(0, 118, 'HTL', 'electricity')",0.0
opex_costs,"(0, 118, 'HTL', 'disposal')",0.0
opex_costs,"(0, 118, 'HTL', 'transportation')",0.0
opex_costs,"(0, 118, 'HTL', 'water')",0.0
opex_costs,"(0, 118, 'HTL', 'labor')",0.0
opex_costs,"(0, 118, 'HTL', 'diesel')",0.0
opex_costs,"(0, 118, 'HTL', 'TPC')",0.0
opex_costs,"(0, 118, 'HTC', 'heat')",0.0
opex_costs,"(0, 118, 'HTC', 'electricity')",0.0
opex_costs,"(0, 118, 'HTC', 'disposal')",0.0
opex_costs,"(0, 118, 'HTC', 'transportation')",0.0
opex_costs,"(0, 118, 'HTC', 'water')",0.0
opex_costs,"(0, 118, 'HTC', 'labor')",0.0
opex_costs,"(0, 118, 'HTC', 'diesel')",0.0
opex_costs,"(0, 118, 'HTC', 'TPC')",0.0
opex_costs,"(0, 118, 'CHP', 'heat')",0.0
opex_costs,"(0, 118, 'CHP', 'electricity')",0.0
opex_costs,"(0, 118, 'CHP', 'disposal')",0.0
opex_costs,"(0, 118, 'CHP', 'transportation')",0.0
opex_costs,"(0, 118, 'CHP', 'water')",0.0
opex_costs,"(0, 118, 'CHP', 'labor')",0.0
opex_costs,"(0, 118, 'CHP', 'diesel')",0.0
opex_costs,"(0, 118, 'CHP', 'TPC')",487.16866052914736
opex_costs,"(0, 118, 'Feedstock', 'heat')",0.0
opex_costs,"(0, 118, 'Feedstock', 'electricity')",0.0
opex_costs,"(0, 118, 'Feedstock', 'disposal')",0.0
opex_costs,"(0, 118, 'Feedstock', 'transportation')",0.0
opex_costs,"(0, 118, 'Feedstock', 'water')",0.0
opex_costs,"(0, 118, 'Feedstock', 'labor')",0.0
opex_costs,"(0, 118, 'Feedstock', 'diesel')",0.0
opex_costs,"(0, 118, 'Feedstock', 'TPC')",0.0
opex_costs,"(0, 119, 'Pyrolysis', 'heat')",0.0
opex_costs,"(0, 119, 'Pyrolysis', 'electricity')",0.0
opex_costs,"(0, 119, 'Pyrolysis', 'disposal')",175.39738267778637
opex_costs,"(0, 119, 'Pyrolysis', 'transportation')",4728.103359140328
opex_costs,"(0, 119, 'Pyrolysis', 'water')",0.0
opex_costs,"(0, 119, 'Pyrolysis', 'labor')",5230.900091636477
opex_costs,"(0, 119, 'Pyrolysis', 'diesel')",343.5462778670842
opex_costs,"(0, 119, 'Pyrolysis', 'TPC')",33533.8493777185
opex_costs,"(0, 119, 'AD', 'heat')",0.0
opex_costs,"(0, 119, 'AD', 'electricity')",0.0
opex_costs,"(0, 119, 'AD', 'disposal')",0.0
opex_costs,"(0, 119, 'AD', 'transportation')",0.0
opex_costs,"(0, 119, 'AD', 'water')",0.0
opex_costs,"(0, 119, 'AD', 'labor')",0.0
opex_costs,"(0, 119, 'AD', 'diesel')",0.0
opex_costs,"(0, 119, 'AD', 'TPC')",0.0
opex_costs,"(0, 119, 'HTL', 'heat')",0.0
opex_costs,"(0, 119, 'HTL', 'electricity')",0.0
opex_costs,"(0, 119, 'HTL', 'disposal')",0.0
opex_costs,"(0, 119, 'HTL', 'transportation')",0.0
opex_costs,"(0, 119, 'HTL', 'water')",0.0
opex_costs,"(0, 119, 'HTL', 'labor')",0.0
opex_costs,"(0, 119, 'HTL', 'diesel')",0.0
opex_costs,"(0, 119, 'HTL', 'TPC')",0.0
opex_costs,"(0, 119, 'HTC', 'heat')",0.0
opex_costs,"(0, 119, 'HTC', 'electricity')",0.0
opex_costs,"(0, 119, 'HTC', 'disposal')",0.0
opex_costs,"(0, 119, 'HTC', 'transportation')",0.0
opex_costs,"(0, 119, 'HTC', 'water')",0.0
opex_costs,"(0, 119, 'HTC', 'labor')",0.0
opex_costs,"(0, 119, 'HTC', 'diesel')",0.0
opex_costs,"(0, 119, 'HTC', 'TPC')",0.0
opex_costs,"(0, 119, 'CHP', 'heat')",0.0
opex_costs,"(0, 119, 'CHP', 'electricity')",0.0
opex_costs,"(0, 119, 'CHP', 'disposal')",0.0
opex_costs,"(0, 119, 'CHP', 'transportation')",0.0
opex_costs,"(0, 119, 'CHP', 'water')",0.0
opex_costs,"(0, 119, 'CHP', 'labor')",0.0
opex_costs,"(0, 119, 'CHP', 'diesel')",0.0
opex_costs,"(0, 119, 'CHP', 'TPC')",484.42962499943434
opex_costs,"(0, 119, 'Feedstock', 'heat')",0.0
opex_costs,"(0, 119, 'Feedstock', 'electricity')",0.0
opex_costs,"(0, 119, 'Feedstock', 'disposal')",0.0
opex_costs,"(0, 119, 'Feedstock', 'transportation')",0.0
opex_costs,"(0, 119, 'Feedstock', 'water')",0.0
opex_costs,"(0, 119, 'Feedstock', 'labor')",0.0
opex_costs,"(0, 119, 'Feedstock', 'diesel')",0.0
opex_costs,"(0, 119, 'Feedstock', 'TPC')",0.0
Variable,opex_revenues
opex_revenues,"(0, 0, 'Pyrolysis', 'avoided fertilizer')",0.0
opex_revenues,"(0, 0, 'Pyrolysis', 'bio oil')",92952.51840000044
opex_revenues,"(0, 0, 'Pyrolysis', 'avoided coal')",0.0
opex_revenues,"(0, 0, 'Pyrolysis', 'electricity')",0.0
opex_revenues,"(0, 0, 'Pyrolysis', 'potting media')",0.0
opex_revenues,"(0, 0, 'Pyrolysis', 'incentive 1')",0.0
opex_revenues,"(0, 0, 'Pyrolysis', 'incentive 2')",0.0
opex_revenues,"(0, 0, 'AD', 'avoided fertilizer')",0.0
opex_revenues,"(0, 0, 'AD', 'bio oil')",0.0
opex_revenues,"(0, 0, 'AD', 'avoided coal')",0.0
opex_revenues,"(0, 0, 'AD', 'electricity')",0.0
opex_revenues,"(0, 0, 'AD', 'potting media')",0.0
opex_revenues,"(0, 0, 'AD', 'incentive 1')",0.0
opex_revenues,"(0, 0, 'AD', 'incentive 2')",0.0
opex_revenues,"(0, 0, 'HTL', 'avoided fertilizer')",0.0
opex_revenues,"(0, 0, 'HTL', 'bio oil')",0.0
opex_revenues,"(0, 0, 'HTL', 'avoided coal')",0.0
opex_revenues,"(0, 0, 'HTL', 'electricity')",0.0
opex_revenues,"(0, 0, 'HTL', 'potting media')",0.0
opex_revenues,"(0, 0, 'HTL', 'incentive 1')",0.0
opex_revenues,"(0, 0, 'HTL', 'incentive 2')",0.0
opex_revenues,"(0, 0, 'HTC', 'avoided fertilizer')",0.0
opex_revenues,"(0, 0, 'HTC', 'bio oil')",0.0
opex_revenues,"(0, 0, 'HTC', 'avoided coal')",0.0
opex_revenues,"(0, 0, 'HTC', 'electricity')",0.0
opex_revenues,"(0, 0, 'HTC', 'potting media')",0.0
opex_revenues,"(0, 0, 'HTC', 'incentive 1')",0.0
opex_revenues,"(0, 0, 'HTC', 'incentive 2')",0.0
opex_revenues,"(0, 0, 'CHP', 'avoided fertilizer')",0.0
opex_revenues,"(0, 0, 'CHP', 'bio oil')",0.0
opex_revenues,"(0, 0, 'CHP', 'avoided coal')",0.0
opex_revenues,"(0, 0, 'CHP', 'electricity')",48179.08685128568
opex_revenues,"(0, 0, 'CHP', 'potting media')",0.0
opex_revenues,"(0, 0, 'CHP', 'incentive 1')",0.0
opex_revenues,"(0, 0, 'CHP', 'incentive 2')",0.0
opex_revenues,"(0, 0, 'Feedstock', 'avoided fertilizer')",0.0
opex_revenues,"(0, 0, 'Feedstock', 'bio oil')",0.0
opex_revenues,"(0, 0, 'Feedstock', 'avoided coal')",0.0
opex_revenues,"(0, 0, 'Feedstock', 'electricity')",0.0
opex_revenues,"(0, 0, 'Feedstock', 'potting media')",0.0
opex_revenues,"(0, 0, 'Feedstock', 'incentive 1')",0.0
opex_revenues,"(0, 0, 'Feedstock', 'incentive 2')",0.0
opex_revenues,"(0, 1, 'Pyrolysis', 'avoided fertilizer')",0.0
opex_revenues,"(0, 1, 'Pyrolysis', 'bio oil')",96968.87488306077
opex_revenues,"(0, 1, 'Pyrolysis', 'avoided coal')",0.0
opex_revenues,"(0, 1, 'Pyrolysis', 'electricity')",0.0
opex_revenues,"(0, 1, 'Pyrolysis', 'potting media')",0.0
opex_revenues,"(0, 1, 'Pyrolysis', 'incentive 1')",0.0
opex_revenues,"(0, 1, 'Pyrolysis', 'incentive 2')",0.0
opex_revenues,"(0, 1, 'AD', 'avoided fertilizer')",0.0
opex_revenues,"(0, 1, 'AD', 'bio oil')",0.0
opex_revenues,"(0, 1, 'AD', 'avoided coal')",0.0
opex_revenues,"(0, 1, 'AD', 'electricity')",0.0
opex_revenues,"(0, 1, 'AD', 'potting media')",0.0
opex_revenues,"(0, 1, 'AD', 'incentive 1')",0.0
opex_revenues,"(0, 1, 'AD', 'incentive 2')",0.0
opex_revenues,"(0, 1, 'HTL', 'avoided fertilizer')",0.0
opex_revenues,"(0, 1, 'HTL', 'bio oil')",0.0
opex_revenues,"(0, 1, 'HTL', 'avoided coal')",0.0
opex_revenues,"(0, 1, 'HTL', 'electricity')",0.0
opex_revenues,"(0, 1, 'HTL', 'potting media')",0.0
opex_revenues,"(0, 1, 'HTL', 'incentive 1')",0.0
opex_revenues,"(0, 1, 'HTL', 'incentive 2')",0.0
opex_revenues,"(0, 1, 'HTC', 'avoided fertilizer')",0.0
opex_revenues,"(0, 1, 'HTC', 'bio oil')",0.0
opex_revenues,"(0, 1, 'HTC', 'avoided coal')",0.0
opex_revenues,"(0, 1, 'HTC', 'electricity')",0.0
opex_revenues,"(0, 1, 'HTC', 'potting media')",0.0
opex_revenues,"(0, 1, 'HTC', 'incentive 1')",0.0
opex_revenues,"(0, 1, 'HTC', 'incentive 2')",0.0
opex_revenues,"(0, 1, 'CHP', 'avoided fertilizer')",0.0
opex_revenues,"(0, 1, 'CHP', 'bio oil')",0.0
opex_revenues,"(0, 1, 'CHP', 'avoided coal')",0.0
opex_revenues,"(0, 1, 'CHP', 'electricity')",13048.927944212555
opex_revenues,"(0, 1, 'CHP', 'potting media')",0.0
opex_revenues,"(0, 1, 'CHP', 'incentive 1')",0.0
opex_revenues,"(0, 1, 'CHP', 'incentive 2')",0.0
opex_revenues,"(0, 1, 'Feedstock', 'avoided fertilizer')",0.0
opex_revenues,"(0, 1, 'Feedstock', 'bio oil')",0.0
opex_revenues,"(0, 1, 'Feedstock', 'avoided coal')",0.0
opex_revenues,"(0, 1, 'Feedstock', 'electricity')",0.0
opex_revenues,"(0, 1, 'Feedstock', 'potting media')",0.0
opex_revenues,"(0, 1, 'Feedstock', 'incentive 1')",0.0
opex_revenues,"(0, 1, 'Feedstock', 'incentive 2')",0.0
opex_revenues,"(0, 2, 'Pyrolysis', 'avoided fertilizer')",0.0
opex_revenues,"(0, 2, 'Pyrolysis', 'bio oil')",96423.68137010098
opex_revenues,"(0, 2, 'Pyrolysis', 'avoided coal')",0.0
opex_revenues,"(0, 2, 'Pyrolysis', 'electricity')",0.0
opex_revenues,"(0, 2, 'Pyrolysis', 'potting media')",0.0
opex_revenues,"(0, 2, 'Pyrolysis', 'incentive 1')",0.0
opex_revenues,"(0, 2, 'Pyrolysis', 'incentive 2')",0.0
opex_revenues,"(0, 2, 'AD', 'avoided fertilizer')",0.0
opex_revenues,"(0, 2, 'AD', 'bio oil')",0.0
opex_revenues,"(0, 2, 'AD', 'avoided coal')",0.0
opex_revenues,"(0, 2, 'AD', 'electricity')",0.0
opex_revenues,"(0, 2, 'AD', 'potting media')",0.0
opex_revenues,"(0, 2, 'AD', 'incentive 1')",0.0
opex_revenues,"(0, 2, 'AD', 'incentive 2')",0.0
opex_revenues,"(0, 2, 'HTL', 'avoided fertilizer')",0.0
opex_revenues,"(0, 2, 'HTL', 'bio oil')",0.0
opex_revenues,"(0, 2, 'HTL', 'avoided coal')",0.0
opex_revenues,"(0, 2, 'HTL', 'electricity')",0.0
opex_revenues,"(0, 2, 'HTL', 'potting media')",0.0
opex_revenues,"(0, 2, 'HTL', 'incentive 1')",0.0
opex_revenues,"(0, 2, 'HTL', 'incentive 2')",0.0
opex_revenues,"(0, 2, 'HTC', 'avoided fertilizer')",0.0
opex_revenues,"(0, 2, 'HTC', 'bio oil')",0.0
opex_revenues,"(0, 2, 'HTC', 'avoided coal')",0.0
opex_revenues,"(0, 2, 'HTC', 'electricity')",0.0
opex_revenues,"(0, 2, 'HTC', 'potting media')",0.0
opex_revenues,"(0, 2, 'HTC', 'incentive 1')",0.0
opex_revenues,"(0, 2, 'HTC', 'incentive 2')",0.0
opex_revenues,"(0, 2, 'CHP', 'avoided fertilizer')",0.0
opex_revenues,"(0, 2, 'CHP', 'bio oil')",0.0
opex_revenues,"(0, 2, 'CHP', 'avoided coal')",0.0
opex_revenues,"(0, 2, 'CHP', 'electricity')",12975.562228927733
opex_revenues,"(0, 2, 'CHP', 'potting media')",0.0
opex_revenues,"(0, 2, 'CHP', 'incentive 1')",0.0
opex_revenues,"(0, 2, 'CHP', 'incentive 2')",0.0
opex_revenues,"(0, 2, 'Feedstock', 'avoided fertilizer')",0.0
opex_revenues,"(0, 2, 'Feedstock', 'bio oil')",0.0
opex_revenues,"(0, 2, 'Feedstock', 'avoided coal')",0.0
opex_revenues,"(0, 2, 'Feedstock', 'electricity')",0.0
opex_revenues,"(0, 2, 'Feedstock', 'potting media')",0.0
opex_revenues,"(0, 2, 'Feedstock', 'incentive 1')",0.0
opex_revenues,"(0, 2, 'Feedstock', 'incentive 2')",0.0
opex_revenues,"(0, 3, 'Pyrolysis', 'avoided fertilizer')",0.0
opex_revenues,"(0, 3, 'Pyrolysis', 'bio oil')",95881.55312874087
opex_revenues,"(0, 3, 'Pyrolysis', 'avoided coal')",0.0
opex_revenues,"(0, 3, 'Pyrolysis', 'electricity')",0.0
opex_revenues,"(0, 3, 'Pyrolysis', 'potting media')",0.0
opex_revenues,"(0, 3, 'Pyrolysis', 'incentive 1')",0.0
opex_revenues,"(0, 3, 'Pyrolysis', 'incentive 2')",0.0
opex_revenues,"(0, 3, 'AD', 'avoided fertilizer')",0.0
opex_revenues,"(0, 3, 'AD', 'bio oil')",0.0
opex_revenues,"(0, 3, 'AD', 'avoided coal')",0.0
opex_revenues,"(0, 3, 'AD', 'electricity')",0.0
opex_revenues,"(0, 3, 'AD', 'potting media')",0.0
opex_revenues,"(0, 3, 'AD', 'incentive 1')",0.0
opex_revenues,"(0, 3, 'AD', 'incentive 2')",0.0
opex_revenues,"(0, 3, 'HTL', 'avoided fertilizer')",0.0
opex_revenues,"(0, 3, 'HTL', 'bio oil')",0.0
opex_revenues,"(0, 3, 'HTL', 'avoided coal')",0.0
opex_revenues,"(0, 3, 'HTL', 'electricity')",0.0
opex_revenues,"(0, 3, 'HTL', 'potting media')",0.0
opex_revenues,"(0, 3, 'HTL', 'incentive 1')",0.0
opex_revenues,"(0, 3, 'HTL', 'incentive 2')",0.0
opex_revenues,"(0, 3, 'HTC', 'avoided fertilizer')",0.0
opex_revenues,"(0, 3, 'HTC', 'bio oil')",0.0
opex_revenues,"(0, 3, 'HTC', 'avoided coal')",0.0
opex_revenues,"(0, 3, 'HTC', 'electricity')",0.0
opex_revenues,"(0, 3, 'HTC', 'potting media')",0.0
opex_revenues,"(0, 3, 'HTC', 'incentive 1')",0.0
opex_revenues,"(0, 3, 'HTC', 'incentive 2')",0.0
opex_revenues,"(0, 3, 'CHP', 'avoided fertilizer')",0.0
opex_revenues,"(0, 3, 'CHP', 'bio oil')",0.0
opex_revenues,"(0, 3, 'CHP', 'avoided coal')",0.0
opex_revenues,"(0, 3, 'CHP', 'electricity')",12902.609001754965
opex_revenues,"(0, 3, 'CHP', 'potting media')",0.0
opex_revenues,"(0, 3, 'CHP', 'incentive 1')",0.0
opex_revenues,"(0, 3, 'CHP', 'incentive 2')",0.0
opex_revenues,"(0, 3, 'Feedstock', 'avoided fertilizer')",0.0
opex_revenues,"(0, 3, 'Feedstock', 'bio oil')",0.0
opex_revenues,"(0, 3, 'Feedstock', 'avoided coal')",0.0
opex_revenues,"(0, 3, 'Feedstock', 'electricity')",0.0
opex_revenues,"(0, 3, 'Feedstock', 'potting media')",0.0
opex_revenues,"(0, 3, 'Feedstock', 'incentive 1')",0.0
opex_revenues,"(0, 3, 'Feedstock', 'incentive 2')",0.0
opex_revenues,"(0, 4, 'Pyrolysis', 'avoided fertilizer')",0.0
opex_revenues,"(0, 4, 'Pyrolysis', 'bio oil')",95342.47292522687
opex_revenues,"(0, 4, 'Pyrolysis', 'avoided coal')",0.0
opex_revenues,"(0, 4, 'Pyrolysis', 'electricity')",0.0
opex_revenues,"(0, 4, 'Pyrolysis', 'potting media')",0.0
opex_revenues,"(0, 4, 'Pyrolysis', 'incentive 1')",0.0
opex_revenues,"(0, 4, 'Pyrolysis', 'incentive 2')",0.0
opex_revenues,"(0, 4, 'AD', 'avoided fertilizer')",0.0
opex_revenues,"(0, 4, 'AD', 'bio oil')",0.0
opex_revenues,"(0, 4, 'AD', 'avoided coal')",0.0
opex_revenues,"(0, 4, 'AD', 'electricity')",0.0
opex_revenues,"(0, 4, 'AD', 'potting media')",0.0
opex_revenues,"(0, 4, 'AD', 'incentive 1')",0.0
opex_revenues,"(0, 4, 'AD', 'incentive 2')",0.0
opex_revenues,"(0, 4, 'HTL', 'avoided fertilizer')",0.0
opex_revenues,"(0, 4, 'HTL', 'bio oil')",0.0
opex_revenues,"(0, 4, 'HTL', 'avoided coal')",0.0
opex_revenues,"(0, 4, 'HTL', 'electricity')",0.0
opex_revenues,"(0, 4, 'HTL', 'potting media')",0.0
opex_revenues,"(0, 4, 'HTL', 'incentive 1')",0.0
opex_revenues,"(0, 4, 'HTL', 'incentive 2')",0.0
opex_revenues,"(0, 4, 'HTC', 'avoided fertilizer')",0.0
opex_revenues,"(0, 4, 'HTC', 'bio oil')",0.0
opex_revenues,"(0, 4, 'HTC', 'avoided coal')",0.0
opex_revenues,"(0, 4, 'HTC', 'electricity')",0.0
opex_revenues,"(0, 4, 'HTC', 'potting media')",0.0
opex_revenues,"(0, 4, 'HTC', 'incentive 1')",0.0
opex_revenues,"(0, 4, 'HTC', 'incentive 2')",0.0
opex_revenues,"(0, 4, 'CHP', 'avoided fertilizer')",0.0
opex_revenues,"(0, 4, 'CHP', 'bio oil')",0.0
opex_revenues,"(0, 4, 'CHP', 'avoided coal')",0.0
opex_revenues,"(0, 4, 'CHP', 'electricity')",12830.065943579968
opex_revenues,"(0, 4, 'CHP', 'potting media')",0.0
opex_revenues,"(0, 4, 'CHP', 'incentive 1')",0.0
opex_revenues,"(0, 4, 'CHP', 'incentive 2')",0.0
opex_revenues,"(0, 4, 'Feedstock', 'avoided fertilizer')",0.0
opex_revenues,"(0, 4, 'Feedstock', 'bio oil')",0.0
opex_revenues,"(0, 4, 'Feedstock', 'avoided coal')",0.0
opex_revenues,"(0, 4, 'Feedstock', 'electricity')",0.0
opex_revenues,"(0, 4, 'Feedstock', 'potting media')",0.0
opex_revenues,"(0, 4, 'Feedstock', 'incentive 1')",0.0
opex_revenues,"(0, 4, 'Feedstock', 'incentive 2')",0.0
opex_revenues,"(0, 5, 'Pyrolysis', 'avoided fertilizer')",241168.5566762691
opex_revenues,"(0, 5, 'Pyrolysis', 'bio oil')",94806.42362240587
opex_revenues,"(0, 5, 'Pyrolysis', 'avoided coal')",0.0
opex_revenues,"(0, 5, 'Pyrolysis', 'electricity')",0.0
opex_revenues,"(0, 5, 'Pyrolysis', 'potting media')",0.0
opex_revenues,"(0, 5, 'Pyrolysis', 'incentive 1')",0.0
opex_revenues,"(0, 5, 'Pyrolysis', 'incentive 2')",0.0
opex_revenues,"(0, 5, 'AD', 'avoided fertilizer')",0.0
opex_revenues,"(0, 5, 'AD', 'bio oil')",0.0
opex_revenues,"(0, 5, 'AD', 'avoided coal')",0.0
opex_revenues,"(0, 5, 'AD', 'electricity')",0.0
opex_revenues,"(0, 5, 'AD', 'potting media')",0.0
opex_revenues,"(0, 5, 'AD', 'incentive 1')",0.0
opex_revenues,"(0, 5, 'AD', 'incentive 2')",0.0
opex_revenues,"(0, 5, 'HTL', 'avoided fertilizer')",0.0
opex_revenues,"(0, 5, 'HTL', 'bio oil')",0.0
opex_revenues,"(0, 5, 'HTL', 'avoided coal')",0.0
opex_revenues,"(0, 5, 'HTL', 'electricity')",0.0
opex_revenues,"(0, 5, 'HTL', 'potting media')",0.0
opex_revenues,"(0, 5, 'HTL', 'incentive 1')",0.0
opex_revenues,"(0, 5, 'HTL', 'incentive 2')",0.0
opex_revenues,"(0, 5, 'HTC', 'avoided fertilizer')",0.0
opex_revenues,"(0, 5, 'HTC', 'bio oil')",0.0
opex_revenues,"(0, 5, 'HTC', 'avoided coal')",0.0
opex_revenues,"(0, 5, 'HTC', 'electricity')",0.0
opex_revenues,"(0, 5, 'HTC', 'potting media')",0.0
opex_revenues,"(0, 5, 'HTC', 'incentive 1')",0.0
opex_revenues,"(0, 5, 'HTC', 'incentive 2')",0.0
opex_revenues,"(0, 5, 'CHP', 'avoided fertilizer')",0.0
opex_revenues,"(0, 5, 'CHP', 'bio oil')",0.0
opex_revenues,"(0, 5, 'CHP', 'avoided coal')",0.0
opex_revenues,"(0, 5, 'CHP', 'electricity')",12757.930748286708
opex_revenues,"(0, 5, 'CHP', 'potting media')",0.0
opex_revenues,"(0, 5, 'CHP', 'incentive 1')",0.0
opex_revenues,"(0, 5, 'CHP', 'incentive 2')",0.0
opex_revenues,"(0, 5, 'Feedstock', 'avoided fertilizer')",0.0
opex_revenues,"(0, 5, 'Feedstock', 'bio oil')",0.0
opex_revenues,"(0, 5, 'Feedstock', 'avoided coal')",0.0
opex_revenues,"(0, 5, 'Feedstock', 'electricity')",0.0
opex_revenues,"(0, 5, 'Feedstock', 'potting media')",0.0
opex_revenues,"(0, 5, 'Feedstock', 'incentive 1')",0.0
opex_revenues,"(0, 5, 'Feedstock', 'incentive 2')",0.0
opex_revenues,"(0, 6, 'Pyrolysis', 'avoided fertilizer')",0.0
opex_revenues,"(0, 6, 'Pyrolysis', 'bio oil')",89860.59128596845
opex_revenues,"(0, 6, 'Pyrolysis', 'avoided coal')",0.0
opex_revenues,"(0, 6, 'Pyrolysis', 'electricity')",0.0
opex_revenues,"(0, 6, 'Pyrolysis', 'potting media')",0.0
opex_revenues,"(0, 6, 'Pyrolysis', 'incentive 1')",0.0
opex_revenues,"(0, 6, 'Pyrolysis', 'incentive 2')",0.0
opex_revenues,"(0, 6, 'AD', 'avoided fertilizer')",0.0
opex_revenues,"(0, 6, 'AD', 'bio oil')",0.0
opex_revenues,"(0, 6, 'AD', 'avoided coal')",0.0
opex_revenues,"(0, 6, 'AD', 'electricity')",0.0
opex_revenues,"(0, 6, 'AD', 'potting media')",0.0
opex_revenues,"(0, 6, 'AD', 'incentive 1')",0.0
opex_revenues,"(0, 6, 'AD', 'incentive 2')",0.0
opex_revenues,"(0, 6, 'HTL', 'avoided fertilizer')",0.0
opex_revenues,"(0, 6, 'HTL', 'bio oil')",0.0
opex_revenues,"(0, 6, 'HTL', 'avoided coal')",0.0
opex_revenues,"(0, 6, 'HTL', 'electricity')",0.0
opex_revenues,"(0, 6, 'HTL', 'potting media')",0.0
opex_revenues,"(0, 6, 'HTL', 'incentive 1')",0.0
opex_revenues,"(0, 6, 'HTL', 'incentive 2')",0.0
opex_revenues,"(0, 6, 'HTC', 'avoided fertilizer')",0.0
opex_revenues,"(0, 6, 'HTC', 'bio oil')",0.0
opex_revenues,"(0, 6, 'HTC', 'avoided coal')",0.0
opex_revenues,"(0, 6, 'HTC', 'electricity')",0.0
opex_revenues,"(0, 6, 'HTC', 'potting media')",0.0
opex_revenues,"(0, 6, 'HTC', 'incentive 1')",0.0
opex_revenues,"(0, 6, 'HTC', 'incentive 2')",0.0
opex_revenues,"(0, 6, 'CHP', 'avoided fertilizer')",0.0
opex_revenues,"(0, 6, 'CHP', 'bio oil')",0.0
opex_revenues,"(0, 6, 'CHP', 'avoided coal')",0.0
opex_revenues,"(0, 6, 'CHP', 'electricity')",51212.04180903589
opex_revenues,"(0, 6, 'CHP', 'potting media')",0.0
opex_revenues,"(0, 6, 'CHP', 'incentive 1')",0.0
opex_revenues,"(0, 6, 'CHP', 'incentive 2')",0.0
opex_revenues,"(0, 6, 'Feedstock', 'avoided fertilizer')",0.0
opex_revenues,"(0, 6, 'Feedstock', 'bio oil')",0.0
opex_revenues,"(0, 6, 'Feedstock', 'avoided coal')",0.0
opex_revenues,"(0, 6, 'Feedstock', 'electricity')",0.0
opex_revenues,"(0, 6, 'Feedstock', 'potting media')",0.0
opex_revenues,"(0, 6, 'Feedstock', 'incentive 1')",0.0
opex_revenues,"(0, 6, 'Feedstock', 'incentive 2')",0.0
opex_revenues,"(0, 7, 'Pyrolysis', 'avoided fertilizer')",0.0
opex_revenues,"(0, 7, 'Pyrolysis', 'bio oil')",89355.36307230026
opex_revenues,"(0, 7, 'Pyrolysis', 'avoided coal')",0.0
opex_revenues,"(0, 7, 'Pyrolysis', 'electricity')",0.0
opex_revenues,"(0, 7, 'Pyrolysis', 'potting media')",0.0
opex_revenues,"(0, 7, 'Pyrolysis', 'incentive 1')",0.0
opex_revenues,"(0, 7, 'Pyrolysis', 'incentive 2')",0.0
opex_revenues,"(0, 7, 'AD', 'avoided fertilizer')",0.0
opex_revenues,"(0, 7, 'AD', 'bio oil')",0.0
opex_revenues,"(0, 7, 'AD', 'avoided coal')",0.0
opex_revenues,"(0, 7, 'AD', 'electricity')",0.0
opex_revenues,"(0, 7, 'AD', 'potting media')",0.0
opex_revenues,"(0, 7, 'AD', 'incentive 1')",0.0
opex_revenues,"(0, 7, 'AD', 'incentive 2')",0.0
opex_revenues,"(0, 7, 'HTL', 'avoided fertilizer')",0.0
opex_revenues,"(0, 7, 'HTL', 'bio oil')",0.0
opex_revenues,"(0, 7, 'HTL', 'avoided coal')",0.0
opex_revenues,"(0, 7, 'HTL', 'electricity')",0.0
opex_revenues,"(0, 7, 'HTL', 'potting media')",0.0
opex_revenues,"(0, 7, 'HTL', 'incentive 1')",0.0
opex_revenues,"(0, 7, 'HTL', 'incentive 2')",0.0
opex_revenues,"(0, 7, 'HTC', 'avoided fertilizer')",0.0
opex_revenues,"(0, 7, 'HTC', 'bio oil')",0.0
opex_revenues,"(0, 7, 'HTC', 'avoided coal')",0.0
opex_revenues,"(0, 7, 'HTC', 'electricity')",0.0
opex_revenues,"(0, 7, 'HTC', 'potting media')",0.0
opex_revenues,"(0, 7, 'HTC', 'incentive 1')",0.0
opex_revenues,"(0, 7, 'HTC', 'incentive 2')",0.0
opex_revenues,"(0, 7, 'CHP', 'avoided fertilizer')",0.0
opex_revenues,"(0, 7, 'CHP', 'bio oil')",0.0
opex_revenues,"(0, 7, 'CHP', 'avoided coal')",0.0
opex_revenues,"(0, 7, 'CHP', 'electricity')",50924.10949025385
opex_revenues,"(0, 7, 'CHP', 'potting media')",0.0
opex_revenues,"(0, 7, 'CHP', 'incentive 1')",0.0
opex_revenues,"(0, 7, 'CHP', 'incentive 2')",0.0
opex_revenues,"(0, 7, 'Feedstock', 'avoided fertilizer')",0.0
opex_revenues,"(0, 7, 'Feedstock', 'bio oil')",0.0
opex_revenues,"(0, 7, 'Feedstock', 'avoided coal')",0.0
opex_revenues,"(0, 7, 'Feedstock', 'electricity')",0.0
opex_revenues,"(0, 7, 'Feedstock', 'potting media')",0.0
opex_revenues,"(0, 7, 'Feedstock', 'incentive 1')",0.0
opex_revenues,"(0, 7, 'Feedstock', 'incentive 2')",0.0
opex_revenues,"(0, 8, 'Pyrolysis', 'avoided fertilizer')",0.0
opex_revenues,"(0, 8, 'Pyrolysis', 'bio oil')",88852.97543082545
opex_revenues,"(0, 8, 'Pyrolysis', 'avoided coal')",0.0
opex_revenues,"(0, 8, 'Pyrolysis', 'electricity')",0.0
opex_revenues,"(0, 8, 'Pyrolysis', 'potting media')",0.0
opex_revenues,"(0, 8, 'Pyrolysis', 'incentive 1')",0.0
opex_revenues,"(0, 8, 'Pyrolysis', 'incentive 2')",0.0
opex_revenues,"(0, 8, 'AD', 'avoided fertilizer')",0.0
opex_revenues,"(0, 8, 'AD', 'bio oil')",0.0
opex_revenues,"(0, 8, 'AD', 'avoided coal')",0.0
opex_revenues,"(0, 8, 'AD', 'electricity')",0.0
opex_revenues,"(0, 8, 'AD', 'potting media')",0.0
opex_revenues,"(0, 8, 'AD', 'incentive 1')",0.0
opex_revenues,"(0, 8, 'AD', 'incentive 2')",0.0
opex_revenues,"(0, 8, 'HTL', 'avoided fertilizer')",0.0
opex_revenues,"(0, 8, 'HTL', 'bio oil')",0.0
opex_revenues,"(0, 8, 'HTL', 'avoided coal')",0.0
opex_revenues,"(0, 8, 'HTL', 'electricity')",0.0
opex_revenues,"(0, 8, 'HTL', 'potting media')",0.0
opex_revenues,"(0, 8, 'HTL', 'incentive 1')",0.0
opex_revenues,"(0, 8, 'HTL', 'incentive 2')",0.0
opex_revenues,"(0, 8, 'HTC', 'avoided fertilizer')",0.0
opex_revenues,"(0, 8, 'HTC', 'bio oil')",0.0
opex_revenues,"(0, 8, 'HTC', 'avoided coal')",0.0
opex_revenues,"(0, 8, 'HTC', 'electricity')",0.0
opex_revenues,"(0, 8, 'HTC', 'potting media')",0.0
opex_revenues,"(0, 8, 'HTC', 'incentive 1')",0.0
opex_revenues,"(0, 8, 'HTC', 'incentive 2')",0.0
opex_revenues,"(0, 8, 'CHP', 'avoided fertilizer')",0.0
opex_revenues,"(0, 8, 'CHP', 'bio oil')",0.0
opex_revenues,"(0, 8, 'CHP', 'avoided coal')",0.0
opex_revenues,"(0, 8, 'CHP', 'electricity')",50637.796029405814
opex_revenues,"(0, 8, 'CHP', 'potting media')",0.0
opex_revenues,"(0, 8, 'CHP', 'incentive 1')",0.0
opex_revenues,"(0, 8, 'CHP', 'incentive 2')",0.0
opex_revenues,"(0, 8, 'Feedstock', 'avoided fertilizer')",0.0
opex_revenues,"(0, 8, 'Feedstock', 'bio oil')",0.0
opex_revenues,"(0, 8, 'Feedstock', 'avoided coal')",0.0
opex_revenues,"(0, 8, 'Feedstock', 'electricity')",0.0
opex_revenues,"(0, 8, 'Feedstock', 'potting media')",0.0
opex_revenues,"(0, 8, 'Feedstock', 'incentive 1')",0.0
opex_revenues,"(0, 8, 'Feedstock', 'incentive 2')",0.0
opex_revenues,"(0, 9, 'Pyrolysis', 'avoided fertilizer')",0.0
opex_revenues,"(0, 9, 'Pyrolysis', 'bio oil')",88353.41239140731
opex_revenues,"(0, 9, 'Pyrolysis', 'avoided coal')",0.0
opex_revenues,"(0, 9, 'Pyrolysis', 'electricity')",0.0
opex_revenues,"(0, 9, 'Pyrolysis', 'potting media')",0.0
opex_revenues,"(0, 9, 'Pyrolysis', 'incentive 1')",0.0
opex_revenues,"(0, 9, 'Pyrolysis', 'incentive 2')",0.0
opex_revenues,"(0, 9, 'AD', 'avoided fertilizer')",0.0
opex_revenues,"(0, 9, 'AD', 'bio oil')",0.0
opex_revenues,"(0, 9, 'AD', 'avoided coal')",0.0
opex_revenues,"(0, 9, 'AD', 'electricity')",0.0
opex_revenues,"(0, 9, 'AD', 'potting media')",0.0
opex_revenues,"(0, 9, 'AD', 'incentive 1')",0.0
opex_revenues,"(0, 9, 'AD', 'incentive 2')",0.0
opex_revenues,"(0, 9, 'HTL', 'avoided fertilizer')",0.0
opex_revenues,"(0, 9, 'HTL', 'bio oil')",0.0
opex_revenues,"(0, 9, 'HTL', 'avoided coal')",0.0
opex_revenues,"(0, 9, 'HTL', 'electricity')",0.0
opex_revenues,"(0, 9, 'HTL', 'potting media')",0.0
opex_revenues,"(0, 9, 'HTL', 'incentive 1')",0.0
opex_revenues,"(0, 9, 'HTL', 'incentive 2')",0.0
opex_revenues,"(0, 9, 'HTC', 'avoided fertilizer')",0.0
opex_revenues,"(0, 9, 'HTC', 'bio oil')",0.0
opex_revenues,"(0, 9, 'HTC', 'avoided coal')",0.0
opex_revenues,"(0, 9, 'HTC', 'electricity')",0.0
opex_revenues,"(0, 9, 'HTC', 'potting media')",0.0
opex_revenues,"(0, 9, 'HTC', 'incentive 1')",0.0
opex_revenues,"(0, 9, 'HTC', 'incentive 2')",0.0
opex_revenues,"(0, 9, 'CHP', 'avoided fertilizer')",0.0
opex_revenues,"(0, 9, 'CHP', 'bio oil')",0.0
opex_revenues,"(0, 9, 'CHP', 'avoided coal')",0.0
opex_revenues,"(0, 9, 'CHP', 'electricity')",50353.09232469654
opex_revenues,"(0, 9, 'CHP', 'potting media')",0.0
opex_revenues,"(0, 9, 'CHP', 'incentive 1')",0.0
opex_revenues,"(0, 9, 'CHP', 'incentive 2')",0.0
opex_revenues,"(0, 9, 'Feedstock', 'avoided fertilizer')",0.0
opex_revenues,"(0, 9, 'Feedstock', 'bio oil')",0.0
opex_revenues,"(0, 9, 'Feedstock', 'avoided coal')",0.0
opex_revenues,"(0, 9, 'Feedstock', 'electricity')",0.0
opex_revenues,"(0, 9, 'Feedstock', 'potting media')",0.0
opex_revenues,"(0, 9, 'Feedstock', 'incentive 1')",0.0
opex_revenues,"(0, 9, 'Feedstock', 'incentive 2')",0.0
opex_revenues,"(0, 10, 'Pyrolysis', 'avoided fertilizer')",0.0
opex_revenues,"(0, 10, 'Pyrolysis', 'bio oil')",87856.65807368926
opex_revenues,"(0, 10, 'Pyrolysis', 'avoided coal')",0.0
opex_revenues,"(0, 10, 'Pyrolysis', 'electricity')",0.0
opex_revenues,"(0, 10, 'Pyrolysis', 'potting media')",0.0
opex_revenues,"(0, 10, 'Pyrolysis', 'incentive 1')",0.0
opex_revenues,"(0, 10, 'Pyrolysis', 'incentive 2')",0.0
opex_revenues,"(0, 10, 'AD', 'avoided fertilizer')",0.0
opex_revenues,"(0, 10, 'AD', 'bio oil')",0.0
opex_revenues,"(0, 10, 'AD', 'avoided coal')",0.0
opex_revenues,"(0, 10, 'AD', 'electricity')",0.0
opex_revenues,"(0, 10, 'AD', 'potting media')",0.0
opex_revenues,"(0, 10, 'AD', 'incentive 1')",0.0
opex_revenues,"(0, 10, 'AD', 'incentive 2')",0.0
opex_revenues,"(0, 10, 'HTL', 'avoided fertilizer')",0.0
opex_revenues,"(0, 10, 'HTL', 'bio oil')",0.0
opex_revenues,"(0, 10, 'HTL', 'avoided coal')",0.0
opex_revenues,"(0, 10, 'HTL', 'electricity')",0.0
opex_revenues,"(0, 10, 'HTL', 'potting media')",0.0
opex_revenues,"(0, 10, 'HTL', 'incentive 1')",0.0
opex_revenues,"(0, 10, 'HTL', 'incentive 2')",0.0
opex_revenues,"(0, 10, 'HTC', 'avoided fertilizer')",0.0
opex_revenues,"(0, 10, 'HTC', 'bio oil')",0.0
opex_revenues,"(0, 10, 'HTC', 'avoided coal')",0.0
opex_revenues,"(0, 10, 'HTC', 'electricity')",0.0
opex_revenues,"(0, 10, 'HTC', 'potting media')",0.0
opex_revenues,"(0, 10, 'HTC', 'incentive 1')",0.0
opex_revenues,"(0, 10, 'HTC', 'incentive 2')",0.0
opex_revenues,"(0, 10, 'CHP', 'avoided fertilizer')",0.0
opex_revenues,"(0, 10, 'CHP', 'bio oil')",0.0
opex_revenues,"(0, 10, 'CHP', 'avoided coal')",0.0
opex_revenues,"(0, 10, 'CHP', 'electricity')",50069.989325504306
opex_revenues,"(0, 10, 'CHP', 'potting media')",0.0
opex_revenues,"(0, 10, 'CHP', 'incentive 1')",0.0
opex_revenues,"(0, 10, 'CHP', 'incentive 2')",0.0
opex_revenues,"(0, 10, 'Feedstock', 'avoided fertilizer')",0.0
opex_revenues,"(0, 10, 'Feedstock', 'bio oil')",0.0
opex_revenues,"(0, 10, 'Feedstock', 'avoided coal')",0.0
opex_revenues,"(0, 10, 'Feedstock', 'electricity')",0.0
opex_revenues,"(0, 10, 'Feedstock', 'potting media')",0.0
opex_revenues,"(0, 10, 'Feedstock', 'incentive 1')",0.0
opex_revenues,"(0, 10, 'Feedstock', 'incentive 2')",0.0
opex_revenues,"(0, 11, 'Pyrolysis', 'avoided fertilizer')",0.0
opex_revenues,"(0, 11, 'Pyrolysis', 'bio oil')",91652.82911170053
opex_revenues,"(0, 11, 'Pyrolysis', 'avoided coal')",0.0
opex_revenues,"(0, 11, 'Pyrolysis', 'electricity')",0.0
opex_revenues,"(0, 11, 'Pyrolysis', 'potting media')",0.0
opex_revenues,"(0, 11, 'Pyrolysis', 'incentive 1')",0.0
opex_revenues,"(0, 11, 'Pyrolysis', 'incentive 2')",0.0
opex_revenues,"(0, 11, 'AD', 'avoided fertilizer')",0.0
opex_revenues,"(0, 11, 'AD', 'bio oil')",0.0
opex_revenues,"(0, 11, 'AD', 'avoided coal')",0.0
opex_revenues,"(0, 11, 'AD', 'electricity')",0.0
opex_revenues,"(0, 11, 'AD', 'potting media')",0.0
opex_revenues,"(0, 11, 'AD', 'incentive 1')",0.0
opex_revenues,"(0, 11, 'AD', 'incentive 2')",0.0
opex_revenues,"(0, 11, 'HTL', 'avoided fertilizer')",0.0
opex_revenues,"(0, 11, 'HTL', 'bio oil')",0.0
opex_revenues,"(0, 11, 'HTL', 'avoided coal')",0.0
opex_revenues,"(0, 11, 'HTL', 'electricity')",0.0
opex_revenues,"(0, 11, 'HTL', 'potting media')",0.0
opex_revenues,"(0, 11, 'HTL', 'incentive 1')",0.0
opex_revenues,"(0, 11, 'HTL', 'incentive 2')",0.0
opex_revenues,"(0, 11, 'HTC', 'avoided fertilizer')",0.0
opex_revenues,"(0, 11, 'HTC', 'bio oil')",0.0
opex_revenues,"(0, 11, 'HTC', 'avoided coal')",0.0
opex_revenues,"(0, 11, 'HTC', 'electricity')",0.0
opex_revenues,"(0, 11, 'HTC', 'potting media')",0.0
opex_revenues,"(0, 11, 'HTC', 'incentive 1')",0.0
opex_revenues,"(0, 11, 'HTC', 'incentive 2')",0.0
opex_revenues,"(0, 11, 'CHP', 'avoided fertilizer')",0.0
opex_revenues,"(0, 11, 'CHP', 'bio oil')",0.0
opex_revenues,"(0, 11, 'CHP', 'avoided coal')",0.0
opex_revenues,"(0, 11, 'CHP', 'electricity')",31624.01145540272
opex_revenues,"(0, 11, 'CHP', 'potting media')",0.0
opex_revenues,"(0, 11, 'CHP', 'incentive 1')",0.0
opex_revenues,"(0, 11, 'CHP', 'incentive 2')",0.0
opex_revenues,"(0, 11, 'Feedstock', 'avoided fertilizer')",0.0
opex_revenues,"(0, 11, 'Feedstock', 'bio oil')",0.0
opex_revenues,"(0, 11, 'Feedstock', 'avoided coal')",0.0
opex_revenues,"(0, 11, 'Feedstock', 'electricity')",0.0
opex_revenues,"(0, 11, 'Feedstock', 'potting media')",0.0
opex_revenues,"(0, 11, 'Feedstock', 'incentive 1')",0.0
opex_revenues,"(0, 11, 'Feedstock', 'incentive 2')",0.0
opex_revenues,"(0, 12, 'Pyrolysis', 'avoided fertilizer')",0.0
opex_revenues,"(0, 12, 'Pyrolysis', 'bio oil')",91137.52429906541
opex_revenues,"(0, 12, 'Pyrolysis', 'avoided coal')",0.0
opex_revenues,"(0, 12, 'Pyrolysis', 'electricity')",0.0
opex_revenues,"(0, 12, 'Pyrolysis', 'potting media')",0.0
opex_revenues,"(0, 12, 'Pyrolysis', 'incentive 1')",0.0
opex_revenues,"(0, 12, 'Pyrolysis', 'incentive 2')",0.0
opex_revenues,"(0, 12, 'AD', 'avoided fertilizer')",0.0
opex_revenues,"(0, 12, 'AD', 'bio oil')",0.0
opex_revenues,"(0, 12, 'AD', 'avoided coal')",0.0
opex_revenues,"(0, 12, 'AD', 'electricity')",0.0
opex_revenues,"(0, 12, 'AD', 'potting media')",0.0
opex_revenues,"(0, 12, 'AD', 'incentive 1')",0.0
opex_revenues,"(0, 12, 'AD', 'incentive 2')",0.0
opex_revenues,"(0, 12, 'HTL', 'avoided fertilizer')",0.0
opex_revenues,"(0, 12, 'HTL', 'bio oil')",0.0
opex_revenues,"(0, 12, 'HTL', 'avoided coal')",0.0
opex_revenues,"(0, 12, 'HTL', 'electricity')",0.0
opex_revenues,"(0, 12, 'HTL', 'potting media')",0.0
opex_revenues,"(0, 12, 'HTL', 'incentive 1')",0.0
opex_revenues,"(0, 12, 'HTL', 'incentive 2')",0.0
opex_revenues,"(0, 12, 'HTC', 'avoided fertilizer')",0.0
opex_revenues,"(0, 12, 'HTC', 'bio oil')",0.0
opex_revenues,"(0, 12, 'HTC', 'avoided coal')",0.0
opex_revenues,"(0, 12, 'HTC', 'electricity')",0.0
opex_revenues,"(0, 12, 'HTC', 'potting media')",0.0
opex_revenues,"(0, 12, 'HTC', 'incentive 1')",0.0
opex_revenues,"(0, 12, 'HTC', 'incentive 2')",0.0
opex_revenues,"(0, 12, 'CHP', 'avoided fertilizer')",0.0
opex_revenues,"(0, 12, 'CHP', 'bio oil')",0.0
opex_revenues,"(0, 12, 'CHP', 'avoided coal')",0.0
opex_revenues,"(0, 12, 'CHP', 'electricity')",12264.213532710279
opex_revenues,"(0, 12, 'CHP', 'potting media')",0.0
opex_revenues,"(0, 12, 'CHP', 'incentive 1')",0.0
opex_revenues,"(0, 12, 'CHP', 'incentive 2')",0.0
opex_revenues,"(0, 12, 'Feedstock', 'avoided fertilizer')",0.0
opex_revenues,"(0, 12, 'Feedstock', 'bio oil')",0.0
opex_revenues,"(0, 12, 'Feedstock', 'avoided coal')",0.0
opex_revenues,"(0, 12, 'Feedstock', 'electricity')",0.0
opex_revenues,"(0, 12, 'Feedstock', 'potting media')",0.0
opex_revenues,"(0, 12, 'Feedstock', 'incentive 1')",0.0
opex_revenues,"(0, 12, 'Feedstock', 'incentive 2')",0.0
opex_revenues,"(0, 13, 'Pyrolysis', 'avoided fertilizer')",0.0
opex_revenues,"(0, 13, 'Pyrolysis', 'bio oil')",90625.11671341718
opex_revenues,"(0, 13, 'Pyrolysis', 'avoided coal')",0.0
opex_revenues,"(0, 13, 'Pyrolysis', 'electricity')",0.0
opex_revenues,"(0, 13, 'Pyrolysis', 'potting media')",0.0
opex_revenues,"(0, 13, 'Pyrolysis', 'incentive 1')",0.0
opex_revenues,"(0, 13, 'Pyrolysis', 'incentive 2')",0.0
opex_revenues,"(0, 13, 'AD', 'avoided fertilizer')",0.0
opex_revenues,"(0, 13, 'AD', 'bio oil')",0.0
opex_revenues,"(0, 13, 'AD', 'avoided coal')",0.0
opex_revenues,"(0, 13, 'AD', 'electricity')",0.0
opex_revenues,"(0, 13, 'AD', 'potting media')",0.0
opex_revenues,"(0, 13, 'AD', 'incentive 1')",0.0
opex_revenues,"(0, 13, 'AD', 'incentive 2')",0.0
opex_revenues,"(0, 13, 'HTL', 'avoided fertilizer')",0.0
opex_revenues,"(0, 13, 'HTL', 'bio oil')",0.0
opex_revenues,"(0, 13, 'HTL', 'avoided coal')",0.0
opex_revenues,"(0, 13, 'HTL', 'electricity')",0.0
opex_revenues,"(0, 13, 'HTL', 'potting media')",0.0
opex_revenues,"(0, 13, 'HTL', 'incentive 1')",0.0
opex_revenues,"(0, 13, 'HTL', 'incentive 2')",0.0
opex_revenues,"(0, 13, 'HTC', 'avoided fertilizer')",0.0
opex_revenues,"(0, 13, 'HTC', 'bio oil')",0.0
opex_revenues,"(0, 13, 'HTC', 'avoided coal')",0.0
opex_revenues,"(0, 13, 'HTC', 'electricity')",0.0
opex_revenues,"(0, 13, 'HTC', 'potting media')",0.0
opex_revenues,"(0, 13, 'HTC', 'incentive 1')",0.0
opex_revenues,"(0, 13, 'HTC', 'incentive 2')",0.0
opex_revenues,"(0, 13, 'CHP', 'avoided fertilizer')",0.0
opex_revenues,"(0, 13, 'CHP', 'bio oil')",0.0
opex_revenues,"(0, 13, 'CHP', 'avoided coal')",0.0
opex_revenues,"(0, 13, 'CHP', 'electricity')",12195.2597609845
opex_revenues,"(0, 13, 'CHP', 'potting media')",0.0
opex_revenues,"(0, 13, 'CHP', 'incentive 1')",0.0
opex_revenues,"(0, 13, 'CHP', 'incentive 2')",0.0
opex_revenues,"(0, 13, 'Feedstock', 'avoided fertilizer')",0.0
opex_revenues,"(0, 13, 'Feedstock', 'bio oil')",0.0
opex_revenues,"(0, 13, 'Feedstock', 'avoided coal')",0.0
opex_revenues,"(0, 13, 'Feedstock', 'electricity')",0.0
opex_revenues,"(0, 13, 'Feedstock', 'potting media')",0.0
opex_revenues,"(0, 13, 'Feedstock', 'incentive 1')",0.0
opex_revenues,"(0, 13, 'Feedstock', 'incentive 2')",0.0
opex_revenues,"(0, 14, 'Pyrolysis', 'avoided fertilizer')",0.0
opex_revenues,"(0, 14, 'Pyrolysis', 'bio oil')",90115.59006551496
opex_revenues,"(0, 14, 'Pyrolysis', 'avoided coal')",0.0
opex_revenues,"(0, 14, 'Pyrolysis', 'electricity')",0.0
opex_revenues,"(0, 14, 'Pyrolysis', 'potting media')",0.0
opex_revenues,"(0, 14, 'Pyrolysis', 'incentive 1')",0.0
opex_revenues,"(0, 14, 'Pyrolysis', 'incentive 2')",0.0
opex_revenues,"(0, 14, 'AD', 'avoided fertilizer')",0.0
opex_revenues,"(0, 14, 'AD', 'bio oil')",0.0
opex_revenues,"(0, 14, 'AD', 'avoided coal')",0.0
opex_revenues,"(0, 14, 'AD', 'electricity')",0.0
opex_revenues,"(0, 14, 'AD', 'potting media')",0.0
opex_revenues,"(0, 14, 'AD', 'incentive 1')",0.0
opex_revenues,"(0, 14, 'AD', 'incentive 2')",0.0
opex_revenues,"(0, 14, 'HTL', 'avoided fertilizer')",0.0
opex_revenues,"(0, 14, 'HTL', 'bio oil')",0.0
opex_revenues,"(0, 14, 'HTL', 'avoided coal')",0.0
opex_revenues,"(0, 14, 'HTL', 'electricity')",0.0
opex_revenues,"(0, 14, 'HTL', 'potting media')",0.0
opex_revenues,"(0, 14, 'HTL', 'incentive 1')",0.0
opex_revenues,"(0, 14, 'HTL', 'incentive 2')",0.0
opex_revenues,"(0, 14, 'HTC', 'avoided fertilizer')",0.0
opex_revenues,"(0, 14, 'HTC', 'bio oil')",0.0
opex_revenues,"(0, 14, 'HTC', 'avoided coal')",0.0
opex_revenues,"(0, 14, 'HTC', 'electricity')",0.0
opex_revenues,"(0, 14, 'HTC', 'potting media')",0.0
opex_revenues,"(0, 14, 'HTC', 'incentive 1')",0.0
opex_revenues,"(0, 14, 'HTC', 'incentive 2')",0.0
opex_revenues,"(0, 14, 'CHP', 'avoided fertilizer')",0.0
opex_revenues,"(0, 14, 'CHP', 'bio oil')",0.0
opex_revenues,"(0, 14, 'CHP', 'avoided coal')",0.0
opex_revenues,"(0, 14, 'CHP', 'electricity')",12126.693671895078
opex_revenues,"(0, 14, 'CHP', 'potting media')",0.0
opex_revenues,"(0, 14, 'CHP', 'incentive 1')",0.0
opex_revenues,"(0, 14, 'CHP', 'incentive 2')",0.0
opex_revenues,"(0, 14, 'Feedstock', 'avoided fertilizer')",0.0
opex_revenues,"(0, 14, 'Feedstock', 'bio oil')",0.0
opex_revenues,"(0, 14, 'Feedstock', 'avoided coal')",0.0
opex_revenues,"(0, 14, 'Feedstock', 'electricity')",0.0
opex_revenues,"(0, 14, 'Feedstock', 'potting media')",0.0
opex_revenues,"(0, 14, 'Feedstock', 'incentive 1')",0.0
opex_revenues,"(0, 14, 'Feedstock', 'incentive 2')",0.0
opex_revenues,"(0, 15, 'Pyrolysis', 'avoided fertilizer')",0.0
opex_revenues,"(0, 15, 'Pyrolysis', 'bio oil')",89608.92815770174
opex_revenues,"(0, 15, 'Pyrolysis', 'avoided coal')",0.0
opex_revenues,"(0, 15, 'Pyrolysis', 'electricity')",0.0
opex_revenues,"(0, 15, 'Pyrolysis', 'potting media')",0.0
opex_revenues,"(0, 15, 'Pyrolysis', 'incentive 1')",0.0
opex_revenues,"(0, 15, 'Pyrolysis', 'incentive 2')",0.0
opex_revenues,"(0, 15, 'AD', 'avoided fertilizer')",0.0
opex_revenues,"(0, 15, 'AD', 'bio oil')",0.0
opex_revenues,"(0, 15, 'AD', 'avoided coal')",0.0
opex_revenues,"(0, 15, 'AD', 'electricity')",0.0
opex_revenues,"(0, 15, 'AD', 'potting media')",0.0
opex_revenues,"(0, 15, 'AD', 'incentive 1')",0.0
opex_revenues,"(0, 15, 'AD', 'incentive 2')",0.0
opex_revenues,"(0, 15, 'HTL', 'avoided fertilizer')",0.0
opex_revenues,"(0, 15, 'HTL', 'bio oil')",0.0
opex_revenues,"(0, 15, 'HTL', 'avoided coal')",0.0
opex_revenues,"(0, 15, 'HTL', 'electricity')",0.0
opex_revenues,"(0, 15, 'HTL', 'potting media')",0.0
opex_revenues,"(0, 15, 'HTL', 'incentive 1')",0.0
opex_revenues,"(0, 15, 'HTL', 'incentive 2')",0.0
opex_revenues,"(0, 15, 'HTC', 'avoided fertilizer')",0.0
opex_revenues,"(0, 15, 'HTC', 'bio oil')",0.0
opex_revenues,"(0, 15, 'HTC', 'avoided coal')",0.0
opex_revenues,"(0, 15, 'HTC', 'electricity')",0.0
opex_revenues,"(0, 15, 'HTC', 'potting media')",0.0
opex_revenues,"(0, 15, 'HTC', 'incentive 1')",0.0
opex_revenues,"(0, 15, 'HTC', 'incentive 2')",0.0
opex_revenues,"(0, 15, 'CHP', 'avoided fertilizer')",0.0
opex_revenues,"(0, 15, 'CHP', 'bio oil')",0.0
opex_revenues,"(0, 15, 'CHP', 'avoided coal')",0.0
opex_revenues,"(0, 15, 'CHP', 'electricity')",12058.513085752304
opex_revenues,"(0, 15, 'CHP', 'potting media')",0.0
opex_revenues,"(0, 15, 'CHP', 'incentive 1')",0.0
opex_revenues,"(0, 15, 'CHP', 'incentive 2')",0.0
opex_revenues,"(0, 15, 'Feedstock', 'avoided fertilizer')",0.0
opex_revenues,"(0, 15, 'Feedstock', 'bio oil')",0.0
opex_revenues,"(0, 15, 'Feedstock', 'avoided coal')",0.0
opex_revenues,"(0, 15, 'Feedstock', 'electricity')",0.0
opex_revenues,"(0, 15, 'Feedstock', 'potting media')",0.0
opex_revenues,"(0, 15, 'Feedstock', 'incentive 1')",0.0
opex_revenues,"(0, 15, 'Feedstock', 'incentive 2')",0.0
opex_revenues,"(0, 16, 'Pyrolysis', 'avoided fertilizer')",0.0
opex_revenues,"(0, 16, 'Pyrolysis', 'bio oil')",89105.11488338963
opex_revenues,"(0, 16, 'Pyrolysis', 'avoided coal')",0.0
opex_revenues,"(0, 16, 'Pyrolysis', 'electricity')",0.0
opex_revenues,"(0, 16, 'Pyrolysis', 'potting media')",0.0
opex_revenues,"(0, 16, 'Pyrolysis', 'incentive 1')",0.0
opex_revenues,"(0, 16, 'Pyrolysis', 'incentive 2')",0.0
opex_revenues,"(0, 16, 'AD', 'avoided fertilizer')",0.0
opex_revenues,"(0, 16, 'AD', 'bio oil')",0.0
opex_revenues,"(0, 16, 'AD', 'avoided coal')",0.0
opex_revenues,"(0, 16, 'AD', 'electricity')",0.0
opex_revenues,"(0, 16, 'AD', 'potting media')",0.0
opex_revenues,"(0, 16, 'AD', 'incentive 1')",0.0
opex_revenues,"(0, 16, 'AD', 'incentive 2')",0.0
opex_revenues,"(0, 16, 'HTL', 'avoided fertilizer')",0.0
opex_revenues,"(0, 16, 'HTL', 'bio oil')",0.0
opex_revenues,"(0, 16, 'HTL', 'avoided coal')",0.0
opex_revenues,"(0, 16, 'HTL', 'electricity')",0.0
opex_revenues,"(0, 16, 'HTL', 'potting media')",0.0
opex_revenues,"(0, 16, 'HTL', 'incentive 1')",0.0
opex_revenues,"(0, 16, 'HTL', 'incentive 2')",0.0
opex_revenues,"(0, 16, 'HTC', 'avoided fertilizer')",0.0
opex_revenues,"(0, 16, 'HTC', 'bio oil')",0.0
opex_revenues,"(0, 16, 'HTC', 'avoided coal')",0.0
opex_revenues,"(0, 16, 'HTC', 'electricity')",0.0
opex_revenues,"(0, 16, 'HTC', 'potting media')",0.0
opex_revenues,"(0, 16, 'HTC', 'incentive 1')",0.0
opex_revenues,"(0, 16, 'HTC', 'incentive 2')",0.0
opex_revenues,"(0, 16, 'CHP', 'avoided fertilizer')",0.0
opex_revenues,"(0, 16, 'CHP', 'bio oil')",0.0
opex_revenues,"(0, 16, 'CHP', 'avoided coal')",0.0
opex_revenues,"(0, 16, 'CHP', 'electricity')",11990.715835121466
opex_revenues,"(0, 16, 'CHP', 'potting media')",0.0
opex_revenues,"(0, 16, 'CHP', 'incentive 1')",0.0
opex_revenues,"(0, 16, 'CHP', 'incentive 2')",0.0
opex_revenues,"(0, 16, 'Feedstock', 'avoided fertilizer')",0.0
opex_revenues,"(0, 16, 'Feedstock', 'bio oil')",0.0
opex_revenues,"(0, 16, 'Feedstock', 'avoided coal')",0.0
opex_revenues,"(0, 16, 'Feedstock', 'electricity')",0.0
opex_revenues,"(0, 16, 'Feedstock', 'potting media')",0.0
opex_revenues,"(0, 16, 'Feedstock', 'incentive 1')",0.0
opex_revenues,"(0, 16, 'Feedstock', 'incentive 2')",0.0
opex_revenues,"(0, 17, 'Pyrolysis', 'avoided fertilizer')",315547.64425342844
opex_revenues,"(0, 17, 'Pyrolysis', 'bio oil')",88604.13422654754
opex_revenues,"(0, 17, 'Pyrolysis', 'avoided coal')",0.0
opex_revenues,"(0, 17, 'Pyrolysis', 'electricity')",0.0
opex_revenues,"(0, 17, 'Pyrolysis', 'potting media')",0.0
opex_revenues,"(0, 17, 'Pyrolysis', 'incentive 1')",0.0
opex_revenues,"(0, 17, 'Pyrolysis', 'incentive 2')",0.0
opex_revenues,"(0, 17, 'AD', 'avoided fertilizer')",0.0
opex_revenues,"(0, 17, 'AD', 'bio oil')",0.0
opex_revenues,"(0, 17, 'AD', 'avoided coal')",0.0
opex_revenues,"(0, 17, 'AD', 'electricity')",0.0
opex_revenues,"(0, 17, 'AD', 'potting media')",0.0
opex_revenues,"(0, 17, 'AD', 'incentive 1')",0.0
opex_revenues,"(0, 17, 'AD', 'incentive 2')",0.0
opex_revenues,"(0, 17, 'HTL', 'avoided fertilizer')",0.0
opex_revenues,"(0, 17, 'HTL', 'bio oil')",0.0
opex_revenues,"(0, 17, 'HTL', 'avoided coal')",0.0
opex_revenues,"(0, 17, 'HTL', 'electricity')",0.0
opex_revenues,"(0, 17, 'HTL', 'potting media')",0.0
opex_revenues,"(0, 17, 'HTL', 'incentive 1')",0.0
opex_revenues,"(0, 17, 'HTL', 'incentive 2')",0.0
opex_revenues,"(0, 17, 'HTC', 'avoided fertilizer')",0.0
opex_revenues,"(0, 17, 'HTC', 'bio oil')",0.0
opex_revenues,"(0, 17, 'HTC', 'avoided coal')",0.0
opex_revenues,"(0, 17, 'HTC', 'electricity')",0.0
opex_revenues,"(0, 17, 'HTC', 'potting media')",0.0
opex_revenues,"(0, 17, 'HTC', 'incentive 1')",0.0
opex_revenues,"(0, 17, 'HTC', 'incentive 2')",0.0
opex_revenues,"(0, 17, 'CHP', 'avoided fertilizer')",0.0
opex_revenues,"(0, 17, 'CHP', 'bio oil')",0.0
opex_revenues,"(0, 17, 'CHP', 'avoided coal')",0.0
opex_revenues,"(0, 17, 'CHP', 'electricity')",11923.299764753932
opex_revenues,"(0, 17, 'CHP', 'potting media')",0.0
opex_revenues,"(0, 17, 'CHP', 'incentive 1')",0.0
opex_revenues,"(0, 17, 'CHP', 'incentive 2')",0.0
opex_revenues,"(0, 17, 'Feedstock', 'avoided fertilizer')",0.0
opex_revenues,"(0, 17, 'Feedstock', 'bio oil')",0.0
opex_revenues,"(0, 17, 'Feedstock', 'avoided coal')",0.0
opex_revenues,"(0, 17, 'Feedstock', 'electricity')",0.0
opex_revenues,"(0, 17, 'Feedstock', 'potting media')",0.0
opex_revenues,"(0, 17, 'Feedstock', 'incentive 1')",0.0
opex_revenues,"(0, 17, 'Feedstock', 'incentive 2')",0.0
opex_revenues,"(0, 18, 'Pyrolysis', 'avoided fertilizer')",0.0
opex_revenues,"(0, 18, 'Pyrolysis', 'bio oil')",83981.8610149238
opex_revenues,"(0, 18, 'Pyrolysis', 'avoided coal')",0.0
opex_revenues,"(0, 18, 'Pyrolysis', 'electricity')",0.0
opex_revenues,"(0, 18, 'Pyrolysis', 'potting media')",0.0
opex_revenues,"(0, 18, 'Pyrolysis', 'incentive 1')",0.0
opex_revenues,"(0, 18, 'Pyrolysis', 'incentive 2')",0.0
opex_revenues,"(0, 18, 'AD', 'avoided fertilizer')",0.0
opex_revenues,"(0, 18, 'AD', 'bio oil')",0.0
opex_revenues,"(0, 18, 'AD', 'avoided coal')",0.0
opex_revenues,"(0, 18, 'AD', 'electricity')",0.0
opex_revenues,"(0, 18, 'AD', 'potting media')",0.0
opex_revenues,"(0, 18, 'AD', 'incentive 1')",0.0
opex_revenues,"(0, 18, 'AD', 'incentive 2')",0.0
opex_revenues,"(0, 18, 'HTL', 'avoided fertilizer')",0.0
opex_revenues,"(0, 18, 'HTL', 'bio oil')",0.0
opex_revenues,"(0, 18, 'HTL', 'avoided coal')",0.0
opex_revenues,"(0, 18, 'HTL', 'electricity')",0.0
opex_revenues,"(0, 18, 'HTL', 'potting media')",0.0
opex_revenues,"(0, 18, 'HTL', 'incentive 1')",0.0
opex_revenues,"(0, 18, 'HTL', 'incentive 2')",0.0
opex_revenues,"(0, 18, 'HTC', 'avoided fertilizer')",0.0
opex_revenues,"(0, 18, 'HTC', 'bio oil')",0.0
opex_revenues,"(0, 18, 'HTC', 'avoided coal')",0.0
opex_revenues,"(0, 18, 'HTC', 'electricity')",0.0
opex_revenues,"(0, 18, 'HTC', 'potting media')",0.0
opex_revenues,"(0, 18, 'HTC', 'incentive 1')",0.0
opex_revenues,"(0, 18, 'HTC', 'incentive 2')",0.0
opex_revenues,"(0, 18, 'CHP', 'avoided fertilizer')",0.0
opex_revenues,"(0, 18, 'CHP', 'bio oil')",0.0
opex_revenues,"(0, 18, 'CHP', 'avoided coal')",0.0
opex_revenues,"(0, 18, 'CHP', 'electricity')",47861.721316855976
opex_revenues,"(0, 18, 'CHP', 'potting media')",0.0
opex_revenues,"(0, 18, 'CHP', 'incentive 1')",0.0
opex_revenues,"(0, 18, 'CHP', 'incentive 2')",0.0
opex_revenues,"(0, 18, 'Feedstock', 'avoided fertilizer')",0.0
opex_revenues,"(0, 18, 'Feedstock', 'bio oil')",0.0
opex_revenues,"(0, 18, 'Feedstock', 'avoided coal')",0.0
opex_revenues,"(0, 18, 'Feedstock', 'electricity')",0.0
opex_revenues,"(0, 18, 'Feedstock', 'potting media')",0.0
opex_revenues,"(0, 18, 'Feedstock', 'incentive 1')",0.0
opex_revenues,"(0, 18, 'Feedstock', 'incentive 2')",0.0
opex_revenues,"(0, 19, 'Pyrolysis', 'avoided fertilizer')",0.0
opex_revenues,"(0, 19, 'Pyrolysis', 'bio oil')",83509.68511376591
opex_revenues,"(0, 19, 'Pyrolysis', 'avoided coal')",0.0
opex_revenues,"(0, 19, 'Pyrolysis', 'electricity')",0.0
opex_revenues,"(0, 19, 'Pyrolysis', 'potting media')",0.0
opex_revenues,"(0, 19, 'Pyrolysis', 'incentive 1')",0.0
opex_revenues,"(0, 19, 'Pyrolysis', 'incentive 2')",0.0
opex_revenues,"(0, 19, 'AD', 'avoided fertilizer')",0.0
opex_revenues,"(0, 19, 'AD', 'bio oil')",0.0
opex_revenues,"(0, 19, 'AD', 'avoided coal')",0.0
opex_revenues,"(0, 19, 'AD', 'electricity')",0.0
opex_revenues,"(0, 19, 'AD', 'potting media')",0.0
opex_revenues,"(0, 19, 'AD', 'incentive 1')",0.0
opex_revenues,"(0, 19, 'AD', 'incentive 2')",0.0
opex_revenues,"(0, 19, 'HTL', 'avoided fertilizer')",0.0
opex_revenues,"(0, 19, 'HTL', 'bio oil')",0.0
opex_revenues,"(0, 19, 'HTL', 'avoided coal')",0.0
opex_revenues,"(0, 19, 'HTL', 'electricity')",0.0
opex_revenues,"(0, 19, 'HTL', 'potting media')",0.0
opex_revenues,"(0, 19, 'HTL', 'incentive 1')",0.0
opex_revenues,"(0, 19, 'HTL', 'incentive 2')",0.0
opex_revenues,"(0, 19, 'HTC', 'avoided fertilizer')",0.0
opex_revenues,"(0, 19, 'HTC', 'bio oil')",0.0
opex_revenues,"(0, 19, 'HTC', 'avoided coal')",0.0
opex_revenues,"(0, 19, 'HTC', 'electricity')",0.0
opex_revenues,"(0, 19, 'HTC', 'potting media')",0.0
opex_revenues,"(0, 19, 'HTC', 'incentive 1')",0.0
opex_revenues,"(0, 19, 'HTC', 'incentive 2')",0.0
opex_revenues,"(0, 19, 'CHP', 'avoided fertilizer')",0.0
opex_revenues,"(0, 19, 'CHP', 'bio oil')",0.0
opex_revenues,"(0, 19, 'CHP', 'avoided coal')",0.0
opex_revenues,"(0, 19, 'CHP', 'electricity')",47592.62569182603
opex_revenues,"(0, 19, 'CHP', 'potting media')",0.0
opex_revenues,"(0, 19, 'CHP', 'incentive 1')",0.0
opex_revenues,"(0, 19, 'CHP', 'incentive 2')",0.0
opex_revenues,"(0, 19, 'Feedstock', 'avoided fertilizer')",0.0
opex_revenues,"(0, 19, 'Feedstock', 'bio oil')",0.0
opex_revenues,"(0, 19, 'Feedstock', 'avoided coal')",0.0
opex_revenues,"(0, 19, 'Feedstock', 'electricity')",0.0
opex_revenues,"(0, 19, 'Feedstock', 'potting media')",0.0
opex_revenues,"(0, 19, 'Feedstock', 'incentive 1')",0.0
opex_revenues,"(0, 19, 'Feedstock', 'incentive 2')",0.0
opex_revenues,"(0, 20, 'Pyrolysis', 'avoided fertilizer')",0.0
opex_revenues,"(0, 20, 'Pyrolysis', 'bio oil')",83040.16395404248
opex_revenues,"(0, 20, 'Pyrolysis', 'avoided coal')",0.0
opex_revenues,"(0, 20, 'Pyrolysis', 'electricity')",0.0
opex_revenues,"(0, 20, 'Pyrolysis', 'potting media')",0.0
opex_revenues,"(0, 20, 'Pyrolysis', 'incentive 1')",0.0
opex_revenues,"(0, 20, 'Pyrolysis', 'incentive 2')",0.0
opex_revenues,"(0, 20, 'AD', 'avoided fertilizer')",0.0
opex_revenues,"(0, 20, 'AD', 'bio oil')",0.0
opex_revenues,"(0, 20, 'AD', 'avoided coal')",0.0
opex_revenues,"(0, 20, 'AD', 'electricity')",0.0
opex_revenues,"(0, 20, 'AD', 'potting media')",0.0
opex_revenues,"(0, 20, 'AD', 'incentive 1')",0.0
opex_revenues,"(0, 20, 'AD', 'incentive 2')",0.0
opex_revenues,"(0, 20, 'HTL', 'avoided fertilizer')",0.0
opex_revenues,"(0, 20, 'HTL', 'bio oil')",0.0
opex_revenues,"(0, 20, 'HTL', 'avoided coal')",0.0
opex_revenues,"(0, 20, 'HTL', 'electricity')",0.0
opex_revenues,"(0, 20, 'HTL', 'potting media')",0.0
opex_revenues,"(0, 20, 'HTL', 'incentive 1')",0.0
opex_revenues,"(0, 20, 'HTL', 'incentive 2')",0.0
opex_revenues,"(0, 20, 'HTC', 'avoided fertilizer')",0.0
opex_revenues,"(0, 20, 'HTC', 'bio oil')",0.0
opex_revenues,"(0, 20, 'HTC', 'avoided coal')",0.0
opex_revenues,"(0, 20, 'HTC', 'electricity')",0.0
opex_revenues,"(0, 20, 'HTC', 'potting media')",0.0
opex_revenues,"(0, 20, 'HTC', 'incentive 1')",0.0
opex_revenues,"(0, 20, 'HTC', 'incentive 2')",0.0
opex_revenues,"(0, 20, 'CHP', 'avoided fertilizer')",0.0
opex_revenues,"(0, 20, 'CHP', 'bio oil')",0.0
opex_revenues,"(0, 20, 'CHP', 'avoided coal')",0.0
opex_revenues,"(0, 20, 'CHP', 'electricity')",47325.04301813628
opex_revenues,"(0, 20, 'CHP', 'potting media')",0.0
opex_revenues,"(0, 20, 'CHP', 'incentive 1')",0.0
opex_revenues,"(0, 20, 'CHP', 'incentive 2')",0.0
opex_revenues,"(0, 20, 'Feedstock', 'avoided fertilizer')",0.0
opex_revenues,"(0, 20, 'Feedstock', 'bio oil')",0.0
opex_revenues,"(0, 20, 'Feedstock', 'avoided coal')",0.0
opex_revenues,"(0, 20, 'Feedstock', 'electricity')",0.0
opex_revenues,"(0, 20, 'Feedstock', 'potting media')",0.0
opex_revenues,"(0, 20, 'Feedstock', 'incentive 1')",0.0
opex_revenues,"(0, 20, 'Feedstock', 'incentive 2')",0.0
opex_revenues,"(0, 21, 'Pyrolysis', 'avoided fertilizer')",0.0
opex_revenues,"(0, 21, 'Pyrolysis', 'bio oil')",82573.28260834838
opex_revenues,"(0, 21, 'Pyrolysis', 'avoided coal')",0.0
opex_revenues,"(0, 21, 'Pyrolysis', 'electricity')",0.0
opex_revenues,"(0, 21, 'Pyrolysis', 'potting media')",0.0
opex_revenues,"(0, 21, 'Pyrolysis', 'incentive 1')",0.0
opex_revenues,"(0, 21, 'Pyrolysis', 'incentive 2')",0.0
opex_revenues,"(0, 21, 'AD', 'avoided fertilizer')",0.0
opex_revenues,"(0, 21, 'AD', 'bio oil')",0.0
opex_revenues,"(0, 21, 'AD', 'avoided coal')",0.0
opex_revenues,"(0, 21, 'AD', 'electricity')",0.0
opex_revenues,"(0, 21, 'AD', 'potting media')",0.0
opex_revenues,"(0, 21, 'AD', 'incentive 1')",0.0
opex_revenues,"(0, 21, 'AD', 'incentive 2')",0.0
opex_revenues,"(0, 21, 'HTL', 'avoided fertilizer')",0.0
opex_revenues,"(0, 21, 'HTL', 'bio oil')",0.0
opex_revenues,"(0, 21, 'HTL', 'avoided coal')",0.0
opex_revenues,"(0, 21, 'HTL', 'electricity')",0.0
opex_revenues,"(0, 21, 'HTL', 'potting media')",0.0
opex_revenues,"(0, 21, 'HTL', 'incentive 1')",0.0
opex_revenues,"(0, 21, 'HTL', 'incentive 2')",0.0
opex_revenues,"(0, 21, 'HTC', 'avoided fertilizer')",0.0
opex_revenues,"(0, 21, 'HTC', 'bio oil')",0.0
opex_revenues,"(0, 21, 'HTC', 'avoided coal')",0.0
opex_revenues,"(0, 21, 'HTC', 'electricity')",0.0
opex_revenues,"(0, 21, 'HTC', 'potting media')",0.0
opex_revenues,"(0, 21, 'HTC', 'incentive 1')",0.0
opex_revenues,"(0, 21, 'HTC', 'incentive 2')",0.0
opex_revenues,"(0, 21, 'CHP', 'avoided fertilizer')",0.0
opex_revenues,"(0, 21, 'CHP', 'bio oil')",0.0
opex_revenues,"(0, 21, 'CHP', 'avoided coal')",0.0
opex_revenues,"(0, 21, 'CHP', 'electricity')",47058.96478943602
opex_revenues,"(0, 21, 'CHP', 'potting media')",0.0
opex_revenues,"(0, 21, 'CHP', 'incentive 1')",0.0
opex_revenues,"(0, 21, 'CHP', 'incentive 2')",0.0
opex_revenues,"(0, 21, 'Feedstock', 'avoided fertilizer')",0.0
opex_revenues,"(0, 21, 'Feedstock', 'bio oil')",0.0
opex_revenues,"(0, 21, 'Feedstock', 'avoided coal')",0.0
opex_revenues,"(0, 21, 'Feedstock', 'electricity')",0.0
opex_revenues,"(0, 21, 'Feedstock', 'potting media')",0.0
opex_revenues,"(0, 21, 'Feedstock', 'incentive 1')",0.0
opex_revenues,"(0, 21, 'Feedstock', 'incentive 2')",0.0
opex_revenues,"(0, 22, 'Pyrolysis', 'avoided fertilizer')",0.0
opex_revenues,"(0, 22, 'Pyrolysis', 'bio oil')",82109.0262365682
opex_revenues,"(0, 22, 'Pyrolysis', 'avoided coal')",0.0
opex_revenues,"(0, 22, 'Pyrolysis', 'electricity')",0.0
opex_revenues,"(0, 22, 'Pyrolysis', 'potting media')",0.0
opex_revenues,"(0, 22, 'Pyrolysis', 'incentive 1')",0.0
opex_revenues,"(0, 22, 'Pyrolysis', 'incentive 2')",0.0
opex_revenues,"(0, 22, 'AD', 'avoided fertilizer')",0.0
opex_revenues,"(0, 22, 'AD', 'bio oil')",0.0
opex_revenues,"(0, 22, 'AD', 'avoided coal')",0.0
opex_revenues,"(0, 22, 'AD', 'electricity')",0.0
opex_revenues,"(0, 22, 'AD', 'potting media')",0.0
opex_revenues,"(0, 22, 'AD', 'incentive 1')",0.0
opex_revenues,"(0, 22, 'AD', 'incentive 2')",0.0
opex_revenues,"(0, 22, 'HTL', 'avoided fertilizer')",0.0
opex_revenues,"(0, 22, 'HTL', 'bio oil')",0.0
opex_revenues,"(0, 22, 'HTL', 'avoided coal')",0.0
opex_revenues,"(0, 22, 'HTL', 'electricity')",0.0
opex_revenues,"(0, 22, 'HTL', 'potting media')",0.0
opex_revenues,"(0, 22, 'HTL', 'incentive 1')",0.0
opex_revenues,"(0, 22, 'HTL', 'incentive 2')",0.0
opex_revenues,"(0, 22, 'HTC', 'avoided fertilizer')",0.0
opex_revenues,"(0, 22, 'HTC', 'bio oil')",0.0
opex_revenues,"(0, 22, 'HTC', 'avoided coal')",0.0
opex_revenues,"(0, 22, 'HTC', 'electricity')",0.0
opex_revenues,"(0, 22, 'HTC', 'potting media')",0.0
opex_revenues,"(0, 22, 'HTC', 'incentive 1')",0.0
opex_revenues,"(0, 22, 'HTC', 'incentive 2')",0.0
opex_revenues,"(0, 22, 'CHP', 'avoided fertilizer')",0.0
opex_revenues,"(0, 22, 'CHP', 'bio oil')",0.0
opex_revenues,"(0, 22, 'CHP', 'avoided coal')",0.0
opex_revenues,"(0, 22, 'CHP', 'electricity')",46794.38254720029
opex_revenues,"(0, 22, 'CHP', 'potting media')",0.0
opex_revenues,"(0, 22, 'CHP', 'incentive 1')",0.0
opex_revenues,"(0, 22, 'CHP', 'incentive 2')",0.0
opex_revenues,"(0, 22, 'Feedstock', 'avoided fertilizer')",0.0
opex_revenues,"(0, 22, 'Feedstock', 'bio oil')",0.0
opex_revenues,"(0, 22, 'Feedstock', 'avoided coal')",0.0
opex_revenues,"(0, 22, 'Feedstock', 'electricity')",0.0
opex_revenues,"(0, 22, 'Feedstock', 'potting media')",0.0
opex_revenues,"(0, 22, 'Feedstock', 'incentive 1')",0.0
opex_revenues,"(0, 22, 'Feedstock', 'incentive 2')",0.0
opex_revenues,"(0, 23, 'Pyrolysis', 'avoided fertilizer')",0.0
opex_revenues,"(0, 23, 'Pyrolysis', 'bio oil')",85656.84963710328
opex_revenues,"(0, 23, 'Pyrolysis', 'avoided coal')",0.0
opex_revenues,"(0, 23, 'Pyrolysis', 'electricity')",0.0
opex_revenues,"(0, 23, 'Pyrolysis', 'potting media')",0.0
opex_revenues,"(0, 23, 'Pyrolysis', 'incentive 1')",0.0
opex_revenues,"(0, 23, 'Pyrolysis', 'incentive 2')",0.0
opex_revenues,"(0, 23, 'AD', 'avoided fertilizer')",0.0
opex_revenues,"(0, 23, 'AD', 'bio oil')",0.0
opex_revenues,"(0, 23, 'AD', 'avoided coal')",0.0
opex_revenues,"(0, 23, 'AD', 'electricity')",0.0
opex_revenues,"(0, 23, 'AD', 'potting media')",0.0
opex_revenues,"(0, 23, 'AD', 'incentive 1')",0.0
opex_revenues,"(0, 23, 'AD', 'incentive 2')",0.0
opex_revenues,"(0, 23, 'HTL', 'avoided fertilizer')",0.0
opex_revenues,"(0, 23, 'HTL', 'bio oil')",0.0
opex_revenues,"(0, 23, 'HTL', 'avoided coal')",0.0
opex_revenues,"(0, 23, 'HTL', 'electricity')",0.0
opex_revenues,"(0, 23, 'HTL', 'potting media')",0.0
opex_revenues,"(0, 23, 'HTL', 'incentive 1')",0.0
opex_revenues,"(0, 23, 'HTL', 'incentive 2')",0.0
opex_revenues,"(0, 23, 'HTC', 'avoided fertilizer')",0.0
opex_revenues,"(0, 23, 'HTC', 'bio oil')",0.0
opex_revenues,"(0, 23, 'HTC', 'avoided coal')",0.0
opex_revenues,"(0, 23, 'HTC', 'electricity')",0.0
opex_revenues,"(0, 23, 'HTC', 'potting media')",0.0
opex_revenues,"(0, 23, 'HTC', 'incentive 1')",0.0
opex_revenues,"(0, 23, 'HTC', 'incentive 2')",0.0
opex_revenues,"(0, 23, 'CHP', 'avoided fertilizer')",0.0
opex_revenues,"(0, 23, 'CHP', 'bio oil')",0.0
opex_revenues,"(0, 23, 'CHP', 'avoided coal')",0.0
opex_revenues,"(0, 23, 'CHP', 'electricity')",29555.150909326112
opex_revenues,"(0, 23, 'CHP', 'potting media')",0.0
opex_revenues,"(0, 23, 'CHP', 'incentive 1')",0.0
opex_revenues,"(0, 23, 'CHP', 'incentive 2')",0.0
opex_revenues,"(0, 23, 'Feedstock', 'avoided fertilizer')",0.0
opex_revenues,"(0, 23, 'Feedstock', 'bio oil')",0.0
opex_revenues,"(0, 23, 'Feedstock', 'avoided coal')",0.0
opex_revenues,"(0, 23, 'Feedstock', 'electricity')",0.0
opex_revenues,"(0, 23, 'Feedstock', 'potting media')",0.0
opex_revenues,"(0, 23, 'Feedstock', 'incentive 1')",0.0
opex_revenues,"(0, 23, 'Feedstock', 'incentive 2')",0.0
opex_revenues,"(0, 24, 'Pyrolysis', 'avoided fertilizer')",0.0
opex_revenues,"(0, 24, 'Pyrolysis', 'bio oil')",85175.25635426675
opex_revenues,"(0, 24, 'Pyrolysis', 'avoided coal')",0.0
opex_revenues,"(0, 24, 'Pyrolysis', 'electricity')",0.0
opex_revenues,"(0, 24, 'Pyrolysis', 'potting media')",0.0
opex_revenues,"(0, 24, 'Pyrolysis', 'incentive 1')",0.0
opex_revenues,"(0, 24, 'Pyrolysis', 'incentive 2')",0.0
opex_revenues,"(0, 24, 'AD', 'avoided fertilizer')",0.0
opex_revenues,"(0, 24, 'AD', 'bio oil')",0.0
opex_revenues,"(0, 24, 'AD', 'avoided coal')",0.0
opex_revenues,"(0, 24, 'AD', 'electricity')",0.0
opex_revenues,"(0, 24, 'AD', 'potting media')",0.0
opex_revenues,"(0, 24, 'AD', 'incentive 1')",0.0
opex_revenues,"(0, 24, 'AD', 'incentive 2')",0.0
opex_revenues,"(0, 24, 'HTL', 'avoided fertilizer')",0.0
opex_revenues,"(0, 24, 'HTL', 'bio oil')",0.0
opex_revenues,"(0, 24, 'HTL', 'avoided coal')",0.0
opex_revenues,"(0, 24, 'HTL', 'electricity')",0.0
opex_revenues,"(0, 24, 'HTL', 'potting media')",0.0
opex_revenues,"(0, 24, 'HTL', 'incentive 1')",0.0
opex_revenues,"(0, 24, 'HTL', 'incentive 2')",0.0
opex_revenues,"(0, 24, 'HTC', 'avoided fertilizer')",0.0
opex_revenues,"(0, 24, 'HTC', 'bio oil')",0.0
opex_revenues,"(0, 24, 'HTC', 'avoided coal')",0.0
opex_revenues,"(0, 24, 'HTC', 'electricity')",0.0
opex_revenues,"(0, 24, 'HTC', 'potting media')",0.0
opex_revenues,"(0, 24, 'HTC', 'incentive 1')",0.0
opex_revenues,"(0, 24, 'HTC', 'incentive 2')",0.0
opex_revenues,"(0, 24, 'CHP', 'avoided fertilizer')",0.0
opex_revenues,"(0, 24, 'CHP', 'bio oil')",0.0
opex_revenues,"(0, 24, 'CHP', 'avoided coal')",0.0
opex_revenues,"(0, 24, 'CHP', 'electricity')",11461.88180627129
opex_revenues,"(0, 24, 'CHP', 'potting media')",0.0
opex_revenues,"(0, 24, 'CHP', 'incentive 1')",0.0
opex_revenues,"(0, 24, 'CHP', 'incentive 2')",0.0
opex_revenues,"(0, 24, 'Feedstock', 'avoided fertilizer')",0.0
opex_revenues,"(0, 24, 'Feedstock', 'bio oil')",0.0
opex_revenues,"(0, 24, 'Feedstock', 'avoided coal')",0.0
opex_revenues,"(0, 24, 'Feedstock', 'electricity')",0.0
opex_revenues,"(0, 24, 'Feedstock', 'potting media')",0.0
opex_revenues,"(0, 24, 'Feedstock', 'incentive 1')",0.0
opex_revenues,"(0, 24, 'Feedstock', 'incentive 2')",0.0
opex_revenues,"(0, 25, 'Pyrolysis', 'avoided fertilizer')",0.0
opex_revenues,"(0, 25, 'Pyrolysis', 'bio oil')",84696.37076020298
opex_revenues,"(0, 25, 'Pyrolysis', 'avoided coal')",0.0
opex_revenues,"(0, 25, 'Pyrolysis', 'electricity')",0.0
opex_revenues,"(0, 25, 'Pyrolysis', 'potting media')",0.0
opex_revenues,"(0, 25, 'Pyrolysis', 'incentive 1')",0.0
opex_revenues,"(0, 25, 'Pyrolysis', 'incentive 2')",0.0
opex_revenues,"(0, 25, 'AD', 'avoided fertilizer')",0.0
opex_revenues,"(0, 25, 'AD', 'bio oil')",0.0
opex_revenues,"(0, 25, 'AD', 'avoided coal')",0.0
opex_revenues,"(0, 25, 'AD', 'electricity')",0.0
opex_revenues,"(0, 25, 'AD', 'potting media')",0.0
opex_revenues,"(0, 25, 'AD', 'incentive 1')",0.0
opex_revenues,"(0, 25, 'AD', 'incentive 2')",0.0
opex_revenues,"(0, 25, 'HTL', 'avoided fertilizer')",0.0
opex_revenues,"(0, 25, 'HTL', 'bio oil')",0.0
opex_revenues,"(0, 25, 'HTL', 'avoided coal')",0.0
opex_revenues,"(0, 25, 'HTL', 'electricity')",0.0
opex_revenues,"(0, 25, 'HTL', 'potting media')",0.0
opex_revenues,"(0, 25, 'HTL', 'incentive 1')",0.0
opex_revenues,"(0, 25, 'HTL', 'incentive 2')",0.0
opex_revenues,"(0, 25, 'HTC', 'avoided fertilizer')",0.0
opex_revenues,"(0, 25, 'HTC', 'bio oil')",0.0
opex_revenues,"(0, 25, 'HTC', 'avoided coal')",0.0
opex_revenues,"(0, 25, 'HTC', 'electricity')",0.0
opex_revenues,"(0, 25, 'HTC', 'potting media')",0.0
opex_revenues,"(0, 25, 'HTC', 'incentive 1')",0.0
opex_revenues,"(0, 25, 'HTC', 'incentive 2')",0.0
opex_revenues,"(0, 25, 'CHP', 'avoided fertilizer')",0.0
opex_revenues,"(0, 25, 'CHP', 'bio oil')",0.0
opex_revenues,"(0, 25, 'CHP', 'avoided coal')",0.0
opex_revenues,"(0, 25, 'CHP', 'electricity')",11397.439028957477
opex_revenues,"(0, 25, 'CHP', 'potting media')",0.0
opex_revenues,"(0, 25, 'CHP', 'incentive 1')",0.0
opex_revenues,"(0, 25, 'CHP', 'incentive 2')",0.0
opex_revenues,"(0, 25, 'Feedstock', 'avoided fertilizer')",0.0
opex_revenues,"(0, 25, 'Feedstock', 'bio oil')",0.0
opex_revenues,"(0, 25, 'Feedstock', 'avoided coal')",0.0
opex_revenues,"(0, 25, 'Feedstock', 'electricity')",0.0
opex_revenues,"(0, 25, 'Feedstock', 'potting media')",0.0
opex_revenues,"(0, 25, 'Feedstock', 'incentive 1')",0.0
opex_revenues,"(0, 25, 'Feedstock', 'incentive 2')",0.0
opex_revenues,"(0, 26, 'Pyrolysis', 'avoided fertilizer')",0.0
opex_revenues,"(0, 26, 'Pyrolysis', 'bio oil')",84220.17763093782
opex_revenues,"(0, 26, 'Pyrolysis', 'avoided coal')",0.0
opex_revenues,"(0, 26, 'Pyrolysis', 'electricity')",0.0
opex_revenues,"(0, 26, 'Pyrolysis', 'potting media')",0.0
opex_revenues,"(0, 26, 'Pyrolysis', 'incentive 1')",0.0
opex_revenues,"(0, 26, 'Pyrolysis', 'incentive 2')",0.0
opex_revenues,"(0, 26, 'AD', 'avoided fertilizer')",0.0
opex_revenues,"(0, 26, 'AD', 'bio oil')",0.0
opex_revenues,"(0, 26, 'AD', 'avoided coal')",0.0
opex_revenues,"(0, 26, 'AD', 'electricity')",0.0
opex_revenues,"(0, 26, 'AD', 'potting media')",0.0
opex_revenues,"(0, 26, 'AD', 'incentive 1')",0.0
opex_revenues,"(0, 26, 'AD', 'incentive 2')",0.0
opex_revenues,"(0, 26, 'HTL', 'avoided fertilizer')",0.0
opex_revenues,"(0, 26, 'HTL', 'bio oil')",0.0
opex_revenues,"(0, 26, 'HTL', 'avoided coal')",0.0
opex_revenues,"(0, 26, 'HTL', 'electricity')",0.0
opex_revenues,"(0, 26, 'HTL', 'potting media')",0.0
opex_revenues,"(0, 26, 'HTL', 'incentive 1')",0.0
opex_revenues,"(0, 26, 'HTL', 'incentive 2')",0.0
opex_revenues,"(0, 26, 'HTC', 'avoided fertilizer')",0.0
opex_revenues,"(0, 26, 'HTC', 'bio oil')",0.0
opex_revenues,"(0, 26, 'HTC', 'avoided coal')",0.0
opex_revenues,"(0, 26, 'HTC', 'electricity')",0.0
opex_revenues,"(0, 26, 'HTC', 'potting media')",0.0
opex_revenues,"(0, 26, 'HTC', 'incentive 1')",0.0
opex_revenues,"(0, 26, 'HTC', 'incentive 2')",0.0
opex_revenues,"(0, 26, 'CHP', 'avoided fertilizer')",0.0
opex_revenues,"(0, 26, 'CHP', 'bio oil')",0.0
opex_revenues,"(0, 26, 'CHP', 'avoided coal')",0.0
opex_revenues,"(0, 26, 'CHP', 'electricity')",11333.358571811501
opex_revenues,"(0, 26, 'CHP', 'potting media')",0.0
opex_revenues,"(0, 26, 'CHP', 'incentive 1')",0.0
opex_revenues,"(0, 26, 'CHP', 'incentive 2')",0.0
opex_revenues,"(0, 26, 'Feedstock', 'avoided fertilizer')",0.0
opex_revenues,"(0, 26, 'Feedstock', 'bio oil')",0.0
opex_revenues,"(0, 26, 'Feedstock', 'avoided coal')",0.0
opex_revenues,"(0, 26, 'Feedstock', 'electricity')",0.0
opex_revenues,"(0, 26, 'Feedstock', 'potting media')",0.0
opex_revenues,"(0, 26, 'Feedstock', 'incentive 1')",0.0
opex_revenues,"(0, 26, 'Feedstock', 'incentive 2')",0.0
opex_revenues,"(0, 27, 'Pyrolysis', 'avoided fertilizer')",0.0
opex_revenues,"(0, 27, 'Pyrolysis', 'bio oil')",83746.6618296278
opex_revenues,"(0, 27, 'Pyrolysis', 'avoided coal')",0.0
opex_revenues,"(0, 27, 'Pyrolysis', 'electricity')",0.0
opex_revenues,"(0, 27, 'Pyrolysis', 'potting media')",0.0
opex_revenues,"(0, 27, 'Pyrolysis', 'incentive 1')",0.0
opex_revenues,"(0, 27, 'Pyrolysis', 'incentive 2')",0.0
opex_revenues,"(0, 27, 'AD', 'avoided fertilizer')",0.0
opex_revenues,"(0, 27, 'AD', 'bio oil')",0.0
opex_revenues,"(0, 27, 'AD', 'avoided coal')",0.0
opex_revenues,"(0, 27, 'AD', 'electricity')",0.0
opex_revenues,"(0, 27, 'AD', 'potting media')",0.0
opex_revenues,"(0, 27, 'AD', 'incentive 1')",0.0
opex_revenues,"(0, 27, 'AD', 'incentive 2')",0.0
opex_revenues,"(0, 27, 'HTL', 'avoided fertilizer')",0.0
opex_revenues,"(0, 27, 'HTL', 'bio oil')",0.0
opex_revenues,"(0, 27, 'HTL', 'avoided coal')",0.0
opex_revenues,"(0, 27, 'HTL', 'electricity')",0.0
opex_revenues,"(0, 27, 'HTL', 'potting media')",0.0
opex_revenues,"(0, 27, 'HTL', 'incentive 1')",0.0
opex_revenues,"(0, 27, 'HTL', 'incentive 2')",0.0
opex_revenues,"(0, 27, 'HTC', 'avoided fertilizer')",0.0
opex_revenues,"(0, 27, 'HTC', 'bio oil')",0.0
opex_revenues,"(0, 27, 'HTC', 'avoided coal')",0.0
opex_revenues,"(0, 27, 'HTC', 'electricity')",0.0
opex_revenues,"(0, 27, 'HTC', 'potting media')",0.0
opex_revenues,"(0, 27, 'HTC', 'incentive 1')",0.0
opex_revenues,"(0, 27, 'HTC', 'incentive 2')",0.0
opex_revenues,"(0, 27, 'CHP', 'avoided fertilizer')",0.0
opex_revenues,"(0, 27, 'CHP', 'bio oil')",0.0
opex_revenues,"(0, 27, 'CHP', 'avoided coal')",0.0
opex_revenues,"(0, 27, 'CHP', 'electricity')",11269.63839789935
opex_revenues,"(0, 27, 'CHP', 'potting media')",0.0
opex_revenues,"(0, 27, 'CHP', 'incentive 1')",0.0
opex_revenues,"(0, 27, 'CHP', 'incentive 2')",0.0
opex_revenues,"(0, 27, 'Feedstock', 'avoided fertilizer')",0.0
opex_revenues,"(0, 27, 'Feedstock', 'bio oil')",0.0
opex_revenues,"(0, 27, 'Feedstock', 'avoided coal')",0.0
opex_revenues,"(0, 27, 'Feedstock', 'electricity')",0.0
opex_revenues,"(0, 27, 'Feedstock', 'potting media')",0.0
opex_revenues,"(0, 27, 'Feedstock', 'incentive 1')",0.0
opex_revenues,"(0, 27, 'Feedstock', 'incentive 2')",0.0
opex_revenues,"(0, 28, 'Pyrolysis', 'avoided fertilizer')",0.0
opex_revenues,"(0, 28, 'Pyrolysis', 'bio oil')",83275.80830223329
opex_revenues,"(0, 28, 'Pyrolysis', 'avoided coal')",0.0
opex_revenues,"(0, 28, 'Pyrolysis', 'electricity')",0.0
opex_revenues,"(0, 28, 'Pyrolysis', 'potting media')",0.0
opex_revenues,"(0, 28, 'Pyrolysis', 'incentive 1')",0.0
opex_revenues,"(0, 28, 'Pyrolysis', 'incentive 2')",0.0
opex_revenues,"(0, 28, 'AD', 'avoided fertilizer')",0.0
opex_revenues,"(0, 28, 'AD', 'bio oil')",0.0
opex_revenues,"(0, 28, 'AD', 'avoided coal')",0.0
opex_revenues,"(0, 28, 'AD', 'electricity')",0.0
opex_revenues,"(0, 28, 'AD', 'potting media')",0.0
opex_revenues,"(0, 28, 'AD', 'incentive 1')",0.0
opex_revenues,"(0, 28, 'AD', 'incentive 2')",0.0
opex_revenues,"(0, 28, 'HTL', 'avoided fertilizer')",0.0
opex_revenues,"(0, 28, 'HTL', 'bio oil')",0.0
opex_revenues,"(0, 28, 'HTL', 'avoided coal')",0.0
opex_revenues,"(0, 28, 'HTL', 'electricity')",0.0
opex_revenues,"(0, 28, 'HTL', 'potting media')",0.0
opex_revenues,"(0, 28, 'HTL', 'incentive 1')",0.0
opex_revenues,"(0, 28, 'HTL', 'incentive 2')",0.0
opex_revenues,"(0, 28, 'HTC', 'avoided fertilizer')",0.0
opex_revenues,"(0, 28, 'HTC', 'bio oil')",0.0
opex_revenues,"(0, 28, 'HTC', 'avoided coal')",0.0
opex_revenues,"(0, 28, 'HTC', 'electricity')",0.0
opex_revenues,"(0, 28, 'HTC', 'potting media')",0.0
opex_revenues,"(0, 28, 'HTC', 'incentive 1')",0.0
opex_revenues,"(0, 28, 'HTC', 'incentive 2')",0.0
opex_revenues,"(0, 28, 'CHP', 'avoided fertilizer')",0.0
opex_revenues,"(0, 28, 'CHP', 'bio oil')",0.0
opex_revenues,"(0, 28, 'CHP', 'avoided coal')",0.0
opex_revenues,"(0, 28, 'CHP', 'electricity')",11206.27648142193
opex_revenues,"(0, 28, 'CHP', 'potting media')",0.0
opex_revenues,"(0, 28, 'CHP', 'incentive 1')",0.0
opex_revenues,"(0, 28, 'CHP', 'incentive 2')",0.0
opex_revenues,"(0, 28, 'Feedstock', 'avoided fertilizer')",0.0
opex_revenues,"(0, 28, 'Feedstock', 'bio oil')",0.0
opex_revenues,"(0, 28, 'Feedstock', 'avoided coal')",0.0
opex_revenues,"(0, 28, 'Feedstock', 'electricity')",0.0
opex_revenues,"(0, 28, 'Feedstock', 'potting media')",0.0
opex_revenues,"(0, 28, 'Feedstock', 'incentive 1')",0.0
opex_revenues,"(0, 28, 'Feedstock', 'incentive 2')",0.0
opex_revenues,"(0, 29, 'Pyrolysis', 'avoided fertilizer')",294904.3404066507
opex_revenues,"(0, 29, 'Pyrolysis', 'bio oil')",82807.60208088555
opex_revenues,"(0, 29, 'Pyrolysis', 'avoided coal')",0.0
opex_revenues,"(0, 29, 'Pyrolysis', 'electricity')",0.0
opex_revenues,"(0, 29, 'Pyrolysis', 'potting media')",0.0
opex_revenues,"(0, 29, 'Pyrolysis', 'incentive 1')",0.0
opex_revenues,"(0, 29, 'Pyrolysis', 'incentive 2')",0.0
opex_revenues,"(0, 29, 'AD', 'avoided fertilizer')",0.0
opex_revenues,"(0, 29, 'AD', 'bio oil')",0.0
opex_revenues,"(0, 29, 'AD', 'avoided coal')",0.0
opex_revenues,"(0, 29, 'AD', 'electricity')",0.0
opex_revenues,"(0, 29, 'AD', 'potting media')",0.0
opex_revenues,"(0, 29, 'AD', 'incentive 1')",0.0
opex_revenues,"(0, 29, 'AD', 'incentive 2')",0.0
opex_revenues,"(0, 29, 'HTL', 'avoided fertilizer')",0.0
opex_revenues,"(0, 29, 'HTL', 'bio oil')",0.0
opex_revenues,"(0, 29, 'HTL', 'avoided coal')",0.0
opex_revenues,"(0, 29, 'HTL', 'electricity')",0.0
opex_revenues,"(0, 29, 'HTL', 'potting media')",0.0
opex_revenues,"(0, 29, 'HTL', 'incentive 1')",0.0
opex_revenues,"(0, 29, 'HTL', 'incentive 2')",0.0
opex_revenues,"(0, 29, 'HTC', 'avoided fertilizer')",0.0
opex_revenues,"(0, 29, 'HTC', 'bio oil')",0.0
opex_revenues,"(0, 29, 'HTC', 'avoided coal')",0.0
opex_revenues,"(0, 29, 'HTC', 'electricity')",0.0
opex_revenues,"(0, 29, 'HTC', 'potting media')",0.0
opex_revenues,"(0, 29, 'HTC', 'incentive 1')",0.0
opex_revenues,"(0, 29, 'HTC', 'incentive 2')",0.0
opex_revenues,"(0, 29, 'CHP', 'avoided fertilizer')",0.0
opex_revenues,"(0, 29, 'CHP', 'bio oil')",0.0
opex_revenues,"(0, 29, 'CHP', 'avoided coal')",0.0
opex_revenues,"(0, 29, 'CHP', 'electricity')",11143.270808181245
opex_revenues,"(0, 29, 'CHP', 'potting media')",0.0
opex_revenues,"(0, 29, 'CHP', 'incentive 1')",0.0
opex_revenues,"(0, 29, 'CHP', 'incentive 2')",0.0
opex_revenues,"(0, 29, 'Feedstock', 'avoided fertilizer')",0.0
opex_revenues,"(0, 29, 'Feedstock', 'bio oil')",0.0
opex_revenues,"(0, 29, 'Feedstock', 'avoided coal')",0.0
opex_revenues,"(0, 29, 'Feedstock', 'electricity')",0.0
opex_revenues,"(0, 29, 'Feedstock', 'potting media')",0.0
opex_revenues,"(0, 29, 'Feedstock', 'incentive 1')",0.0
opex_revenues,"(0, 29, 'Feedstock', 'incentive 2')",0.0
opex_revenues,"(0, 30, 'Pyrolysis', 'avoided fertilizer')",0.0
opex_revenues,"(0, 30, 'Pyrolysis', 'bio oil')",78487.72057469512
opex_revenues,"(0, 30, 'Pyrolysis', 'avoided coal')",0.0
opex_revenues,"(0, 30, 'Pyrolysis', 'electricity')",0.0
opex_revenues,"(0, 30, 'Pyrolysis', 'potting media')",0.0
opex_revenues,"(0, 30, 'Pyrolysis', 'incentive 1')",0.0
opex_revenues,"(0, 30, 'Pyrolysis', 'incentive 2')",0.0
opex_revenues,"(0, 30, 'AD', 'avoided fertilizer')",0.0
opex_revenues,"(0, 30, 'AD', 'bio oil')",0.0
opex_revenues,"(0, 30, 'AD', 'avoided coal')",0.0
opex_revenues,"(0, 30, 'AD', 'electricity')",0.0
opex_revenues,"(0, 30, 'AD', 'potting media')",0.0
opex_revenues,"(0, 30, 'AD', 'incentive 1')",0.0
opex_revenues,"(0, 30, 'AD', 'incentive 2')",0.0
opex_revenues,"(0, 30, 'HTL', 'avoided fertilizer')",0.0
opex_revenues,"(0, 30, 'HTL', 'bio oil')",0.0
opex_revenues,"(0, 30, 'HTL', 'avoided coal')",0.0
opex_revenues,"(0, 30, 'HTL', 'electricity')",0.0
opex_revenues,"(0, 30, 'HTL', 'potting media')",0.0
opex_revenues,"(0, 30, 'HTL', 'incentive 1')",0.0
opex_revenues,"(0, 30, 'HTL', 'incentive 2')",0.0
opex_revenues,"(0, 30, 'HTC', 'avoided fertilizer')",0.0
opex_revenues,"(0, 30, 'HTC', 'bio oil')",0.0
opex_revenues,"(0, 30, 'HTC', 'avoided coal')",0.0
opex_revenues,"(0, 30, 'HTC', 'electricity')",0.0
opex_revenues,"(0, 30, 'HTC', 'potting media')",0.0
opex_revenues,"(0, 30, 'HTC', 'incentive 1')",0.0
opex_revenues,"(0, 30, 'HTC', 'incentive 2')",0.0
opex_revenues,"(0, 30, 'CHP', 'avoided fertilizer')",0.0
opex_revenues,"(0, 30, 'CHP', 'bio oil')",0.0
opex_revenues,"(0, 30, 'CHP', 'avoided coal')",0.0
opex_revenues,"(0, 30, 'CHP', 'electricity')",44730.58066995886
opex_revenues,"(0, 30, 'CHP', 'potting media')",0.0
opex_revenues,"(0, 30, 'CHP', 'incentive 1')",0.0
opex_revenues,"(0, 30, 'CHP', 'incentive 2')",0.0
opex_revenues,"(0, 30, 'Feedstock', 'avoided fertilizer')",0.0
opex_revenues,"(0, 30, 'Feedstock', 'bio oil')",0.0
opex_revenues,"(0, 30, 'Feedstock', 'avoided coal')",0.0
opex_revenues,"(0, 30, 'Feedstock', 'electricity')",0.0
opex_revenues,"(0, 30, 'Feedstock', 'potting media')",0.0
opex_revenues,"(0, 30, 'Feedstock', 'incentive 1')",0.0
opex_revenues,"(0, 30, 'Feedstock', 'incentive 2')",0.0
opex_revenues,"(0, 31, 'Pyrolysis', 'avoided fertilizer')",0.0
opex_revenues,"(0, 31, 'Pyrolysis', 'bio oil')",78046.43468551329
opex_revenues,"(0, 31, 'Pyrolysis', 'avoided coal')",0.0
opex_revenues,"(0, 31, 'Pyrolysis', 'electricity')",0.0
opex_revenues,"(0, 31, 'Pyrolysis', 'potting media')",0.0
opex_revenues,"(0, 31, 'Pyrolysis', 'incentive 1')",0.0
opex_revenues,"(0, 31, 'Pyrolysis', 'incentive 2')",0.0
opex_revenues,"(0, 31, 'AD', 'avoided fertilizer')",0.0
opex_revenues,"(0, 31, 'AD', 'bio oil')",0.0
opex_revenues,"(0, 31, 'AD', 'avoided coal')",0.0
opex_revenues,"(0, 31, 'AD', 'electricity')",0.0
opex_revenues,"(0, 31, 'AD', 'potting media')",0.0
opex_revenues,"(0, 31, 'AD', 'incentive 1')",0.0
opex_revenues,"(0, 31, 'AD', 'incentive 2')",0.0
opex_revenues,"(0, 31, 'HTL', 'avoided fertilizer')",0.0
opex_revenues,"(0, 31, 'HTL', 'bio oil')",0.0
opex_revenues,"(0, 31, 'HTL', 'avoided coal')",0.0
opex_revenues,"(0, 31, 'HTL', 'electricity')",0.0
opex_revenues,"(0, 31, 'HTL', 'potting media')",0.0
opex_revenues,"(0, 31, 'HTL', 'incentive 1')",0.0
opex_revenues,"(0, 31, 'HTL', 'incentive 2')",0.0
opex_revenues,"(0, 31, 'HTC', 'avoided fertilizer')",0.0
opex_revenues,"(0, 31, 'HTC', 'bio oil')",0.0
opex_revenues,"(0, 31, 'HTC', 'avoided coal')",0.0
opex_revenues,"(0, 31, 'HTC', 'electricity')",0.0
opex_revenues,"(0, 31, 'HTC', 'potting media')",0.0
opex_revenues,"(0, 31, 'HTC', 'incentive 1')",0.0
opex_revenues,"(0, 31, 'HTC', 'incentive 2')",0.0
opex_revenues,"(0, 31, 'CHP', 'avoided fertilizer')",0.0
opex_revenues,"(0, 31, 'CHP', 'bio oil')",0.0
opex_revenues,"(0, 31, 'CHP', 'avoided coal')",0.0
opex_revenues,"(0, 31, 'CHP', 'electricity')",44479.089431613116
opex_revenues,"(0, 31, 'CHP', 'potting media')",0.0
opex_revenues,"(0, 31, 'CHP', 'incentive 1')",0.0
opex_revenues,"(0, 31, 'CHP', 'incentive 2')",0.0
opex_revenues,"(0, 31, 'Feedstock', 'avoided fertilizer')",0.0
opex_revenues,"(0, 31, 'Feedstock', 'bio oil')",0.0
opex_revenues,"(0, 31, 'Feedstock', 'avoided coal')",0.0
opex_revenues,"(0, 31, 'Feedstock', 'electricity')",0.0
opex_revenues,"(0, 31, 'Feedstock', 'potting media')",0.0
opex_revenues,"(0, 31, 'Feedstock', 'incentive 1')",0.0
opex_revenues,"(0, 31, 'Feedstock', 'incentive 2')",0.0
opex_revenues,"(0, 32, 'Pyrolysis', 'avoided fertilizer')",0.0
opex_revenues,"(0, 32, 'Pyrolysis', 'bio oil')",77607.62986321934
opex_revenues,"(0, 32, 'Pyrolysis', 'avoided coal')",0.0
opex_revenues,"(0, 32, 'Pyrolysis', 'electricity')",0.0
opex_revenues,"(0, 32, 'Pyrolysis', 'potting media')",0.0
opex_revenues,"(0, 32, 'Pyrolysis', 'incentive 1')",0.0
opex_revenues,"(0, 32, 'Pyrolysis', 'incentive 2')",0.0
opex_revenues,"(0, 32, 'AD', 'avoided fertilizer')",0.0
opex_revenues,"(0, 32, 'AD', 'bio oil')",0.0
opex_revenues,"(0, 32, 'AD', 'avoided coal')",0.0
opex_revenues,"(0, 32, 'AD', 'electricity')",0.0
opex_revenues,"(0, 32, 'AD', 'potting media')",0.0
opex_revenues,"(0, 32, 'AD', 'incentive 1')",0.0
opex_revenues,"(0, 32, 'AD', 'incentive 2')",0.0
opex_revenues,"(0, 32, 'HTL', 'avoided fertilizer')",0.0
opex_revenues,"(0, 32, 'HTL', 'bio oil')",0.0
opex_revenues,"(0, 32, 'HTL', 'avoided coal')",0.0
opex_revenues,"(0, 32, 'HTL', 'electricity')",0.0
opex_revenues,"(0, 32, 'HTL', 'potting media')",0.0
opex_revenues,"(0, 32, 'HTL', 'incentive 1')",0.0
opex_revenues,"(0, 32, 'HTL', 'incentive 2')",0.0
opex_revenues,"(0, 32, 'HTC', 'avoided fertilizer')",0.0
opex_revenues,"(0, 32, 'HTC', 'bio oil')",0.0
opex_revenues,"(0, 32, 'HTC', 'avoided coal')",0.0
opex_revenues,"(0, 32, 'HTC', 'electricity')",0.0
opex_revenues,"(0, 32, 'HTC', 'potting media')",0.0
opex_revenues,"(0, 32, 'HTC', 'incentive 1')",0.0
opex_revenues,"(0, 32, 'HTC', 'incentive 2')",0.0
opex_revenues,"(0, 32, 'CHP', 'avoided fertilizer')",0.0
opex_revenues,"(0, 32, 'CHP', 'bio oil')",0.0
opex_revenues,"(0, 32, 'CHP', 'avoided coal')",0.0
opex_revenues,"(0, 32, 'CHP', 'electricity')",44229.0121664825
opex_revenues,"(0, 32, 'CHP', 'potting media')",0.0
opex_revenues,"(0, 32, 'CHP', 'incentive 1')",0.0
opex_revenues,"(0, 32, 'CHP', 'incentive 2')",0.0
opex_revenues,"(0, 32, 'Feedstock', 'avoided fertilizer')",0.0
opex_revenues,"(0, 32, 'Feedstock', 'bio oil')",0.0
opex_revenues,"(0, 32, 'Feedstock', 'avoided coal')",0.0
opex_revenues,"(0, 32, 'Feedstock', 'electricity')",0.0
opex_revenues,"(0, 32, 'Feedstock', 'potting media')",0.0
opex_revenues,"(0, 32, 'Feedstock', 'incentive 1')",0.0
opex_revenues,"(0, 32, 'Feedstock', 'incentive 2')",0.0
opex_revenues,"(0, 33, 'Pyrolysis', 'avoided fertilizer')",0.0
opex_revenues,"(0, 33, 'Pyrolysis', 'bio oil')",77171.29215799586
opex_revenues,"(0, 33, 'Pyrolysis', 'avoided coal')",0.0
opex_revenues,"(0, 33, 'Pyrolysis', 'electricity')",0.0
opex_revenues,"(0, 33, 'Pyrolysis', 'potting media')",0.0
opex_revenues,"(0, 33, 'Pyrolysis', 'incentive 1')",0.0
opex_revenues,"(0, 33, 'Pyrolysis', 'incentive 2')",0.0
opex_revenues,"(0, 33, 'AD', 'avoided fertilizer')",0.0
opex_revenues,"(0, 33, 'AD', 'bio oil')",0.0
opex_revenues,"(0, 33, 'AD', 'avoided coal')",0.0
opex_revenues,"(0, 33, 'AD', 'electricity')",0.0
opex_revenues,"(0, 33, 'AD', 'potting media')",0.0
opex_revenues,"(0, 33, 'AD', 'incentive 1')",0.0
opex_revenues,"(0, 33, 'AD', 'incentive 2')",0.0
opex_revenues,"(0, 33, 'HTL', 'avoided fertilizer')",0.0
opex_revenues,"(0, 33, 'HTL', 'bio oil')",0.0
opex_revenues,"(0, 33, 'HTL', 'avoided coal')",0.0
opex_revenues,"(0, 33, 'HTL', 'electricity')",0.0
opex_revenues,"(0, 33, 'HTL', 'potting media')",0.0
opex_revenues,"(0, 33, 'HTL', 'incentive 1')",0.0
opex_revenues,"(0, 33, 'HTL', 'incentive 2')",0.0
opex_revenues,"(0, 33, 'HTC', 'avoided fertilizer')",0.0
opex_revenues,"(0, 33, 'HTC', 'bio oil')",0.0
opex_revenues,"(0, 33, 'HTC', 'avoided coal')",0.0
opex_revenues,"(0, 33, 'HTC', 'electricity')",0.0
opex_revenues,"(0, 33, 'HTC', 'potting media')",0.0
opex_revenues,"(0, 33, 'HTC', 'incentive 1')",0.0
opex_revenues,"(0, 33, 'HTC', 'incentive 2')",0.0
opex_revenues,"(0, 33, 'CHP', 'avoided fertilizer')",0.0
opex_revenues,"(0, 33, 'CHP', 'bio oil')",0.0
opex_revenues,"(0, 33, 'CHP', 'avoided coal')",0.0
opex_revenues,"(0, 33, 'CHP', 'electricity')",43980.340924706565
opex_revenues,"(0, 33, 'CHP', 'potting media')",0.0
opex_revenues,"(0, 33, 'CHP', 'incentive 1')",0.0
opex_revenues,"(0, 33, 'CHP', 'incentive 2')",0.0
opex_revenues,"(0, 33, 'Feedstock', 'avoided fertilizer')",0.0
opex_revenues,"(0, 33, 'Feedstock', 'bio oil')",0.0
opex_revenues,"(0, 33, 'Feedstock', 'avoided coal')",0.0
opex_revenues,"(0, 33, 'Feedstock', 'electricity')",0.0
opex_revenues,"(0, 33, 'Feedstock', 'potting media')",0.0
opex_revenues,"(0, 33, 'Feedstock', 'incentive 1')",0.0
opex_revenues,"(0, 33, 'Feedstock', 'incentive 2')",0.0
opex_revenues,"(0, 34, 'Pyrolysis', 'avoided fertilizer')",0.0
opex_revenues,"(0, 34, 'Pyrolysis', 'bio oil')",80505.76254054073
opex_revenues,"(0, 34, 'Pyrolysis', 'avoided coal')",0.0
opex_revenues,"(0, 34, 'Pyrolysis', 'electricity')",0.0
opex_revenues,"(0, 34, 'Pyrolysis', 'potting media')",0.0
opex_revenues,"(0, 34, 'Pyrolysis', 'incentive 1')",0.0
opex_revenues,"(0, 34, 'Pyrolysis', 'incentive 2')",0.0
opex_revenues,"(0, 34, 'AD', 'avoided fertilizer')",0.0
opex_revenues,"(0, 34, 'AD', 'bio oil')",0.0
opex_revenues,"(0, 34, 'AD', 'avoided coal')",0.0
opex_revenues,"(0, 34, 'AD', 'electricity')",0.0
opex_revenues,"(0, 34, 'AD', 'potting media')",0.0
opex_revenues,"(0, 34, 'AD', 'incentive 1')",0.0
opex_revenues,"(0, 34, 'AD', 'incentive 2')",0.0
opex_revenues,"(0, 34, 'HTL', 'avoided fertilizer')",0.0
opex_revenues,"(0, 34, 'HTL', 'bio oil')",0.0
opex_revenues,"(0, 34, 'HTL', 'avoided coal')",0.0
opex_revenues,"(0, 34, 'HTL', 'electricity')",0.0
opex_revenues,"(0, 34, 'HTL', 'potting media')",0.0
opex_revenues,"(0, 34, 'HTL', 'incentive 1')",0.0
opex_revenues,"(0, 34, 'HTL', 'incentive 2')",0.0
opex_revenues,"(0, 34, 'HTC', 'avoided fertilizer')",0.0
opex_revenues,"(0, 34, 'HTC', 'bio oil')",0.0
opex_revenues,"(0, 34, 'HTC', 'avoided coal')",0.0
opex_revenues,"(0, 34, 'HTC', 'electricity')",0.0
opex_revenues,"(0, 34, 'HTC', 'potting media')",0.0
opex_revenues,"(0, 34, 'HTC', 'incentive 1')",0.0
opex_revenues,"(0, 34, 'HTC', 'incentive 2')",0.0
opex_revenues,"(0, 34, 'CHP', 'avoided fertilizer')",0.0
opex_revenues,"(0, 34, 'CHP', 'bio oil')",0.0
opex_revenues,"(0, 34, 'CHP', 'avoided coal')",0.0
opex_revenues,"(0, 34, 'CHP', 'electricity')",19490.65671255632
opex_revenues,"(0, 34, 'CHP', 'potting media')",0.0
opex_revenues,"(0, 34, 'CHP', 'incentive 1')",0.0
opex_revenues,"(0, 34, 'CHP', 'incentive 2')",0.0
opex_revenues,"(0, 34, 'Feedstock', 'avoided fertilizer')",0.0
opex_revenues,"(0, 34, 'Feedstock', 'bio oil')",0.0
opex_revenues,"(0, 34, 'Feedstock', 'avoided coal')",0.0
opex_revenues,"(0, 34, 'Feedstock', 'electricity')",0.0
opex_revenues,"(0, 34, 'Feedstock', 'potting media')",0.0
opex_revenues,"(0, 34, 'Feedstock', 'incentive 1')",0.0
opex_revenues,"(0, 34, 'Feedstock', 'incentive 2')",0.0
opex_revenues,"(0, 35, 'Pyrolysis', 'avoided fertilizer')",0.0
opex_revenues,"(0, 35, 'Pyrolysis', 'bio oil')",80053.13050196569
opex_revenues,"(0, 35, 'Pyrolysis', 'avoided coal')",0.0
opex_revenues,"(0, 35, 'Pyrolysis', 'electricity')",0.0
opex_revenues,"(0, 35, 'Pyrolysis', 'potting media')",0.0
opex_revenues,"(0, 35, 'Pyrolysis', 'incentive 1')",0.0
opex_revenues,"(0, 35, 'Pyrolysis', 'incentive 2')",0.0
opex_revenues,"(0, 35, 'AD', 'avoided fertilizer')",0.0
opex_revenues,"(0, 35, 'AD', 'bio oil')",0.0
opex_revenues,"(0, 35, 'AD', 'avoided coal')",0.0
opex_revenues,"(0, 35, 'AD', 'electricity')",0.0
opex_revenues,"(0, 35, 'AD', 'potting media')",0.0
opex_revenues,"(0, 35, 'AD', 'incentive 1')",0.0
opex_revenues,"(0, 35, 'AD', 'incentive 2')",0.0
opex_revenues,"(0, 35, 'HTL', 'avoided fertilizer')",0.0
opex_revenues,"(0, 35, 'HTL', 'bio oil')",0.0
opex_revenues,"(0, 35, 'HTL', 'avoided coal')",0.0
opex_revenues,"(0, 35, 'HTL', 'electricity')",0.0
opex_revenues,"(0, 35, 'HTL', 'potting media')",0.0
opex_revenues,"(0, 35, 'HTL', 'incentive 1')",0.0
opex_revenues,"(0, 35, 'HTL', 'incentive 2')",0.0
opex_revenues,"(0, 35, 'HTC', 'avoided fertilizer')",0.0
opex_revenues,"(0, 35, 'HTC', 'bio oil')",0.0
opex_revenues,"(0, 35, 'HTC', 'avoided coal')",0.0
opex_revenues,"(0, 35, 'HTC', 'electricity')",0.0
opex_revenues,"(0, 35, 'HTC', 'potting media')",0.0
opex_revenues,"(0, 35, 'HTC', 'incentive 1')",0.0
opex_revenues,"(0, 35, 'HTC', 'incentive 2')",0.0
opex_revenues,"(0, 35, 'CHP', 'avoided fertilizer')",0.0
opex_revenues,"(0, 35, 'CHP', 'bio oil')",0.0
opex_revenues,"(0, 35, 'CHP', 'avoided coal')",0.0
opex_revenues,"(0, 35, 'CHP', 'electricity')",10772.606497586172
opex_revenues,"(0, 35, 'CHP', 'potting media')",0.0
opex_revenues,"(0, 35, 'CHP', 'incentive 1')",0.0
opex_revenues,"(0, 35, 'CHP', 'incentive 2')",0.0
opex_revenues,"(0, 35, 'Feedstock', 'avoided fertilizer')",0.0
opex_revenues,"(0, 35, 'Feedstock', 'bio oil')",0.0
opex_revenues,"(0, 35, 'Feedstock', 'avoided coal')",0.0
opex_revenues,"(0, 35, 'Feedstock', 'electricity')",0.0
opex_revenues,"(0, 35, 'Feedstock', 'potting media')",0.0
opex_revenues,"(0, 35, 'Feedstock', 'incentive 1')",0.0
opex_revenues,"(0, 35, 'Feedstock', 'incentive 2')",0.0
opex_revenues,"(0, 36, 'Pyrolysis', 'avoided fertilizer')",0.0
opex_revenues,"(0, 36, 'Pyrolysis', 'bio oil')",79603.04332174463
opex_revenues,"(0, 36, 'Pyrolysis', 'avoided coal')",0.0
opex_revenues,"(0, 36, 'Pyrolysis', 'electricity')",0.0
opex_revenues,"(0, 36, 'Pyrolysis', 'potting media')",0.0
opex_revenues,"(0, 36, 'Pyrolysis', 'incentive 1')",0.0
opex_revenues,"(0, 36, 'Pyrolysis', 'incentive 2')",0.0
opex_revenues,"(0, 36, 'AD', 'avoided fertilizer')",0.0
opex_revenues,"(0, 36, 'AD', 'bio oil')",0.0
opex_revenues,"(0, 36, 'AD', 'avoided coal')",0.0
opex_revenues,"(0, 36, 'AD', 'electricity')",0.0
opex_revenues,"(0, 36, 'AD', 'potting media')",0.0
opex_revenues,"(0, 36, 'AD', 'incentive 1')",0.0
opex_revenues,"(0, 36, 'AD', 'incentive 2')",0.0
opex_revenues,"(0, 36, 'HTL', 'avoided fertilizer')",0.0
opex_revenues,"(0, 36, 'HTL', 'bio oil')",0.0
opex_revenues,"(0, 36, 'HTL', 'avoided coal')",0.0
opex_revenues,"(0, 36, 'HTL', 'electricity')",0.0
opex_revenues,"(0, 36, 'HTL', 'potting media')",0.0
opex_revenues,"(0, 36, 'HTL', 'incentive 1')",0.0
opex_revenues,"(0, 36, 'HTL', 'incentive 2')",0.0
opex_revenues,"(0, 36, 'HTC', 'avoided fertilizer')",0.0
opex_revenues,"(0, 36, 'HTC', 'bio oil')",0.0
opex_revenues,"(0, 36, 'HTC', 'avoided coal')",0.0
opex_revenues,"(0, 36, 'HTC', 'electricity')",0.0
opex_revenues,"(0, 36, 'HTC', 'potting media')",0.0
opex_revenues,"(0, 36, 'HTC', 'incentive 1')",0.0
opex_revenues,"(0, 36, 'HTC', 'incentive 2')",0.0
opex_revenues,"(0, 36, 'CHP', 'avoided fertilizer')",0.0
opex_revenues,"(0, 36, 'CHP', 'bio oil')",0.0
opex_revenues,"(0, 36, 'CHP', 'avoided coal')",0.0
opex_revenues,"(0, 36, 'CHP', 'electricity')",10712.039071281579
opex_revenues,"(0, 36, 'CHP', 'potting media')",0.0
opex_revenues,"(0, 36, 'CHP', 'incentive 1')",0.0
opex_revenues,"(0, 36, 'CHP', 'incentive 2')",0.0
opex_revenues,"(0, 36, 'Feedstock', 'avoided fertilizer')",0.0
opex_revenues,"(0, 36, 'Feedstock', 'bio oil')",0.0
opex_revenues,"(0, 36, 'Feedstock', 'avoided coal')",0.0
opex_revenues,"(0, 36, 'Feedstock', 'electricity')",0.0
opex_revenues,"(0, 36, 'Feedstock', 'potting media')",0.0
opex_revenues,"(0, 36, 'Feedstock', 'incentive 1')",0.0
opex_revenues,"(0, 36, 'Feedstock', 'incentive 2')",0.0
opex_revenues,"(0, 37, 'Pyrolysis', 'avoided fertilizer')",0.0
opex_revenues,"(0, 37, 'Pyrolysis', 'bio oil')",79155.4866917785
opex_revenues,"(0, 37, 'Pyrolysis', 'avoided coal')",0.0
opex_revenues,"(0, 37, 'Pyrolysis', 'electricity')",0.0
opex_revenues,"(0, 37, 'Pyrolysis', 'potting media')",0.0
opex_revenues,"(0, 37, 'Pyrolysis', 'incentive 1')",0.0
opex_revenues,"(0, 37, 'Pyrolysis', 'incentive 2')",0.0
opex_revenues,"(0, 37, 'AD', 'avoided fertilizer')",0.0
opex_revenues,"(0, 37, 'AD', 'bio oil')",0.0
opex_revenues,"(0, 37, 'AD', 'avoided coal')",0.0
opex_revenues,"(0, 37, 'AD', 'electricity')",0.0
opex_revenues,"(0, 37, 'AD', 'potting media')",0.0
opex_revenues,"(0, 37, 'AD', 'incentive 1')",0.0
opex_revenues,"(0, 37, 'AD', 'incentive 2')",0.0
opex_revenues,"(0, 37, 'HTL', 'avoided fertilizer')",0.0
opex_revenues,"(0, 37, 'HTL', 'bio oil')",0.0
opex_revenues,"(0, 37, 'HTL', 'avoided coal')",0.0
opex_revenues,"(0, 37, 'HTL', 'electricity')",0.0
opex_revenues,"(0, 37, 'HTL', 'potting media')",0.0
opex_revenues,"(0, 37, 'HTL', 'incentive 1')",0.0
opex_revenues,"(0, 37, 'HTL', 'incentive 2')",0.0
opex_revenues,"(0, 37, 'HTC', 'avoided fertilizer')",0.0
opex_revenues,"(0, 37, 'HTC', 'bio oil')",0.0
opex_revenues,"(0, 37, 'HTC', 'avoided coal')",0.0
opex_revenues,"(0, 37, 'HTC', 'electricity')",0.0
opex_revenues,"(0, 37, 'HTC', 'potting media')",0.0
opex_revenues,"(0, 37, 'HTC', 'incentive 1')",0.0
opex_revenues,"(0, 37, 'HTC', 'incentive 2')",0.0
opex_revenues,"(0, 37, 'CHP', 'avoided fertilizer')",0.0
opex_revenues,"(0, 37, 'CHP', 'bio oil')",0.0
opex_revenues,"(0, 37, 'CHP', 'avoided coal')",0.0
opex_revenues,"(0, 37, 'CHP', 'electricity')",10651.812176595775
opex_revenues,"(0, 37, 'CHP', 'potting media')",0.0
opex_revenues,"(0, 37, 'CHP', 'incentive 1')",0.0
opex_revenues,"(0, 37, 'CHP', 'incentive 2')",0.0
opex_revenues,"(0, 37, 'Feedstock', 'avoided fertilizer')",0.0
opex_revenues,"(0, 37, 'Feedstock', 'bio oil')",0.0
opex_revenues,"(0, 37, 'Feedstock', 'avoided coal')",0.0
opex_revenues,"(0, 37, 'Feedstock', 'electricity')",0.0
opex_revenues,"(0, 37, 'Feedstock', 'potting media')",0.0
opex_revenues,"(0, 37, 'Feedstock', 'incentive 1')",0.0
opex_revenues,"(0, 37, 'Feedstock', 'incentive 2')",0.0
opex_revenues,"(0, 38, 'Pyrolysis', 'avoided fertilizer')",0.0
opex_revenues,"(0, 38, 'Pyrolysis', 'bio oil')",78710.44638441344
opex_revenues,"(0, 38, 'Pyrolysis', 'avoided coal')",0.0
opex_revenues,"(0, 38, 'Pyrolysis', 'electricity')",0.0
opex_revenues,"(0, 38, 'Pyrolysis', 'potting media')",0.0
opex_revenues,"(0, 38, 'Pyrolysis', 'incentive 1')",0.0
opex_revenues,"(0, 38, 'Pyrolysis', 'incentive 2')",0.0
opex_revenues,"(0, 38, 'AD', 'avoided fertilizer')",0.0
opex_revenues,"(0, 38, 'AD', 'bio oil')",0.0
opex_revenues,"(0, 38, 'AD', 'avoided coal')",0.0
opex_revenues,"(0, 38, 'AD', 'electricity')",0.0
opex_revenues,"(0, 38, 'AD', 'potting media')",0.0
opex_revenues,"(0, 38, 'AD', 'incentive 1')",0.0
opex_revenues,"(0, 38, 'AD', 'incentive 2')",0.0
opex_revenues,"(0, 38, 'HTL', 'avoided fertilizer')",0.0
opex_revenues,"(0, 38, 'HTL', 'bio oil')",0.0
opex_revenues,"(0, 38, 'HTL', 'avoided coal')",0.0
opex_revenues,"(0, 38, 'HTL', 'electricity')",0.0
opex_revenues,"(0, 38, 'HTL', 'potting media')",0.0
opex_revenues,"(0, 38, 'HTL', 'incentive 1')",0.0
opex_revenues,"(0, 38, 'HTL', 'incentive 2')",0.0
opex_revenues,"(0, 38, 'HTC', 'avoided fertilizer')",0.0
opex_revenues,"(0, 38, 'HTC', 'bio oil')",0.0
opex_revenues,"(0, 38, 'HTC', 'avoided coal')",0.0
opex_revenues,"(0, 38, 'HTC', 'electricity')",0.0
opex_revenues,"(0, 38, 'HTC', 'potting media')",0.0
opex_revenues,"(0, 38, 'HTC', 'incentive 1')",0.0
opex_revenues,"(0, 38, 'HTC', 'incentive 2')",0.0
opex_revenues,"(0, 38, 'CHP', 'avoided fertilizer')",0.0
opex_revenues,"(0, 38, 'CHP', 'bio oil')",0.0
opex_revenues,"(0, 38, 'CHP', 'avoided coal')",0.0
opex_revenues,"(0, 38, 'CHP', 'electricity')",10591.923898938841
opex_revenues,"(0, 38, 'CHP', 'potting media')",0.0
opex_revenues,"(0, 38, 'CHP', 'incentive 1')",0.0
opex_revenues,"(0, 38, 'CHP', 'incentive 2')",0.0
opex_revenues,"(0, 38, 'Feedstock', 'avoided fertilizer')",0.0
opex_revenues,"(0, 38, 'Feedstock', 'bio oil')",0.0
opex_revenues,"(0, 38, 'Feedstock', 'avoided coal')",0.0
opex_revenues,"(0, 38, 'Feedstock', 'electricity')",0.0
opex_revenues,"(0, 38, 'Feedstock', 'potting media')",0.0
opex_revenues,"(0, 38, 'Feedstock', 'incentive 1')",0.0
opex_revenues,"(0, 38, 'Feedstock', 'incentive 2')",0.0
opex_revenues,"(0, 39, 'Pyrolysis', 'avoided fertilizer')",0.0
opex_revenues,"(0, 39, 'Pyrolysis', 'bio oil')",78267.90825198861
opex_revenues,"(0, 39, 'Pyrolysis', 'avoided coal')",0.0
opex_revenues,"(0, 39, 'Pyrolysis', 'electricity')",0.0
opex_revenues,"(0, 39, 'Pyrolysis', 'potting media')",0.0
opex_revenues,"(0, 39, 'Pyrolysis', 'incentive 1')",0.0
opex_revenues,"(0, 39, 'Pyrolysis', 'incentive 2')",0.0
opex_revenues,"(0, 39, 'AD', 'avoided fertilizer')",0.0
opex_revenues,"(0, 39, 'AD', 'bio oil')",0.0
opex_revenues,"(0, 39, 'AD', 'avoided coal')",0.0
opex_revenues,"(0, 39, 'AD', 'electricity')",0.0
opex_revenues,"(0, 39, 'AD', 'potting media')",0.0
opex_revenues,"(0, 39, 'AD', 'incentive 1')",0.0
opex_revenues,"(0, 39, 'AD', 'incentive 2')",0.0
opex_revenues,"(0, 39, 'HTL', 'avoided fertilizer')",0.0
opex_revenues,"(0, 39, 'HTL', 'bio oil')",0.0
opex_revenues,"(0, 39, 'HTL', 'avoided coal')",0.0
opex_revenues,"(0, 39, 'HTL', 'electricity')",0.0
opex_revenues,"(0, 39, 'HTL', 'potting media')",0.0
opex_revenues,"(0, 39, 'HTL', 'incentive 1')",0.0
opex_revenues,"(0, 39, 'HTL', 'incentive 2')",0.0
opex_revenues,"(0, 39, 'HTC', 'avoided fertilizer')",0.0
opex_revenues,"(0, 39, 'HTC', 'bio oil')",0.0
opex_revenues,"(0, 39, 'HTC', 'avoided coal')",0.0
opex_revenues,"(0, 39, 'HTC', 'electricity')",0.0
opex_revenues,"(0, 39, 'HTC', 'potting media')",0.0
opex_revenues,"(0, 39, 'HTC', 'incentive 1')",0.0
opex_revenues,"(0, 39, 'HTC', 'incentive 2')",0.0
opex_revenues,"(0, 39, 'CHP', 'avoided fertilizer')",0.0
opex_revenues,"(0, 39, 'CHP', 'bio oil')",0.0
opex_revenues,"(0, 39, 'CHP', 'avoided coal')",0.0
opex_revenues,"(0, 39, 'CHP', 'electricity')",10532.372334485375
opex_revenues,"(0, 39, 'CHP', 'potting media')",0.0
opex_revenues,"(0, 39, 'CHP', 'incentive 1')",0.0
opex_revenues,"(0, 39, 'CHP', 'incentive 2')",0.0
opex_revenues,"(0, 39, 'Feedstock', 'avoided fertilizer')",0.0
opex_revenues,"(0, 39, 'Feedstock', 'bio oil')",0.0
opex_revenues,"(0, 39, 'Feedstock', 'avoided coal')",0.0
opex_revenues,"(0, 39, 'Feedstock', 'electricity')",0.0
opex_revenues,"(0, 39, 'Feedstock', 'potting media')",0.0
opex_revenues,"(0, 39, 'Feedstock', 'incentive 1')",0.0
opex_revenues,"(0, 39, 'Feedstock', 'incentive 2')",0.0
opex_revenues,"(0, 40, 'Pyrolysis', 'avoided fertilizer')",0.0
opex_revenues,"(0, 40, 'Pyrolysis', 'bio oil')",77827.85822638625
opex_revenues,"(0, 40, 'Pyrolysis', 'avoided coal')",0.0
opex_revenues,"(0, 40, 'Pyrolysis', 'electricity')",0.0
opex_revenues,"(0, 40, 'Pyrolysis', 'potting media')",0.0
opex_revenues,"(0, 40, 'Pyrolysis', 'incentive 1')",0.0
opex_revenues,"(0, 40, 'Pyrolysis', 'incentive 2')",0.0
opex_revenues,"(0, 40, 'AD', 'avoided fertilizer')",0.0
opex_revenues,"(0, 40, 'AD', 'bio oil')",0.0
opex_revenues,"(0, 40, 'AD', 'avoided coal')",0.0
opex_revenues,"(0, 40, 'AD', 'electricity')",0.0
opex_revenues,"(0, 40, 'AD', 'potting media')",0.0
opex_revenues,"(0, 40, 'AD', 'incentive 1')",0.0
opex_revenues,"(0, 40, 'AD', 'incentive 2')",0.0
opex_revenues,"(0, 40, 'HTL', 'avoided fertilizer')",0.0
opex_revenues,"(0, 40, 'HTL', 'bio oil')",0.0
opex_revenues,"(0, 40, 'HTL', 'avoided coal')",0.0
opex_revenues,"(0, 40, 'HTL', 'electricity')",0.0
opex_revenues,"(0, 40, 'HTL', 'potting media')",0.0
opex_revenues,"(0, 40, 'HTL', 'incentive 1')",0.0
opex_revenues,"(0, 40, 'HTL', 'incentive 2')",0.0
opex_revenues,"(0, 40, 'HTC', 'avoided fertilizer')",0.0
opex_revenues,"(0, 40, 'HTC', 'bio oil')",0.0
opex_revenues,"(0, 40, 'HTC', 'avoided coal')",0.0
opex_revenues,"(0, 40, 'HTC', 'electricity')",0.0
opex_revenues,"(0, 40, 'HTC', 'potting media')",0.0
opex_revenues,"(0, 40, 'HTC', 'incentive 1')",0.0
opex_revenues,"(0, 40, 'HTC', 'incentive 2')",0.0
opex_revenues,"(0, 40, 'CHP', 'avoided fertilizer')",0.0
opex_revenues,"(0, 40, 'CHP', 'bio oil')",0.0
opex_revenues,"(0, 40, 'CHP', 'avoided coal')",0.0
opex_revenues,"(0, 40, 'CHP', 'electricity')",10473.155590113956
opex_revenues,"(0, 40, 'CHP', 'potting media')",0.0
opex_revenues,"(0, 40, 'CHP', 'incentive 1')",0.0
opex_revenues,"(0, 40, 'CHP', 'incentive 2')",0.0
opex_revenues,"(0, 40, 'Feedstock', 'avoided fertilizer')",0.0
opex_revenues,"(0, 40, 'Feedstock', 'bio oil')",0.0
opex_revenues,"(0, 40, 'Feedstock', 'avoided coal')",0.0
opex_revenues,"(0, 40, 'Feedstock', 'electricity')",0.0
opex_revenues,"(0, 40, 'Feedstock', 'potting media')",0.0
opex_revenues,"(0, 40, 'Feedstock', 'incentive 1')",0.0
opex_revenues,"(0, 40, 'Feedstock', 'incentive 2')",0.0
opex_revenues,"(0, 41, 'Pyrolysis', 'avoided fertilizer')",314984.60925540666
opex_revenues,"(0, 41, 'Pyrolysis', 'bio oil')",77390.28231858464
opex_revenues,"(0, 41, 'Pyrolysis', 'avoided coal')",0.0
opex_revenues,"(0, 41, 'Pyrolysis', 'electricity')",0.0
opex_revenues,"(0, 41, 'Pyrolysis', 'potting media')",0.0
opex_revenues,"(0, 41, 'Pyrolysis', 'incentive 1')",0.0
opex_revenues,"(0, 41, 'Pyrolysis', 'incentive 2')",0.0
opex_revenues,"(0, 41, 'AD', 'avoided fertilizer')",0.0
opex_revenues,"(0, 41, 'AD', 'bio oil')",0.0
opex_revenues,"(0, 41, 'AD', 'avoided coal')",0.0
opex_revenues,"(0, 41, 'AD', 'electricity')",0.0
opex_revenues,"(0, 41, 'AD', 'potting media')",0.0
opex_revenues,"(0, 41, 'AD', 'incentive 1')",0.0
opex_revenues,"(0, 41, 'AD', 'incentive 2')",0.0
opex_revenues,"(0, 41, 'HTL', 'avoided fertilizer')",0.0
opex_revenues,"(0, 41, 'HTL', 'bio oil')",0.0
opex_revenues,"(0, 41, 'HTL', 'avoided coal')",0.0
opex_revenues,"(0, 41, 'HTL', 'electricity')",0.0
opex_revenues,"(0, 41, 'HTL', 'potting media')",0.0
opex_revenues,"(0, 41, 'HTL', 'incentive 1')",0.0
opex_revenues,"(0, 41, 'HTL', 'incentive 2')",0.0
opex_revenues,"(0, 41, 'HTC', 'avoided fertilizer')",0.0
opex_revenues,"(0, 41, 'HTC', 'bio oil')",0.0
opex_revenues,"(0, 41, 'HTC', 'avoided coal')",0.0
opex_revenues,"(0, 41, 'HTC', 'electricity')",0.0
opex_revenues,"(0, 41, 'HTC', 'potting media')",0.0
opex_revenues,"(0, 41, 'HTC', 'incentive 1')",0.0
opex_revenues,"(0, 41, 'HTC', 'incentive 2')",0.0
opex_revenues,"(0, 41, 'CHP', 'avoided fertilizer')",0.0
opex_revenues,"(0, 41, 'CHP', 'bio oil')",0.0
opex_revenues,"(0, 41, 'CHP', 'avoided coal')",0.0
opex_revenues,"(0, 41, 'CHP', 'electricity')",10414.27178334696
opex_revenues,"(0, 41, 'CHP', 'potting media')",0.0
opex_revenues,"(0, 41, 'CHP', 'incentive 1')",0.0
opex_revenues,"(0, 41, 'CHP', 'incentive 2')",0.0
opex_revenues,"(0, 41, 'Feedstock', 'avoided fertilizer')",0.0
opex_revenues,"(0, 41, 'Feedstock', 'bio oil')",0.0
opex_revenues,"(0, 41, 'Feedstock', 'avoided coal')",0.0
opex_revenues,"(0, 41, 'Feedstock', 'electricity')",0.0
opex_revenues,"(0, 41, 'Feedstock', 'potting media')",0.0
opex_revenues,"(0, 41, 'Feedstock', 'incentive 1')",0.0
opex_revenues,"(0, 41, 'Feedstock', 'incentive 2')",0.0
opex_revenues,"(0, 42, 'Pyrolysis', 'avoided fertilizer')",0.0
opex_revenues,"(0, 42, 'Pyrolysis', 'bio oil')",73353.00988289266
opex_revenues,"(0, 42, 'Pyrolysis', 'avoided coal')",0.0
opex_revenues,"(0, 42, 'Pyrolysis', 'electricity')",0.0
opex_revenues,"(0, 42, 'Pyrolysis', 'potting media')",0.0
opex_revenues,"(0, 42, 'Pyrolysis', 'incentive 1')",0.0
opex_revenues,"(0, 42, 'Pyrolysis', 'incentive 2')",0.0
opex_revenues,"(0, 42, 'AD', 'avoided fertilizer')",0.0
opex_revenues,"(0, 42, 'AD', 'bio oil')",0.0
opex_revenues,"(0, 42, 'AD', 'avoided coal')",0.0
opex_revenues,"(0, 42, 'AD', 'electricity')",0.0
opex_revenues,"(0, 42, 'AD', 'potting media')",0.0
opex_revenues,"(0, 42, 'AD', 'incentive 1')",0.0
opex_revenues,"(0, 42, 'AD', 'incentive 2')",0.0
opex_revenues,"(0, 42, 'HTL', 'avoided fertilizer')",0.0
opex_revenues,"(0, 42, 'HTL', 'bio oil')",0.0
opex_revenues,"(0, 42, 'HTL', 'avoided coal')",0.0
opex_revenues,"(0, 42, 'HTL', 'electricity')",0.0
opex_revenues,"(0, 42, 'HTL', 'potting media')",0.0
opex_revenues,"(0, 42, 'HTL', 'incentive 1')",0.0
opex_revenues,"(0, 42, 'HTL', 'incentive 2')",0.0
opex_revenues,"(0, 42, 'HTC', 'avoided fertilizer')",0.0
opex_revenues,"(0, 42, 'HTC', 'bio oil')",0.0
opex_revenues,"(0, 42, 'HTC', 'avoided coal')",0.0
opex_revenues,"(0, 42, 'HTC', 'electricity')",0.0
opex_revenues,"(0, 42, 'HTC', 'potting media')",0.0
opex_revenues,"(0, 42, 'HTC', 'incentive 1')",0.0
opex_revenues,"(0, 42, 'HTC', 'incentive 2')",0.0
opex_revenues,"(0, 42, 'CHP', 'avoided fertilizer')",0.0
opex_revenues,"(0, 42, 'CHP', 'bio oil')",0.0
opex_revenues,"(0, 42, 'CHP', 'avoided coal')",0.0
opex_revenues,"(0, 42, 'CHP', 'electricity')",41804.28099996155
opex_revenues,"(0, 42, 'CHP', 'potting media')",0.0
opex_revenues,"(0, 42, 'CHP', 'incentive 1')",0.0
opex_revenues,"(0, 42, 'CHP', 'incentive 2')",0.0
opex_revenues,"(0, 42, 'Feedstock', 'avoided fertilizer')",0.0
opex_revenues,"(0, 42, 'Feedstock', 'bio oil')",0.0
opex_revenues,"(0, 42, 'Feedstock', 'avoided coal')",0.0
opex_revenues,"(0, 42, 'Feedstock', 'electricity')",0.0
opex_revenues,"(0, 42, 'Feedstock', 'potting media')",0.0
opex_revenues,"(0, 42, 'Feedstock', 'incentive 1')",0.0
opex_revenues,"(0, 42, 'Feedstock', 'incentive 2')",0.0
opex_revenues,"(0, 43, 'Pyrolysis', 'avoided fertilizer')",0.0
opex_revenues,"(0, 43, 'Pyrolysis', 'bio oil')",72940.59316449698
opex_revenues,"(0, 43, 'Pyrolysis', 'avoided coal')",0.0
opex_revenues,"(0, 43, 'Pyrolysis', 'electricity')",0.0
opex_revenues,"(0, 43, 'Pyrolysis', 'potting media')",0.0
opex_revenues,"(0, 43, 'Pyrolysis', 'incentive 1')",0.0
opex_revenues,"(0, 43, 'Pyrolysis', 'incentive 2')",0.0
opex_revenues,"(0, 43, 'AD', 'avoided fertilizer')",0.0
opex_revenues,"(0, 43, 'AD', 'bio oil')",0.0
opex_revenues,"(0, 43, 'AD', 'avoided coal')",0.0
opex_revenues,"(0, 43, 'AD', 'electricity')",0.0
opex_revenues,"(0, 43, 'AD', 'potting media')",0.0
opex_revenues,"(0, 43, 'AD', 'incentive 1')",0.0
opex_revenues,"(0, 43, 'AD', 'incentive 2')",0.0
opex_revenues,"(0, 43, 'HTL', 'avoided fertilizer')",0.0
opex_revenues,"(0, 43, 'HTL', 'bio oil')",0.0
opex_revenues,"(0, 43, 'HTL', 'avoided coal')",0.0
opex_revenues,"(0, 43, 'HTL', 'electricity')",0.0
opex_revenues,"(0, 43, 'HTL', 'potting media')",0.0
opex_revenues,"(0, 43, 'HTL', 'incentive 1')",0.0
opex_revenues,"(0, 43, 'HTL', 'incentive 2')",0.0
opex_revenues,"(0, 43, 'HTC', 'avoided fertilizer')",0.0
opex_revenues,"(0, 43, 'HTC', 'bio oil')",0.0
opex_revenues,"(0, 43, 'HTC', 'avoided coal')",0.0
opex_revenues,"(0, 43, 'HTC', 'electricity')",0.0
opex_revenues,"(0, 43, 'HTC', 'potting media')",0.0
opex_revenues,"(0, 43, 'HTC', 'incentive 1')",0.0
opex_revenues,"(0, 43, 'HTC', 'incentive 2')",0.0
opex_revenues,"(0, 43, 'CHP', 'avoided fertilizer')",0.0
opex_revenues,"(0, 43, 'CHP', 'bio oil')",0.0
opex_revenues,"(0, 43, 'CHP', 'avoided coal')",0.0
opex_revenues,"(0, 43, 'CHP', 'electricity')",41569.2424594515
opex_revenues,"(0, 43, 'CHP', 'potting media')",0.0
opex_revenues,"(0, 43, 'CHP', 'incentive 1')",0.0
opex_revenues,"(0, 43, 'CHP', 'incentive 2')",0.0
opex_revenues,"(0, 43, 'Feedstock', 'avoided fertilizer')",0.0
opex_revenues,"(0, 43, 'Feedstock', 'bio oil')",0.0
opex_revenues,"(0, 43, 'Feedstock', 'avoided coal')",0.0
opex_revenues,"(0, 43, 'Feedstock', 'electricity')",0.0
opex_revenues,"(0, 43, 'Feedstock', 'potting media')",0.0
opex_revenues,"(0, 43, 'Feedstock', 'incentive 1')",0.0
opex_revenues,"(0, 43, 'Feedstock', 'incentive 2')",0.0
opex_revenues,"(0, 44, 'Pyrolysis', 'avoided fertilizer')",0.0
opex_revenues,"(0, 44, 'Pyrolysis', 'bio oil')",72530.49519961787
opex_revenues,"(0, 44, 'Pyrolysis', 'avoided coal')",0.0
opex_revenues,"(0, 44, 'Pyrolysis', 'electricity')",0.0
opex_revenues,"(0, 44, 'Pyrolysis', 'potting media')",0.0
opex_revenues,"(0, 44, 'Pyrolysis', 'incentive 1')",0.0
opex_revenues,"(0, 44, 'Pyrolysis', 'incentive 2')",0.0
opex_revenues,"(0, 44, 'AD', 'avoided fertilizer')",0.0
opex_revenues,"(0, 44, 'AD', 'bio oil')",0.0
opex_revenues,"(0, 44, 'AD', 'avoided coal')",0.0
opex_revenues,"(0, 44, 'AD', 'electricity')",0.0
opex_revenues,"(0, 44, 'AD', 'potting media')",0.0
opex_revenues,"(0, 44, 'AD', 'incentive 1')",0.0
opex_revenues,"(0, 44, 'AD', 'incentive 2')",0.0
opex_revenues,"(0, 44, 'HTL', 'avoided fertilizer')",0.0
opex_revenues,"(0, 44, 'HTL', 'bio oil')",0.0
opex_revenues,"(0, 44, 'HTL', 'avoided coal')",0.0
opex_revenues,"(0, 44, 'HTL', 'electricity')",0.0
opex_revenues,"(0, 44, 'HTL', 'potting media')",0.0
opex_revenues,"(0, 44, 'HTL', 'incentive 1')",0.0
opex_revenues,"(0, 44, 'HTL', 'incentive 2')",0.0
opex_revenues,"(0, 44, 'HTC', 'avoided fertilizer')",0.0
opex_revenues,"(0, 44, 'HTC', 'bio oil')",0.0
opex_revenues,"(0, 44, 'HTC', 'avoided coal')",0.0
opex_revenues,"(0, 44, 'HTC', 'electricity')",0.0
opex_revenues,"(0, 44, 'HTC', 'potting media')",0.0
opex_revenues,"(0, 44, 'HTC', 'incentive 1')",0.0
opex_revenues,"(0, 44, 'HTC', 'incentive 2')",0.0
opex_revenues,"(0, 44, 'CHP', 'avoided fertilizer')",0.0
opex_revenues,"(0, 44, 'CHP', 'bio oil')",0.0
opex_revenues,"(0, 44, 'CHP', 'avoided coal')",0.0
opex_revenues,"(0, 44, 'CHP', 'electricity')",41335.52538923599
opex_revenues,"(0, 44, 'CHP', 'potting media')",0.0
opex_revenues,"(0, 44, 'CHP', 'incentive 1')",0.0
opex_revenues,"(0, 44, 'CHP', 'incentive 2')",0.0
opex_revenues,"(0, 44, 'Feedstock', 'avoided fertilizer')",0.0
opex_revenues,"(0, 44, 'Feedstock', 'bio oil')",0.0
opex_revenues,"(0, 44, 'Feedstock', 'avoided coal')",0.0
opex_revenues,"(0, 44, 'Feedstock', 'electricity')",0.0
opex_revenues,"(0, 44, 'Feedstock', 'potting media')",0.0
opex_revenues,"(0, 44, 'Feedstock', 'incentive 1')",0.0
opex_revenues,"(0, 44, 'Feedstock', 'incentive 2')",0.0
opex_revenues,"(0, 45, 'Pyrolysis', 'avoided fertilizer')",0.0
opex_revenues,"(0, 45, 'Pyrolysis', 'bio oil')",72122.70295013061
opex_revenues,"(0, 45, 'Pyrolysis', 'avoided coal')",0.0
opex_revenues,"(0, 45, 'Pyrolysis', 'electricity')",0.0
opex_revenues,"(0, 45, 'Pyrolysis', 'potting media')",0.0
opex_revenues,"(0, 45, 'Pyrolysis', 'incentive 1')",0.0
opex_revenues,"(0, 45, 'Pyrolysis', 'incentive 2')",0.0
opex_revenues,"(0, 45, 'AD', 'avoided fertilizer')",0.0
opex_revenues,"(0, 45, 'AD', 'bio oil')",0.0
opex_revenues,"(0, 45, 'AD', 'avoided coal')",0.0
opex_revenues,"(0, 45, 'AD', 'electricity')",0.0
opex_revenues,"(0, 45, 'AD', 'potting media')",0.0
opex_revenues,"(0, 45, 'AD', 'incentive 1')",0.0
opex_revenues,"(0, 45, 'AD', 'incentive 2')",0.0
opex_revenues,"(0, 45, 'HTL', 'avoided fertilizer')",0.0
opex_revenues,"(0, 45, 'HTL', 'bio oil')",0.0
opex_revenues,"(0, 45, 'HTL', 'avoided coal')",0.0
opex_revenues,"(0, 45, 'HTL', 'electricity')",0.0
opex_revenues,"(0, 45, 'HTL', 'potting media')",0.0
opex_revenues,"(0, 45, 'HTL', 'incentive 1')",0.0
opex_revenues,"(0, 45, 'HTL', 'incentive 2')",0.0
opex_revenues,"(0, 45, 'HTC', 'avoided fertilizer')",0.0
opex_revenues,"(0, 45, 'HTC', 'bio oil')",0.0
opex_revenues,"(0, 45, 'HTC', 'avoided coal')",0.0
opex_revenues,"(0, 45, 'HTC', 'electricity')",0.0
opex_revenues,"(0, 45, 'HTC', 'potting media')",0.0
opex_revenues,"(0, 45, 'HTC', 'incentive 1')",0.0
opex_revenues,"(0, 45, 'HTC', 'incentive 2')",0.0
opex_revenues,"(0, 45, 'CHP', 'avoided fertilizer')",0.0
opex_revenues,"(0, 45, 'CHP', 'bio oil')",0.0
opex_revenues,"(0, 45, 'CHP', 'avoided coal')",0.0
opex_revenues,"(0, 45, 'CHP', 'electricity')",41103.122359538844
opex_revenues,"(0, 45, 'CHP', 'potting media')",0.0
opex_revenues,"(0, 45, 'CHP', 'incentive 1')",0.0
opex_revenues,"(0, 45, 'CHP', 'incentive 2')",0.0
opex_revenues,"(0, 45, 'Feedstock', 'avoided fertilizer')",0.0
opex_revenues,"(0, 45, 'Feedstock', 'bio oil')",0.0
opex_revenues,"(0, 45, 'Feedstock', 'avoided coal')",0.0
opex_revenues,"(0, 45, 'Feedstock', 'electricity')",0.0
opex_revenues,"(0, 45, 'Feedstock', 'potting media')",0.0
opex_revenues,"(0, 45, 'Feedstock', 'incentive 1')",0.0
opex_revenues,"(0, 45, 'Feedstock', 'incentive 2')",0.0
opex_revenues,"(0, 46, 'Pyrolysis', 'avoided fertilizer')",0.0
opex_revenues,"(0, 46, 'Pyrolysis', 'bio oil')",75239.0304117203
opex_revenues,"(0, 46, 'Pyrolysis', 'avoided coal')",0.0
opex_revenues,"(0, 46, 'Pyrolysis', 'electricity')",0.0
opex_revenues,"(0, 46, 'Pyrolysis', 'potting media')",0.0
opex_revenues,"(0, 46, 'Pyrolysis', 'incentive 1')",0.0
opex_revenues,"(0, 46, 'Pyrolysis', 'incentive 2')",0.0
opex_revenues,"(0, 46, 'AD', 'avoided fertilizer')",0.0
opex_revenues,"(0, 46, 'AD', 'bio oil')",0.0
opex_revenues,"(0, 46, 'AD', 'avoided coal')",0.0
opex_revenues,"(0, 46, 'AD', 'electricity')",0.0
opex_revenues,"(0, 46, 'AD', 'potting media')",0.0
opex_revenues,"(0, 46, 'AD', 'incentive 1')",0.0
opex_revenues,"(0, 46, 'AD', 'incentive 2')",0.0
opex_revenues,"(0, 46, 'HTL', 'avoided fertilizer')",0.0
opex_revenues,"(0, 46, 'HTL', 'bio oil')",0.0
opex_revenues,"(0, 46, 'HTL', 'avoided coal')",0.0
opex_revenues,"(0, 46, 'HTL', 'electricity')",0.0
opex_revenues,"(0, 46, 'HTL', 'potting media')",0.0
opex_revenues,"(0, 46, 'HTL', 'incentive 1')",0.0
opex_revenues,"(0, 46, 'HTL', 'incentive 2')",0.0
opex_revenues,"(0, 46, 'HTC', 'avoided fertilizer')",0.0
opex_revenues,"(0, 46, 'HTC', 'bio oil')",0.0
opex_revenues,"(0, 46, 'HTC', 'avoided coal')",0.0
opex_revenues,"(0, 46, 'HTC', 'electricity')",0.0
opex_revenues,"(0, 46, 'HTC', 'potting media')",0.0
opex_revenues,"(0, 46, 'HTC', 'incentive 1')",0.0
opex_revenues,"(0, 46, 'HTC', 'incentive 2')",0.0
opex_revenues,"(0, 46, 'CHP', 'avoided fertilizer')",0.0
opex_revenues,"(0, 46, 'CHP', 'bio oil')",0.0
opex_revenues,"(0, 46, 'CHP', 'avoided coal')",0.0
opex_revenues,"(0, 46, 'CHP', 'electricity')",18215.5670260937
opex_revenues,"(0, 46, 'CHP', 'potting media')",0.0
opex_revenues,"(0, 46, 'CHP', 'incentive 1')",0.0
opex_revenues,"(0, 46, 'CHP', 'incentive 2')",0.0
opex_revenues,"(0, 46, 'Feedstock', 'avoided fertilizer')",0.0
opex_revenues,"(0, 46, 'Feedstock', 'bio oil')",0.0
opex_revenues,"(0, 46, 'Feedstock', 'avoided coal')",0.0
opex_revenues,"(0, 46, 'Feedstock', 'electricity')",0.0
opex_revenues,"(0, 46, 'Feedstock', 'potting media')",0.0
opex_revenues,"(0, 46, 'Feedstock', 'incentive 1')",0.0
opex_revenues,"(0, 46, 'Feedstock', 'incentive 2')",0.0
opex_revenues,"(0, 47, 'Pyrolysis', 'avoided fertilizer')",0.0
opex_revenues,"(0, 47, 'Pyrolysis', 'bio oil')",74816.00981492121
opex_revenues,"(0, 47, 'Pyrolysis', 'avoided coal')",0.0
opex_revenues,"(0, 47, 'Pyrolysis', 'electricity')",0.0
opex_revenues,"(0, 47, 'Pyrolysis', 'potting media')",0.0
opex_revenues,"(0, 47, 'Pyrolysis', 'incentive 1')",0.0
opex_revenues,"(0, 47, 'Pyrolysis', 'incentive 2')",0.0
opex_revenues,"(0, 47, 'AD', 'avoided fertilizer')",0.0
opex_revenues,"(0, 47, 'AD', 'bio oil')",0.0
opex_revenues,"(0, 47, 'AD', 'avoided coal')",0.0
opex_revenues,"(0, 47, 'AD', 'electricity')",0.0
opex_revenues,"(0, 47, 'AD', 'potting media')",0.0
opex_revenues,"(0, 47, 'AD', 'incentive 1')",0.0
opex_revenues,"(0, 47, 'AD', 'incentive 2')",0.0
opex_revenues,"(0, 47, 'HTL', 'avoided fertilizer')",0.0
opex_revenues,"(0, 47, 'HTL', 'bio oil')",0.0
opex_revenues,"(0, 47, 'HTL', 'avoided coal')",0.0
opex_revenues,"(0, 47, 'HTL', 'electricity')",0.0
opex_revenues,"(0, 47, 'HTL', 'potting media')",0.0
opex_revenues,"(0, 47, 'HTL', 'incentive 1')",0.0
opex_revenues,"(0, 47, 'HTL', 'incentive 2')",0.0
opex_revenues,"(0, 47, 'HTC', 'avoided fertilizer')",0.0
opex_revenues,"(0, 47, 'HTC', 'bio oil')",0.0
opex_revenues,"(0, 47, 'HTC', 'avoided coal')",0.0
opex_revenues,"(0, 47, 'HTC', 'electricity')",0.0
opex_revenues,"(0, 47, 'HTC', 'potting media')",0.0
opex_revenues,"(0, 47, 'HTC', 'incentive 1')",0.0
opex_revenues,"(0, 47, 'HTC', 'incentive 2')",0.0
opex_revenues,"(0, 47, 'CHP', 'avoided fertilizer')",0.0
opex_revenues,"(0, 47, 'CHP', 'bio oil')",0.0
opex_revenues,"(0, 47, 'CHP', 'avoided coal')",0.0
opex_revenues,"(0, 47, 'CHP', 'electricity')",10067.856539800161
opex_revenues,"(0, 47, 'CHP', 'potting media')",0.0
opex_revenues,"(0, 47, 'CHP', 'incentive 1')",0.0
opex_revenues,"(0, 47, 'CHP', 'incentive 2')",0.0
opex_revenues,"(0, 47, 'Feedstock', 'avoided fertilizer')",0.0
opex_revenues,"(0, 47, 'Feedstock', 'bio oil')",0.0
opex_revenues,"(0, 47, 'Feedstock', 'avoided coal')",0.0
opex_revenues,"(0, 47, 'Feedstock', 'electricity')",0.0
opex_revenues,"(0, 47, 'Feedstock', 'potting media')",0.0
opex_revenues,"(0, 47, 'Feedstock', 'incentive 1')",0.0
opex_revenues,"(0, 47, 'Feedstock', 'incentive 2')",0.0
opex_revenues,"(0, 48, 'Pyrolysis', 'avoided fertilizer')",0.0
opex_revenues,"(0, 48, 'Pyrolysis', 'bio oil')",74395.36759041554
opex_revenues,"(0, 48, 'Pyrolysis', 'avoided coal')",0.0
opex_revenues,"(0, 48, 'Pyrolysis', 'electricity')",0.0
opex_revenues,"(0, 48, 'Pyrolysis', 'potting media')",0.0
opex_revenues,"(0, 48, 'Pyrolysis', 'incentive 1')",0.0
opex_revenues,"(0, 48, 'Pyrolysis', 'incentive 2')",0.0
opex_revenues,"(0, 48, 'AD', 'avoided fertilizer')",0.0
opex_revenues,"(0, 48, 'AD', 'bio oil')",0.0
opex_revenues,"(0, 48, 'AD', 'avoided coal')",0.0
opex_revenues,"(0, 48, 'AD', 'electricity')",0.0
opex_revenues,"(0, 48, 'AD', 'potting media')",0.0
opex_revenues,"(0, 48, 'AD', 'incentive 1')",0.0
opex_revenues,"(0, 48, 'AD', 'incentive 2')",0.0
opex_revenues,"(0, 48, 'HTL', 'avoided fertilizer')",0.0
opex_revenues,"(0, 48, 'HTL', 'bio oil')",0.0
opex_revenues,"(0, 48, 'HTL', 'avoided coal')",0.0
opex_revenues,"(0, 48, 'HTL', 'electricity')",0.0
opex_revenues,"(0, 48, 'HTL', 'potting media')",0.0
opex_revenues,"(0, 48, 'HTL', 'incentive 1')",0.0
opex_revenues,"(0, 48, 'HTL', 'incentive 2')",0.0
opex_revenues,"(0, 48, 'HTC', 'avoided fertilizer')",0.0
opex_revenues,"(0, 48, 'HTC', 'bio oil')",0.0
opex_revenues,"(0, 48, 'HTC', 'avoided coal')",0.0
opex_revenues,"(0, 48, 'HTC', 'electricity')",0.0
opex_revenues,"(0, 48, 'HTC', 'potting media')",0.0
opex_revenues,"(0, 48, 'HTC', 'incentive 1')",0.0
opex_revenues,"(0, 48, 'HTC', 'incentive 2')",0.0
opex_revenues,"(0, 48, 'CHP', 'avoided fertilizer')",0.0
opex_revenues,"(0, 48, 'CHP', 'bio oil')",0.0
opex_revenues,"(0, 48, 'CHP', 'avoided coal')",0.0
opex_revenues,"(0, 48, 'CHP', 'electricity')",10011.251468487459
opex_revenues,"(0, 48, 'CHP', 'potting media')",0.0
opex_revenues,"(0, 48, 'CHP', 'incentive 1')",0.0
opex_revenues,"(0, 48, 'CHP', 'incentive 2')",0.0
opex_revenues,"(0, 48, 'Feedstock', 'avoided fertilizer')",0.0
opex_revenues,"(0, 48, 'Feedstock', 'bio oil')",0.0
opex_revenues,"(0, 48, 'Feedstock', 'avoided coal')",0.0
opex_revenues,"(0, 48, 'Feedstock', 'electricity')",0.0
opex_revenues,"(0, 48, 'Feedstock', 'potting media')",0.0
opex_revenues,"(0, 48, 'Feedstock', 'incentive 1')",0.0
opex_revenues,"(0, 48, 'Feedstock', 'incentive 2')",0.0
opex_revenues,"(0, 49, 'Pyrolysis', 'avoided fertilizer')",0.0
opex_revenues,"(0, 49, 'Pyrolysis', 'bio oil')",73977.09036614813
opex_revenues,"(0, 49, 'Pyrolysis', 'avoided coal')",0.0
opex_revenues,"(0, 49, 'Pyrolysis', 'electricity')",0.0
opex_revenues,"(0, 49, 'Pyrolysis', 'potting media')",0.0
opex_revenues,"(0, 49, 'Pyrolysis', 'incentive 1')",0.0
opex_revenues,"(0, 49, 'Pyrolysis', 'incentive 2')",0.0
opex_revenues,"(0, 49, 'AD', 'avoided fertilizer')",0.0
opex_revenues,"(0, 49, 'AD', 'bio oil')",0.0
opex_revenues,"(0, 49, 'AD', 'avoided coal')",0.0
opex_revenues,"(0, 49, 'AD', 'electricity')",0.0
opex_revenues,"(0, 49, 'AD', 'potting media')",0.0
opex_revenues,"(0, 49, 'AD', 'incentive 1')",0.0
opex_revenues,"(0, 49, 'AD', 'incentive 2')",0.0
opex_revenues,"(0, 49, 'HTL', 'avoided fertilizer')",0.0
opex_revenues,"(0, 49, 'HTL', 'bio oil')",0.0
opex_revenues,"(0, 49, 'HTL', 'avoided coal')",0.0
opex_revenues,"(0, 49, 'HTL', 'electricity')",0.0
opex_revenues,"(0, 49, 'HTL', 'potting media')",0.0
opex_revenues,"(0, 49, 'HTL', 'incentive 1')",0.0
opex_revenues,"(0, 49, 'HTL', 'incentive 2')",0.0
opex_revenues,"(0, 49, 'HTC', 'avoided fertilizer')",0.0
opex_revenues,"(0, 49, 'HTC', 'bio oil')",0.0
opex_revenues,"(0, 49, 'HTC', 'avoided coal')",0.0
opex_revenues,"(0, 49, 'HTC', 'electricity')",0.0
opex_revenues,"(0, 49, 'HTC', 'potting media')",0.0
opex_revenues,"(0, 49, 'HTC', 'incentive 1')",0.0
opex_revenues,"(0, 49, 'HTC', 'incentive 2')",0.0
opex_revenues,"(0, 49, 'CHP', 'avoided fertilizer')",0.0
opex_revenues,"(0, 49, 'CHP', 'bio oil')",0.0
opex_revenues,"(0, 49, 'CHP', 'avoided coal')",0.0
opex_revenues,"(0, 49, 'CHP', 'electricity')",9954.964651024087
opex_revenues,"(0, 49, 'CHP', 'potting media')",0.0
opex_revenues,"(0, 49, 'CHP', 'incentive 1')",0.0
opex_revenues,"(0, 49, 'CHP', 'incentive 2')",0.0
opex_revenues,"(0, 49, 'Feedstock', 'avoided fertilizer')",0.0
opex_revenues,"(0, 49, 'Feedstock', 'bio oil')",0.0
opex_revenues,"(0, 49, 'Feedstock', 'avoided coal')",0.0
opex_revenues,"(0, 49, 'Feedstock', 'electricity')",0.0
opex_revenues,"(0, 49, 'Feedstock', 'potting media')",0.0
opex_revenues,"(0, 49, 'Feedstock', 'incentive 1')",0.0
opex_revenues,"(0, 49, 'Feedstock', 'incentive 2')",0.0
opex_revenues,"(0, 50, 'Pyrolysis', 'avoided fertilizer')",0.0
opex_revenues,"(0, 50, 'Pyrolysis', 'bio oil')",73561.16484524621
opex_revenues,"(0, 50, 'Pyrolysis', 'avoided coal')",0.0
opex_revenues,"(0, 50, 'Pyrolysis', 'electricity')",0.0
opex_revenues,"(0, 50, 'Pyrolysis', 'potting media')",0.0
opex_revenues,"(0, 50, 'Pyrolysis', 'incentive 1')",0.0
opex_revenues,"(0, 50, 'Pyrolysis', 'incentive 2')",0.0
opex_revenues,"(0, 50, 'AD', 'avoided fertilizer')",0.0
opex_revenues,"(0, 50, 'AD', 'bio oil')",0.0
opex_revenues,"(0, 50, 'AD', 'avoided coal')",0.0
opex_revenues,"(0, 50, 'AD', 'electricity')",0.0
opex_revenues,"(0, 50, 'AD', 'potting media')",0.0
opex_revenues,"(0, 50, 'AD', 'incentive 1')",0.0
opex_revenues,"(0, 50, 'AD', 'incentive 2')",0.0
opex_revenues,"(0, 50, 'HTL', 'avoided fertilizer')",0.0
opex_revenues,"(0, 50, 'HTL', 'bio oil')",0.0
opex_revenues,"(0, 50, 'HTL', 'avoided coal')",0.0
opex_revenues,"(0, 50, 'HTL', 'electricity')",0.0
opex_revenues,"(0, 50, 'HTL', 'potting media')",0.0
opex_revenues,"(0, 50, 'HTL', 'incentive 1')",0.0
opex_revenues,"(0, 50, 'HTL', 'incentive 2')",0.0
opex_revenues,"(0, 50, 'HTC', 'avoided fertilizer')",0.0
opex_revenues,"(0, 50, 'HTC', 'bio oil')",0.0
opex_revenues,"(0, 50, 'HTC', 'avoided coal')",0.0
opex_revenues,"(0, 50, 'HTC', 'electricity')",0.0
opex_revenues,"(0, 50, 'HTC', 'potting media')",0.0
opex_revenues,"(0, 50, 'HTC', 'incentive 1')",0.0
opex_revenues,"(0, 50, 'HTC', 'incentive 2')",0.0
opex_revenues,"(0, 50, 'CHP', 'avoided fertilizer')",0.0
opex_revenues,"(0, 50, 'CHP', 'bio oil')",0.0
opex_revenues,"(0, 50, 'CHP', 'avoided coal')",0.0
opex_revenues,"(0, 50, 'CHP', 'electricity')",9898.994298073683
opex_revenues,"(0, 50, 'CHP', 'potting media')",0.0
opex_revenues,"(0, 50, 'CHP', 'incentive 1')",0.0
opex_revenues,"(0, 50, 'CHP', 'incentive 2')",0.0
opex_revenues,"(0, 50, 'Feedstock', 'avoided fertilizer')",0.0
opex_revenues,"(0, 50, 'Feedstock', 'bio oil')",0.0
opex_revenues,"(0, 50, 'Feedstock', 'avoided coal')",0.0
opex_revenues,"(0, 50, 'Feedstock', 'electricity')",0.0
opex_revenues,"(0, 50, 'Feedstock', 'potting media')",0.0
opex_revenues,"(0, 50, 'Feedstock', 'incentive 1')",0.0
opex_revenues,"(0, 50, 'Feedstock', 'incentive 2')",0.0
opex_revenues,"(0, 51, 'Pyrolysis', 'avoided fertilizer')",0.0
opex_revenues,"(0, 51, 'Pyrolysis', 'bio oil')",73147.57780559683
opex_revenues,"(0, 51, 'Pyrolysis', 'avoided coal')",0.0
opex_revenues,"(0, 51, 'Pyrolysis', 'electricity')",0.0
opex_revenues,"(0, 51, 'Pyrolysis', 'potting media')",0.0
opex_revenues,"(0, 51, 'Pyrolysis', 'incentive 1')",0.0
opex_revenues,"(0, 51, 'Pyrolysis', 'incentive 2')",0.0
opex_revenues,"(0, 51, 'AD', 'avoided fertilizer')",0.0
opex_revenues,"(0, 51, 'AD', 'bio oil')",0.0
opex_revenues,"(0, 51, 'AD', 'avoided coal')",0.0
opex_revenues,"(0, 51, 'AD', 'electricity')",0.0
opex_revenues,"(0, 51, 'AD', 'potting media')",0.0
opex_revenues,"(0, 51, 'AD', 'incentive 1')",0.0
opex_revenues,"(0, 51, 'AD', 'incentive 2')",0.0
opex_revenues,"(0, 51, 'HTL', 'avoided fertilizer')",0.0
opex_revenues,"(0, 51, 'HTL', 'bio oil')",0.0
opex_revenues,"(0, 51, 'HTL', 'avoided coal')",0.0
opex_revenues,"(0, 51, 'HTL', 'electricity')",0.0
opex_revenues,"(0, 51, 'HTL', 'potting media')",0.0
opex_revenues,"(0, 51, 'HTL', 'incentive 1')",0.0
opex_revenues,"(0, 51, 'HTL', 'incentive 2')",0.0
opex_revenues,"(0, 51, 'HTC', 'avoided fertilizer')",0.0
opex_revenues,"(0, 51, 'HTC', 'bio oil')",0.0
opex_revenues,"(0, 51, 'HTC', 'avoided coal')",0.0
opex_revenues,"(0, 51, 'HTC', 'electricity')",0.0
opex_revenues,"(0, 51, 'HTC', 'potting media')",0.0
opex_revenues,"(0, 51, 'HTC', 'incentive 1')",0.0
opex_revenues,"(0, 51, 'HTC', 'incentive 2')",0.0
opex_revenues,"(0, 51, 'CHP', 'avoided fertilizer')",0.0
opex_revenues,"(0, 51, 'CHP', 'bio oil')",0.0
opex_revenues,"(0, 51, 'CHP', 'avoided coal')",0.0
opex_revenues,"(0, 51, 'CHP', 'electricity')",9843.338630360166
opex_revenues,"(0, 51, 'CHP', 'potting media')",0.0
opex_revenues,"(0, 51, 'CHP', 'incentive 1')",0.0
opex_revenues,"(0, 51, 'CHP', 'incentive 2')",0.0
opex_revenues,"(0, 51, 'Feedstock', 'avoided fertilizer')",0.0
opex_revenues,"(0, 51, 'Feedstock', 'bio oil')",0.0
opex_revenues,"(0, 51, 'Feedstock', 'avoided coal')",0.0
opex_revenues,"(0, 51, 'Feedstock', 'electricity')",0.0
opex_revenues,"(0, 51, 'Feedstock', 'potting media')",0.0
opex_revenues,"(0, 51, 'Feedstock', 'incentive 1')",0.0
opex_revenues,"(0, 51, 'Feedstock', 'incentive 2')",0.0
opex_revenues,"(0, 52, 'Pyrolysis', 'avoided fertilizer')",0.0
opex_revenues,"(0, 52, 'Pyrolysis', 'bio oil')",72736.3160994264
opex_revenues,"(0, 52, 'Pyrolysis', 'avoided coal')",0.0
opex_revenues,"(0, 52, 'Pyrolysis', 'electricity')",0.0
opex_revenues,"(0, 52, 'Pyrolysis', 'potting media')",0.0
opex_revenues,"(0, 52, 'Pyrolysis', 'incentive 1')",0.0
opex_revenues,"(0, 52, 'Pyrolysis', 'incentive 2')",0.0
opex_revenues,"(0, 52, 'AD', 'avoided fertilizer')",0.0
opex_revenues,"(0, 52, 'AD', 'bio oil')",0.0
opex_revenues,"(0, 52, 'AD', 'avoided coal')",0.0
opex_revenues,"(0, 52, 'AD', 'electricity')",0.0
opex_revenues,"(0, 52, 'AD', 'potting media')",0.0
opex_revenues,"(0, 52, 'AD', 'incentive 1')",0.0
opex_revenues,"(0, 52, 'AD', 'incentive 2')",0.0
opex_revenues,"(0, 52, 'HTL', 'avoided fertilizer')",0.0
opex_revenues,"(0, 52, 'HTL', 'bio oil')",0.0
opex_revenues,"(0, 52, 'HTL', 'avoided coal')",0.0
opex_revenues,"(0, 52, 'HTL', 'electricity')",0.0
opex_revenues,"(0, 52, 'HTL', 'potting media')",0.0
opex_revenues,"(0, 52, 'HTL', 'incentive 1')",0.0
opex_revenues,"(0, 52, 'HTL', 'incentive 2')",0.0
opex_revenues,"(0, 52, 'HTC', 'avoided fertilizer')",0.0
opex_revenues,"(0, 52, 'HTC', 'bio oil')",0.0
opex_revenues,"(0, 52, 'HTC', 'avoided coal')",0.0
opex_revenues,"(0, 52, 'HTC', 'electricity')",0.0
opex_revenues,"(0, 52, 'HTC', 'potting media')",0.0
opex_revenues,"(0, 52, 'HTC', 'incentive 1')",0.0
opex_revenues,"(0, 52, 'HTC', 'incentive 2')",0.0
opex_revenues,"(0, 52, 'CHP', 'avoided fertilizer')",0.0
opex_revenues,"(0, 52, 'CHP', 'bio oil')",0.0
opex_revenues,"(0, 52, 'CHP', 'avoided coal')",0.0
opex_revenues,"(0, 52, 'CHP', 'electricity')",9787.995878611173
opex_revenues,"(0, 52, 'CHP', 'potting media')",0.0
opex_revenues,"(0, 52, 'CHP', 'incentive 1')",0.0
opex_revenues,"(0, 52, 'CHP', 'incentive 2')",0.0
opex_revenues,"(0, 52, 'Feedstock', 'avoided fertilizer')",0.0
opex_revenues,"(0, 52, 'Feedstock', 'bio oil')",0.0
opex_revenues,"(0, 52, 'Feedstock', 'avoided coal')",0.0
opex_revenues,"(0, 52, 'Feedstock', 'electricity')",0.0
opex_revenues,"(0, 52, 'Feedstock', 'potting media')",0.0
opex_revenues,"(0, 52, 'Feedstock', 'incentive 1')",0.0
opex_revenues,"(0, 52, 'Feedstock', 'incentive 2')",0.0
opex_revenues,"(0, 53, 'Pyrolysis', 'avoided fertilizer')",294378.1394862419
opex_revenues,"(0, 53, 'Pyrolysis', 'bio oil')",72327.36665288283
opex_revenues,"(0, 53, 'Pyrolysis', 'avoided coal')",0.0
opex_revenues,"(0, 53, 'Pyrolysis', 'electricity')",0.0
opex_revenues,"(0, 53, 'Pyrolysis', 'potting media')",0.0
opex_revenues,"(0, 53, 'Pyrolysis', 'incentive 1')",0.0
opex_revenues,"(0, 53, 'Pyrolysis', 'incentive 2')",0.0
opex_revenues,"(0, 53, 'AD', 'avoided fertilizer')",0.0
opex_revenues,"(0, 53, 'AD', 'bio oil')",0.0
opex_revenues,"(0, 53, 'AD', 'avoided coal')",0.0
opex_revenues,"(0, 53, 'AD', 'electricity')",0.0
opex_revenues,"(0, 53, 'AD', 'potting media')",0.0
opex_revenues,"(0, 53, 'AD', 'incentive 1')",0.0
opex_revenues,"(0, 53, 'AD', 'incentive 2')",0.0
opex_revenues,"(0, 53, 'HTL', 'avoided fertilizer')",0.0
opex_revenues,"(0, 53, 'HTL', 'bio oil')",0.0
opex_revenues,"(0, 53, 'HTL', 'avoided coal')",0.0
opex_revenues,"(0, 53, 'HTL', 'electricity')",0.0
opex_revenues,"(0, 53, 'HTL', 'potting media')",0.0
opex_revenues,"(0, 53, 'HTL', 'incentive 1')",0.0
opex_revenues,"(0, 53, 'HTL', 'incentive 2')",0.0
opex_revenues,"(0, 53, 'HTC', 'avoided fertilizer')",0.0
opex_revenues,"(0, 53, 'HTC', 'bio oil')",0.0
opex_revenues,"(0, 53, 'HTC', 'avoided coal')",0.0
opex_revenues,"(0, 53, 'HTC', 'electricity')",0.0
opex_revenues,"(0, 53, 'HTC', 'potting media')",0.0
opex_revenues,"(0, 53, 'HTC', 'incentive 1')",0.0
opex_revenues,"(0, 53, 'HTC', 'incentive 2')",0.0
opex_revenues,"(0, 53, 'CHP', 'avoided fertilizer')",0.0
opex_revenues,"(0, 53, 'CHP', 'bio oil')",0.0
opex_revenues,"(0, 53, 'CHP', 'avoided coal')",0.0
opex_revenues,"(0, 53, 'CHP', 'electricity')",9732.964283501831
opex_revenues,"(0, 53, 'CHP', 'potting media')",0.0
opex_revenues,"(0, 53, 'CHP', 'incentive 1')",0.0
opex_revenues,"(0, 53, 'CHP', 'incentive 2')",0.0
opex_revenues,"(0, 53, 'Feedstock', 'avoided fertilizer')",0.0
opex_revenues,"(0, 53, 'Feedstock', 'bio oil')",0.0
opex_revenues,"(0, 53, 'Feedstock', 'avoided coal')",0.0
opex_revenues,"(0, 53, 'Feedstock', 'electricity')",0.0
opex_revenues,"(0, 53, 'Feedstock', 'potting media')",0.0
opex_revenues,"(0, 53, 'Feedstock', 'incentive 1')",0.0
opex_revenues,"(0, 53, 'Feedstock', 'incentive 2')",0.0
opex_revenues,"(0, 54, 'Pyrolysis', 'avoided fertilizer')",0.0
opex_revenues,"(0, 54, 'Pyrolysis', 'bio oil')",68554.2148438249
opex_revenues,"(0, 54, 'Pyrolysis', 'avoided coal')",0.0
opex_revenues,"(0, 54, 'Pyrolysis', 'electricity')",0.0
opex_revenues,"(0, 54, 'Pyrolysis', 'potting media')",0.0
opex_revenues,"(0, 54, 'Pyrolysis', 'incentive 1')",0.0
opex_revenues,"(0, 54, 'Pyrolysis', 'incentive 2')",0.0
opex_revenues,"(0, 54, 'AD', 'avoided fertilizer')",0.0
opex_revenues,"(0, 54, 'AD', 'bio oil')",0.0
opex_revenues,"(0, 54, 'AD', 'avoided coal')",0.0
opex_revenues,"(0, 54, 'AD', 'electricity')",0.0
opex_revenues,"(0, 54, 'AD', 'potting media')",0.0
opex_revenues,"(0, 54, 'AD', 'incentive 1')",0.0
opex_revenues,"(0, 54, 'AD', 'incentive 2')",0.0
opex_revenues,"(0, 54, 'HTL', 'avoided fertilizer')",0.0
opex_revenues,"(0, 54, 'HTL', 'bio oil')",0.0
opex_revenues,"(0, 54, 'HTL', 'avoided coal')",0.0
opex_revenues,"(0, 54, 'HTL', 'electricity')",0.0
opex_revenues,"(0, 54, 'HTL', 'potting media')",0.0
opex_revenues,"(0, 54, 'HTL', 'incentive 1')",0.0
opex_revenues,"(0, 54, 'HTL', 'incentive 2')",0.0
opex_revenues,"(0, 54, 'HTC', 'avoided fertilizer')",0.0
opex_revenues,"(0, 54, 'HTC', 'bio oil')",0.0
opex_revenues,"(0, 54, 'HTC', 'avoided coal')",0.0
opex_revenues,"(0, 54, 'HTC', 'electricity')",0.0
opex_revenues,"(0, 54, 'HTC', 'potting media')",0.0
opex_revenues,"(0, 54, 'HTC', 'incentive 1')",0.0
opex_revenues,"(0, 54, 'HTC', 'incentive 2')",0.0
opex_revenues,"(0, 54, 'CHP', 'avoided fertilizer')",0.0
opex_revenues,"(0, 54, 'CHP', 'bio oil')",0.0
opex_revenues,"(0, 54, 'CHP', 'avoided coal')",0.0
opex_revenues,"(0, 54, 'CHP', 'electricity')",39069.42149529117
opex_revenues,"(0, 54, 'CHP', 'potting media')",0.0
opex_revenues,"(0, 54, 'CHP', 'incentive 1')",0.0
opex_revenues,"(0, 54, 'CHP', 'incentive 2')",0.0
opex_revenues,"(0, 54, 'Feedstock', 'avoided fertilizer')",0.0
opex_revenues,"(0, 54, 'Feedstock', 'bio oil')",0.0
opex_revenues,"(0, 54, 'Feedstock', 'avoided coal')",0.0
opex_revenues,"(0, 54, 'Feedstock', 'electricity')",0.0
opex_revenues,"(0, 54, 'Feedstock', 'potting media')",0.0
opex_revenues,"(0, 54, 'Feedstock', 'incentive 1')",0.0
opex_revenues,"(0, 54, 'Feedstock', 'incentive 2')",0.0
opex_revenues,"(0, 55, 'Pyrolysis', 'avoided fertilizer')",0.0
opex_revenues,"(0, 55, 'Pyrolysis', 'bio oil')",68168.77865797281
opex_revenues,"(0, 55, 'Pyrolysis', 'avoided coal')",0.0
opex_revenues,"(0, 55, 'Pyrolysis', 'electricity')",0.0
opex_revenues,"(0, 55, 'Pyrolysis', 'potting media')",0.0
opex_revenues,"(0, 55, 'Pyrolysis', 'incentive 1')",0.0
opex_revenues,"(0, 55, 'Pyrolysis', 'incentive 2')",0.0
opex_revenues,"(0, 55, 'AD', 'avoided fertilizer')",0.0
opex_revenues,"(0, 55, 'AD', 'bio oil')",0.0
opex_revenues,"(0, 55, 'AD', 'avoided coal')",0.0
opex_revenues,"(0, 55, 'AD', 'electricity')",0.0
opex_revenues,"(0, 55, 'AD', 'potting media')",0.0
opex_revenues,"(0, 55, 'AD', 'incentive 1')",0.0
opex_revenues,"(0, 55, 'AD', 'incentive 2')",0.0
opex_revenues,"(0, 55, 'HTL', 'avoided fertilizer')",0.0
opex_revenues,"(0, 55, 'HTL', 'bio oil')",0.0
opex_revenues,"(0, 55, 'HTL', 'avoided coal')",0.0
opex_revenues,"(0, 55, 'HTL', 'electricity')",0.0
opex_revenues,"(0, 55, 'HTL', 'potting media')",0.0
opex_revenues,"(0, 55, 'HTL', 'incentive 1')",0.0
opex_revenues,"(0, 55, 'HTL', 'incentive 2')",0.0
opex_revenues,"(0, 55, 'HTC', 'avoided fertilizer')",0.0
opex_revenues,"(0, 55, 'HTC', 'bio oil')",0.0
opex_revenues,"(0, 55, 'HTC', 'avoided coal')",0.0
opex_revenues,"(0, 55, 'HTC', 'electricity')",0.0
opex_revenues,"(0, 55, 'HTC', 'potting media')",0.0
opex_revenues,"(0, 55, 'HTC', 'incentive 1')",0.0
opex_revenues,"(0, 55, 'HTC', 'incentive 2')",0.0
opex_revenues,"(0, 55, 'CHP', 'avoided fertilizer')",0.0
opex_revenues,"(0, 55, 'CHP', 'bio oil')",0.0
opex_revenues,"(0, 55, 'CHP', 'avoided coal')",0.0
opex_revenues,"(0, 55, 'CHP', 'electricity')",38849.7593078986
opex_revenues,"(0, 55, 'CHP', 'potting media')",0.0
opex_revenues,"(0, 55, 'CHP', 'incentive 1')",0.0
opex_revenues,"(0, 55, 'CHP', 'incentive 2')",0.0
opex_revenues,"(0, 55, 'Feedstock', 'avoided fertilizer')",0.0
opex_revenues,"(0, 55, 'Feedstock', 'bio oil')",0.0
opex_revenues,"(0, 55, 'Feedstock', 'avoided coal')",0.0
opex_revenues,"(0, 55, 'Feedstock', 'electricity')",0.0
opex_revenues,"(0, 55, 'Feedstock', 'potting media')",0.0
opex_revenues,"(0, 55, 'Feedstock', 'incentive 1')",0.0
opex_revenues,"(0, 55, 'Feedstock', 'incentive 2')",0.0
opex_revenues,"(0, 56, 'Pyrolysis', 'avoided fertilizer')",0.0
opex_revenues,"(0, 56, 'Pyrolysis', 'bio oil')",67785.50953202842
opex_revenues,"(0, 56, 'Pyrolysis', 'avoided coal')",0.0
opex_revenues,"(0, 56, 'Pyrolysis', 'electricity')",0.0
opex_revenues,"(0, 56, 'Pyrolysis', 'potting media')",0.0
opex_revenues,"(0, 56, 'Pyrolysis', 'incentive 1')",0.0
opex_revenues,"(0, 56, 'Pyrolysis', 'incentive 2')",0.0
opex_revenues,"(0, 56, 'AD', 'avoided fertilizer')",0.0
opex_revenues,"(0, 56, 'AD', 'bio oil')",0.0
opex_revenues,"(0, 56, 'AD', 'avoided coal')",0.0
opex_revenues,"(0, 56, 'AD', 'electricity')",0.0
opex_revenues,"(0, 56, 'AD', 'potting media')",0.0
opex_revenues,"(0, 56, 'AD', 'incentive 1')",0.0
opex_revenues,"(0, 56, 'AD', 'incentive 2')",0.0
opex_revenues,"(0, 56, 'HTL', 'avoided fertilizer')",0.0
opex_revenues,"(0, 56, 'HTL', 'bio oil')",0.0
opex_revenues,"(0, 56, 'HTL', 'avoided coal')",0.0
opex_revenues,"(0, 56, 'HTL', 'electricity')",0.0
opex_revenues,"(0, 56, 'HTL', 'potting media')",0.0
opex_revenues,"(0, 56, 'HTL', 'incentive 1')",0.0
opex_revenues,"(0, 56, 'HTL', 'incentive 2')",0.0
opex_revenues,"(0, 56, 'HTC', 'avoided fertilizer')",0.0
opex_revenues,"(0, 56, 'HTC', 'bio oil')",0.0
opex_revenues,"(0, 56, 'HTC', 'avoided coal')",0.0
opex_revenues,"(0, 56, 'HTC', 'electricity')",0.0
opex_revenues,"(0, 56, 'HTC', 'potting media')",0.0
opex_revenues,"(0, 56, 'HTC', 'incentive 1')",0.0
opex_revenues,"(0, 56, 'HTC', 'incentive 2')",0.0
opex_revenues,"(0, 56, 'CHP', 'avoided fertilizer')",0.0
opex_revenues,"(0, 56, 'CHP', 'bio oil')",0.0
opex_revenues,"(0, 56, 'CHP', 'avoided coal')",0.0
opex_revenues,"(0, 56, 'CHP', 'electricity')",38631.33213947289
opex_revenues,"(0, 56, 'CHP', 'potting media')",0.0
opex_revenues,"(0, 56, 'CHP', 'incentive 1')",0.0
opex_revenues,"(0, 56, 'CHP', 'incentive 2')",0.0
opex_revenues,"(0, 56, 'Feedstock', 'avoided fertilizer')",0.0
opex_revenues,"(0, 56, 'Feedstock', 'bio oil')",0.0
opex_revenues,"(0, 56, 'Feedstock', 'avoided coal')",0.0
opex_revenues,"(0, 56, 'Feedstock', 'electricity')",0.0
opex_revenues,"(0, 56, 'Feedstock', 'potting media')",0.0
opex_revenues,"(0, 56, 'Feedstock', 'incentive 1')",0.0
opex_revenues,"(0, 56, 'Feedstock', 'incentive 2')",0.0
opex_revenues,"(0, 57, 'Pyrolysis', 'avoided fertilizer')",0.0
opex_revenues,"(0, 57, 'Pyrolysis', 'bio oil')",70714.43254997717
opex_revenues,"(0, 57, 'Pyrolysis', 'avoided coal')",0.0
opex_revenues,"(0, 57, 'Pyrolysis', 'electricity')",0.0
opex_revenues,"(0, 57, 'Pyrolysis', 'potting media')",0.0
opex_revenues,"(0, 57, 'Pyrolysis', 'incentive 1')",0.0
opex_revenues,"(0, 57, 'Pyrolysis', 'incentive 2')",0.0
opex_revenues,"(0, 57, 'AD', 'avoided fertilizer')",0.0
opex_revenues,"(0, 57, 'AD', 'bio oil')",0.0
opex_revenues,"(0, 57, 'AD', 'avoided coal')",0.0
opex_revenues,"(0, 57, 'AD', 'electricity')",0.0
opex_revenues,"(0, 57, 'AD', 'potting media')",0.0
opex_revenues,"(0, 57, 'AD', 'incentive 1')",0.0
opex_revenues,"(0, 57, 'AD', 'incentive 2')",0.0
opex_revenues,"(0, 57, 'HTL', 'avoided fertilizer')",0.0
opex_revenues,"(0, 57, 'HTL', 'bio oil')",0.0
opex_revenues,"(0, 57, 'HTL', 'avoided coal')",0.0
opex_revenues,"(0, 57, 'HTL', 'electricity')",0.0
opex_revenues,"(0, 57, 'HTL', 'potting media')",0.0
opex_revenues,"(0, 57, 'HTL', 'incentive 1')",0.0
opex_revenues,"(0, 57, 'HTL', 'incentive 2')",0.0
opex_revenues,"(0, 57, 'HTC', 'avoided fertilizer')",0.0
opex_revenues,"(0, 57, 'HTC', 'bio oil')",0.0
opex_revenues,"(0, 57, 'HTC', 'avoided coal')",0.0
opex_revenues,"(0, 57, 'HTC', 'electricity')",0.0
opex_revenues,"(0, 57, 'HTC', 'potting media')",0.0
opex_revenues,"(0, 57, 'HTC', 'incentive 1')",0.0
opex_revenues,"(0, 57, 'HTC', 'incentive 2')",0.0
opex_revenues,"(0, 57, 'CHP', 'avoided fertilizer')",0.0
opex_revenues,"(0, 57, 'CHP', 'bio oil')",0.0
opex_revenues,"(0, 57, 'CHP', 'avoided coal')",0.0
opex_revenues,"(0, 57, 'CHP', 'electricity')",9840.900113489384
opex_revenues,"(0, 57, 'CHP', 'potting media')",0.0
opex_revenues,"(0, 57, 'CHP', 'incentive 1')",0.0
opex_revenues,"(0, 57, 'CHP', 'incentive 2')",0.0
opex_revenues,"(0, 57, 'Feedstock', 'avoided fertilizer')",0.0
opex_revenues,"(0, 57, 'Feedstock', 'bio oil')",0.0
opex_revenues,"(0, 57, 'Feedstock', 'avoided coal')",0.0
opex_revenues,"(0, 57, 'Feedstock', 'electricity')",0.0
opex_revenues,"(0, 57, 'Feedstock', 'potting media')",0.0
opex_revenues,"(0, 57, 'Feedstock', 'incentive 1')",0.0
opex_revenues,"(0, 57, 'Feedstock', 'incentive 2')",0.0
opex_revenues,"(0, 58, 'Pyrolysis', 'avoided fertilizer')",0.0
opex_revenues,"(0, 58, 'Pyrolysis', 'bio oil')",70316.85085207506
opex_revenues,"(0, 58, 'Pyrolysis', 'avoided coal')",0.0
opex_revenues,"(0, 58, 'Pyrolysis', 'electricity')",0.0
opex_revenues,"(0, 58, 'Pyrolysis', 'potting media')",0.0
opex_revenues,"(0, 58, 'Pyrolysis', 'incentive 1')",0.0
opex_revenues,"(0, 58, 'Pyrolysis', 'incentive 2')",0.0
opex_revenues,"(0, 58, 'AD', 'avoided fertilizer')",0.0
opex_revenues,"(0, 58, 'AD', 'bio oil')",0.0
opex_revenues,"(0, 58, 'AD', 'avoided coal')",0.0
opex_revenues,"(0, 58, 'AD', 'electricity')",0.0
opex_revenues,"(0, 58, 'AD', 'potting media')",0.0
opex_revenues,"(0, 58, 'AD', 'incentive 1')",0.0
opex_revenues,"(0, 58, 'AD', 'incentive 2')",0.0
opex_revenues,"(0, 58, 'HTL', 'avoided fertilizer')",0.0
opex_revenues,"(0, 58, 'HTL', 'bio oil')",0.0
opex_revenues,"(0, 58, 'HTL', 'avoided coal')",0.0
opex_revenues,"(0, 58, 'HTL', 'electricity')",0.0
opex_revenues,"(0, 58, 'HTL', 'potting media')",0.0
opex_revenues,"(0, 58, 'HTL', 'incentive 1')",0.0
opex_revenues,"(0, 58, 'HTL', 'incentive 2')",0.0
opex_revenues,"(0, 58, 'HTC', 'avoided fertilizer')",0.0
opex_revenues,"(0, 58, 'HTC', 'bio oil')",0.0
opex_revenues,"(0, 58, 'HTC', 'avoided coal')",0.0
opex_revenues,"(0, 58, 'HTC', 'electricity')",0.0
opex_revenues,"(0, 58, 'HTC', 'potting media')",0.0
opex_revenues,"(0, 58, 'HTC', 'incentive 1')",0.0
opex_revenues,"(0, 58, 'HTC', 'incentive 2')",0.0
opex_revenues,"(0, 58, 'CHP', 'avoided fertilizer')",0.0
opex_revenues,"(0, 58, 'CHP', 'bio oil')",0.0
opex_revenues,"(0, 58, 'CHP', 'avoided coal')",0.0
opex_revenues,"(0, 58, 'CHP', 'electricity')",9462.412770481991
opex_revenues,"(0, 58, 'CHP', 'potting media')",0.0
opex_revenues,"(0, 58, 'CHP', 'incentive 1')",0.0
opex_revenues,"(0, 58, 'CHP', 'incentive 2')",0.0
opex_revenues,"(0, 58, 'Feedstock', 'avoided fertilizer')",0.0
opex_revenues,"(0, 58, 'Feedstock', 'bio oil')",0.0
opex_revenues,"(0, 58, 'Feedstock', 'avoided coal')",0.0
opex_revenues,"(0, 58, 'Feedstock', 'electricity')",0.0
opex_revenues,"(0, 58, 'Feedstock', 'potting media')",0.0
opex_revenues,"(0, 58, 'Feedstock', 'incentive 1')",0.0
opex_revenues,"(0, 58, 'Feedstock', 'incentive 2')",0.0
opex_revenues,"(0, 59, 'Pyrolysis', 'avoided fertilizer')",0.0
opex_revenues,"(0, 59, 'Pyrolysis', 'bio oil')",69921.50449992636
opex_revenues,"(0, 59, 'Pyrolysis', 'avoided coal')",0.0
opex_revenues,"(0, 59, 'Pyrolysis', 'electricity')",0.0
opex_revenues,"(0, 59, 'Pyrolysis', 'potting media')",0.0
opex_revenues,"(0, 59, 'Pyrolysis', 'incentive 1')",0.0
opex_revenues,"(0, 59, 'Pyrolysis', 'incentive 2')",0.0
opex_revenues,"(0, 59, 'AD', 'avoided fertilizer')",0.0
opex_revenues,"(0, 59, 'AD', 'bio oil')",0.0
opex_revenues,"(0, 59, 'AD', 'avoided coal')",0.0
opex_revenues,"(0, 59, 'AD', 'electricity')",0.0
opex_revenues,"(0, 59, 'AD', 'potting media')",0.0
opex_revenues,"(0, 59, 'AD', 'incentive 1')",0.0
opex_revenues,"(0, 59, 'AD', 'incentive 2')",0.0
opex_revenues,"(0, 59, 'HTL', 'avoided fertilizer')",0.0
opex_revenues,"(0, 59, 'HTL', 'bio oil')",0.0
opex_revenues,"(0, 59, 'HTL', 'avoided coal')",0.0
opex_revenues,"(0, 59, 'HTL', 'electricity')",0.0
opex_revenues,"(0, 59, 'HTL', 'potting media')",0.0
opex_revenues,"(0, 59, 'HTL', 'incentive 1')",0.0
opex_revenues,"(0, 59, 'HTL', 'incentive 2')",0.0
opex_revenues,"(0, 59, 'HTC', 'avoided fertilizer')",0.0
opex_revenues,"(0, 59, 'HTC', 'bio oil')",0.0
opex_revenues,"(0, 59, 'HTC', 'avoided coal')",0.0
opex_revenues,"(0, 59, 'HTC', 'electricity')",0.0
opex_revenues,"(0, 59, 'HTC', 'potting media')",0.0
opex_revenues,"(0, 59, 'HTC', 'incentive 1')",0.0
opex_revenues,"(0, 59, 'HTC', 'incentive 2')",0.0
opex_revenues,"(0, 59, 'CHP', 'avoided fertilizer')",0.0
opex_revenues,"(0, 59, 'CHP', 'bio oil')",0.0
opex_revenues,"(0, 59, 'CHP', 'avoided coal')",0.0
opex_revenues,"(0, 59, 'CHP', 'electricity')",9409.211719439403
opex_revenues,"(0, 59, 'CHP', 'potting media')",0.0
opex_revenues,"(0, 59, 'CHP', 'incentive 1')",0.0
opex_revenues,"(0, 59, 'CHP', 'incentive 2')",0.0
opex_revenues,"(0, 59, 'Feedstock', 'avoided fertilizer')",0.0
opex_revenues,"(0, 59, 'Feedstock', 'bio oil')",0.0
opex_revenues,"(0, 59, 'Feedstock', 'avoided coal')",0.0
opex_revenues,"(0, 59, 'Feedstock', 'electricity')",0.0
opex_revenues,"(0, 59, 'Feedstock', 'potting media')",0.0
opex_revenues,"(0, 59, 'Feedstock', 'incentive 1')",0.0
opex_revenues,"(0, 59, 'Feedstock', 'incentive 2')",0.0
opex_revenues,"(0, 60, 'Pyrolysis', 'avoided fertilizer')",0.0
opex_revenues,"(0, 60, 'Pyrolysis', 'bio oil')",69528.380925622
opex_revenues,"(0, 60, 'Pyrolysis', 'avoided coal')",0.0
opex_revenues,"(0, 60, 'Pyrolysis', 'electricity')",0.0
opex_revenues,"(0, 60, 'Pyrolysis', 'potting media')",0.0
opex_revenues,"(0, 60, 'Pyrolysis', 'incentive 1')",0.0
opex_revenues,"(0, 60, 'Pyrolysis', 'incentive 2')",0.0
opex_revenues,"(0, 60, 'AD', 'avoided fertilizer')",0.0
opex_revenues,"(0, 60, 'AD', 'bio oil')",0.0
opex_revenues,"(0, 60, 'AD', 'avoided coal')",0.0
opex_revenues,"(0, 60, 'AD', 'electricity')",0.0
opex_revenues,"(0, 60, 'AD', 'potting media')",0.0
opex_revenues,"(0, 60, 'AD', 'incentive 1')",0.0
opex_revenues,"(0, 60, 'AD', 'incentive 2')",0.0
opex_revenues,"(0, 60, 'HTL', 'avoided fertilizer')",0.0
opex_revenues,"(0, 60, 'HTL', 'bio oil')",0.0
opex_revenues,"(0, 60, 'HTL', 'avoided coal')",0.0
opex_revenues,"(0, 60, 'HTL', 'electricity')",0.0
opex_revenues,"(0, 60, 'HTL', 'potting media')",0.0
opex_revenues,"(0, 60, 'HTL', 'incentive 1')",0.0
opex_revenues,"(0, 60, 'HTL', 'incentive 2')",0.0
opex_revenues,"(0, 60, 'HTC', 'avoided fertilizer')",0.0
opex_revenues,"(0, 60, 'HTC', 'bio oil')",0.0
opex_revenues,"(0, 60, 'HTC', 'avoided coal')",0.0
opex_revenues,"(0, 60, 'HTC', 'electricity')",0.0
opex_revenues,"(0, 60, 'HTC', 'potting media')",0.0
opex_revenues,"(0, 60, 'HTC', 'incentive 1')",0.0
opex_revenues,"(0, 60, 'HTC', 'incentive 2')",0.0
opex_revenues,"(0, 60, 'CHP', 'avoided fertilizer')",0.0
opex_revenues,"(0, 60, 'CHP', 'bio oil')",0.0
opex_revenues,"(0, 60, 'CHP', 'avoided coal')",0.0
opex_revenues,"(0, 60, 'CHP', 'electricity')",9356.309783633138
opex_revenues,"(0, 60, 'CHP', 'potting media')",0.0
opex_revenues,"(0, 60, 'CHP', 'incentive 1')",0.0
opex_revenues,"(0, 60, 'CHP', 'incentive 2')",0.0
opex_revenues,"(0, 60, 'Feedstock', 'avoided fertilizer')",0.0
opex_revenues,"(0, 60, 'Feedstock', 'bio oil')",0.0
opex_revenues,"(0, 60, 'Feedstock', 'avoided coal')",0.0
opex_revenues,"(0, 60, 'Feedstock', 'electricity')",0.0
opex_revenues,"(0, 60, 'Feedstock', 'potting media')",0.0
opex_revenues,"(0, 60, 'Feedstock', 'incentive 1')",0.0
opex_revenues,"(0, 60, 'Feedstock', 'incentive 2')",0.0
opex_revenues,"(0, 61, 'Pyrolysis', 'avoided fertilizer')",0.0
opex_revenues,"(0, 61, 'Pyrolysis', 'bio oil')",69137.46763191413
opex_revenues,"(0, 61, 'Pyrolysis', 'avoided coal')",0.0
opex_revenues,"(0, 61, 'Pyrolysis', 'electricity')",0.0
opex_revenues,"(0, 61, 'Pyrolysis', 'potting media')",0.0
opex_revenues,"(0, 61, 'Pyrolysis', 'incentive 1')",0.0
opex_revenues,"(0, 61, 'Pyrolysis', 'incentive 2')",0.0
opex_revenues,"(0, 61, 'AD', 'avoided fertilizer')",0.0
opex_revenues,"(0, 61, 'AD', 'bio oil')",0.0
opex_revenues,"(0, 61, 'AD', 'avoided coal')",0.0
opex_revenues,"(0, 61, 'AD', 'electricity')",0.0
opex_revenues,"(0, 61, 'AD', 'potting media')",0.0
opex_revenues,"(0, 61, 'AD', 'incentive 1')",0.0
opex_revenues,"(0, 61, 'AD', 'incentive 2')",0.0
opex_revenues,"(0, 61, 'HTL', 'avoided fertilizer')",0.0
opex_revenues,"(0, 61, 'HTL', 'bio oil')",0.0
opex_revenues,"(0, 61, 'HTL', 'avoided coal')",0.0
opex_revenues,"(0, 61, 'HTL', 'electricity')",0.0
opex_revenues,"(0, 61, 'HTL', 'potting media')",0.0
opex_revenues,"(0, 61, 'HTL', 'incentive 1')",0.0
opex_revenues,"(0, 61, 'HTL', 'incentive 2')",0.0
opex_revenues,"(0, 61, 'HTC', 'avoided fertilizer')",0.0
opex_revenues,"(0, 61, 'HTC', 'bio oil')",0.0
opex_revenues,"(0, 61, 'HTC', 'avoided coal')",0.0
opex_revenues,"(0, 61, 'HTC', 'electricity')",0.0
opex_revenues,"(0, 61, 'HTC', 'potting media')",0.0
opex_revenues,"(0, 61, 'HTC', 'incentive 1')",0.0
opex_revenues,"(0, 61, 'HTC', 'incentive 2')",0.0
opex_revenues,"(0, 61, 'CHP', 'avoided fertilizer')",0.0
opex_revenues,"(0, 61, 'CHP', 'bio oil')",0.0
opex_revenues,"(0, 61, 'CHP', 'avoided coal')",0.0
opex_revenues,"(0, 61, 'CHP', 'electricity')",9303.705281330924
opex_revenues,"(0, 61, 'CHP', 'potting media')",0.0
opex_revenues,"(0, 61, 'CHP', 'incentive 1')",0.0
opex_revenues,"(0, 61, 'CHP', 'incentive 2')",0.0
opex_revenues,"(0, 61, 'Feedstock', 'avoided fertilizer')",0.0
opex_revenues,"(0, 61, 'Feedstock', 'bio oil')",0.0
opex_revenues,"(0, 61, 'Feedstock', 'avoided coal')",0.0
opex_revenues,"(0, 61, 'Feedstock', 'electricity')",0.0
opex_revenues,"(0, 61, 'Feedstock', 'potting media')",0.0
opex_revenues,"(0, 61, 'Feedstock', 'incentive 1')",0.0
opex_revenues,"(0, 61, 'Feedstock', 'incentive 2')",0.0
opex_revenues,"(0, 62, 'Pyrolysis', 'avoided fertilizer')",0.0
opex_revenues,"(0, 62, 'Pyrolysis', 'bio oil')",68748.75219181889
opex_revenues,"(0, 62, 'Pyrolysis', 'avoided coal')",0.0
opex_revenues,"(0, 62, 'Pyrolysis', 'electricity')",0.0
opex_revenues,"(0, 62, 'Pyrolysis', 'potting media')",0.0
opex_revenues,"(0, 62, 'Pyrolysis', 'incentive 1')",0.0
opex_revenues,"(0, 62, 'Pyrolysis', 'incentive 2')",0.0
opex_revenues,"(0, 62, 'AD', 'avoided fertilizer')",0.0
opex_revenues,"(0, 62, 'AD', 'bio oil')",0.0
opex_revenues,"(0, 62, 'AD', 'avoided coal')",0.0
opex_revenues,"(0, 62, 'AD', 'electricity')",0.0
opex_revenues,"(0, 62, 'AD', 'potting media')",0.0
opex_revenues,"(0, 62, 'AD', 'incentive 1')",0.0
opex_revenues,"(0, 62, 'AD', 'incentive 2')",0.0
opex_revenues,"(0, 62, 'HTL', 'avoided fertilizer')",0.0
opex_revenues,"(0, 62, 'HTL', 'bio oil')",0.0
opex_revenues,"(0, 62, 'HTL', 'avoided coal')",0.0
opex_revenues,"(0, 62, 'HTL', 'electricity')",0.0
opex_revenues,"(0, 62, 'HTL', 'potting media')",0.0
opex_revenues,"(0, 62, 'HTL', 'incentive 1')",0.0
opex_revenues,"(0, 62, 'HTL', 'incentive 2')",0.0
opex_revenues,"(0, 62, 'HTC', 'avoided fertilizer')",0.0
opex_revenues,"(0, 62, 'HTC', 'bio oil')",0.0
opex_revenues,"(0, 62, 'HTC', 'avoided coal')",0.0
opex_revenues,"(0, 62, 'HTC', 'electricity')",0.0
opex_revenues,"(0, 62, 'HTC', 'potting media')",0.0
opex_revenues,"(0, 62, 'HTC', 'incentive 1')",0.0
opex_revenues,"(0, 62, 'HTC', 'incentive 2')",0.0
opex_revenues,"(0, 62, 'CHP', 'avoided fertilizer')",0.0
opex_revenues,"(0, 62, 'CHP', 'bio oil')",0.0
opex_revenues,"(0, 62, 'CHP', 'avoided coal')",0.0
opex_revenues,"(0, 62, 'CHP', 'electricity')",9251.396540255779
opex_revenues,"(0, 62, 'CHP', 'potting media')",0.0
opex_revenues,"(0, 62, 'CHP', 'incentive 1')",0.0
opex_revenues,"(0, 62, 'CHP', 'incentive 2')",0.0
opex_revenues,"(0, 62, 'Feedstock', 'avoided fertilizer')",0.0
opex_revenues,"(0, 62, 'Feedstock', 'bio oil')",0.0
opex_revenues,"(0, 62, 'Feedstock', 'avoided coal')",0.0
opex_revenues,"(0, 62, 'Feedstock', 'electricity')",0.0
opex_revenues,"(0, 62, 'Feedstock', 'potting media')",0.0
opex_revenues,"(0, 62, 'Feedstock', 'incentive 1')",0.0
opex_revenues,"(0, 62, 'Feedstock', 'incentive 2')",0.0
opex_revenues,"(0, 63, 'Pyrolysis', 'avoided fertilizer')",0.0
opex_revenues,"(0, 63, 'Pyrolysis', 'bio oil')",68362.22224822134
opex_revenues,"(0, 63, 'Pyrolysis', 'avoided coal')",0.0
opex_revenues,"(0, 63, 'Pyrolysis', 'electricity')",0.0
opex_revenues,"(0, 63, 'Pyrolysis', 'potting media')",0.0
opex_revenues,"(0, 63, 'Pyrolysis', 'incentive 1')",0.0
opex_revenues,"(0, 63, 'Pyrolysis', 'incentive 2')",0.0
opex_revenues,"(0, 63, 'AD', 'avoided fertilizer')",0.0
opex_revenues,"(0, 63, 'AD', 'bio oil')",0.0
opex_revenues,"(0, 63, 'AD', 'avoided coal')",0.0
opex_revenues,"(0, 63, 'AD', 'electricity')",0.0
opex_revenues,"(0, 63, 'AD', 'potting media')",0.0
opex_revenues,"(0, 63, 'AD', 'incentive 1')",0.0
opex_revenues,"(0, 63, 'AD', 'incentive 2')",0.0
opex_revenues,"(0, 63, 'HTL', 'avoided fertilizer')",0.0
opex_revenues,"(0, 63, 'HTL', 'bio oil')",0.0
opex_revenues,"(0, 63, 'HTL', 'avoided coal')",0.0
opex_revenues,"(0, 63, 'HTL', 'electricity')",0.0
opex_revenues,"(0, 63, 'HTL', 'potting media')",0.0
opex_revenues,"(0, 63, 'HTL', 'incentive 1')",0.0
opex_revenues,"(0, 63, 'HTL', 'incentive 2')",0.0
opex_revenues,"(0, 63, 'HTC', 'avoided fertilizer')",0.0
opex_revenues,"(0, 63, 'HTC', 'bio oil')",0.0
opex_revenues,"(0, 63, 'HTC', 'avoided coal')",0.0
opex_revenues,"(0, 63, 'HTC', 'electricity')",0.0
opex_revenues,"(0, 63, 'HTC', 'potting media')",0.0
opex_revenues,"(0, 63, 'HTC', 'incentive 1')",0.0
opex_revenues,"(0, 63, 'HTC', 'incentive 2')",0.0
opex_revenues,"(0, 63, 'CHP', 'avoided fertilizer')",0.0
opex_revenues,"(0, 63, 'CHP', 'bio oil')",0.0
opex_revenues,"(0, 63, 'CHP', 'avoided coal')",0.0
opex_revenues,"(0, 63, 'CHP', 'electricity')",9199.381897532865
opex_revenues,"(0, 63, 'CHP', 'potting media')",0.0
opex_revenues,"(0, 63, 'CHP', 'incentive 1')",0.0
opex_revenues,"(0, 63, 'CHP', 'incentive 2')",0.0
opex_revenues,"(0, 63, 'Feedstock', 'avoided fertilizer')",0.0
opex_revenues,"(0, 63, 'Feedstock', 'bio oil')",0.0
opex_revenues,"(0, 63, 'Feedstock', 'avoided coal')",0.0
opex_revenues,"(0, 63, 'Feedstock', 'electricity')",0.0
opex_revenues,"(0, 63, 'Feedstock', 'potting media')",0.0
opex_revenues,"(0, 63, 'Feedstock', 'incentive 1')",0.0
opex_revenues,"(0, 63, 'Feedstock', 'incentive 2')",0.0
opex_revenues,"(0, 64, 'Pyrolysis', 'avoided fertilizer')",0.0
opex_revenues,"(0, 64, 'Pyrolysis', 'bio oil')",67977.86551348263
opex_revenues,"(0, 64, 'Pyrolysis', 'avoided coal')",0.0
opex_revenues,"(0, 64, 'Pyrolysis', 'electricity')",0.0
opex_revenues,"(0, 64, 'Pyrolysis', 'potting media')",0.0
opex_revenues,"(0, 64, 'Pyrolysis', 'incentive 1')",0.0
opex_revenues,"(0, 64, 'Pyrolysis', 'incentive 2')",0.0
opex_revenues,"(0, 64, 'AD', 'avoided fertilizer')",0.0
opex_revenues,"(0, 64, 'AD', 'bio oil')",0.0
opex_revenues,"(0, 64, 'AD', 'avoided coal')",0.0
opex_revenues,"(0, 64, 'AD', 'electricity')",0.0
opex_revenues,"(0, 64, 'AD', 'potting media')",0.0
opex_revenues,"(0, 64, 'AD', 'incentive 1')",0.0
opex_revenues,"(0, 64, 'AD', 'incentive 2')",0.0
opex_revenues,"(0, 64, 'HTL', 'avoided fertilizer')",0.0
opex_revenues,"(0, 64, 'HTL', 'bio oil')",0.0
opex_revenues,"(0, 64, 'HTL', 'avoided coal')",0.0
opex_revenues,"(0, 64, 'HTL', 'electricity')",0.0
opex_revenues,"(0, 64, 'HTL', 'potting media')",0.0
opex_revenues,"(0, 64, 'HTL', 'incentive 1')",0.0
opex_revenues,"(0, 64, 'HTL', 'incentive 2')",0.0
opex_revenues,"(0, 64, 'HTC', 'avoided fertilizer')",0.0
opex_revenues,"(0, 64, 'HTC', 'bio oil')",0.0
opex_revenues,"(0, 64, 'HTC', 'avoided coal')",0.0
opex_revenues,"(0, 64, 'HTC', 'electricity')",0.0
opex_revenues,"(0, 64, 'HTC', 'potting media')",0.0
opex_revenues,"(0, 64, 'HTC', 'incentive 1')",0.0
opex_revenues,"(0, 64, 'HTC', 'incentive 2')",0.0
opex_revenues,"(0, 64, 'CHP', 'avoided fertilizer')",0.0
opex_revenues,"(0, 64, 'CHP', 'bio oil')",0.0
opex_revenues,"(0, 64, 'CHP', 'avoided coal')",0.0
opex_revenues,"(0, 64, 'CHP', 'electricity')",9147.659699636612
opex_revenues,"(0, 64, 'CHP', 'potting media')",0.0
opex_revenues,"(0, 64, 'CHP', 'incentive 1')",0.0
opex_revenues,"(0, 64, 'CHP', 'incentive 2')",0.0
opex_revenues,"(0, 64, 'Feedstock', 'avoided fertilizer')",0.0
opex_revenues,"(0, 64, 'Feedstock', 'bio oil')",0.0
opex_revenues,"(0, 64, 'Feedstock', 'avoided coal')",0.0
opex_revenues,"(0, 64, 'Feedstock', 'electricity')",0.0
opex_revenues,"(0, 64, 'Feedstock', 'potting media')",0.0
opex_revenues,"(0, 64, 'Feedstock', 'incentive 1')",0.0
opex_revenues,"(0, 64, 'Feedstock', 'incentive 2')",0.0
opex_revenues,"(0, 65, 'Pyrolysis', 'avoided fertilizer')",309509.726101363
opex_revenues,"(0, 65, 'Pyrolysis', 'bio oil')",67595.66976904939
opex_revenues,"(0, 65, 'Pyrolysis', 'avoided coal')",0.0
opex_revenues,"(0, 65, 'Pyrolysis', 'electricity')",0.0
opex_revenues,"(0, 65, 'Pyrolysis', 'potting media')",0.0
opex_revenues,"(0, 65, 'Pyrolysis', 'incentive 1')",0.0
opex_revenues,"(0, 65, 'Pyrolysis', 'incentive 2')",0.0
opex_revenues,"(0, 65, 'AD', 'avoided fertilizer')",0.0
opex_revenues,"(0, 65, 'AD', 'bio oil')",0.0
opex_revenues,"(0, 65, 'AD', 'avoided coal')",0.0
opex_revenues,"(0, 65, 'AD', 'electricity')",0.0
opex_revenues,"(0, 65, 'AD', 'potting media')",0.0
opex_revenues,"(0, 65, 'AD', 'incentive 1')",0.0
opex_revenues,"(0, 65, 'AD', 'incentive 2')",0.0
opex_revenues,"(0, 65, 'HTL', 'avoided fertilizer')",0.0
opex_revenues,"(0, 65, 'HTL', 'bio oil')",0.0
opex_revenues,"(0, 65, 'HTL', 'avoided coal')",0.0
opex_revenues,"(0, 65, 'HTL', 'electricity')",0.0
opex_revenues,"(0, 65, 'HTL', 'potting media')",0.0
opex_revenues,"(0, 65, 'HTL', 'incentive 1')",0.0
opex_revenues,"(0, 65, 'HTL', 'incentive 2')",0.0
opex_revenues,"(0, 65, 'HTC', 'avoided fertilizer')",0.0
opex_revenues,"(0, 65, 'HTC', 'bio oil')",0.0
opex_revenues,"(0, 65, 'HTC', 'avoided coal')",0.0
opex_revenues,"(0, 65, 'HTC', 'electricity')",0.0
opex_revenues,"(0, 65, 'HTC', 'potting media')",0.0
opex_revenues,"(0, 65, 'HTC', 'incentive 1')",0.0
opex_revenues,"(0, 65, 'HTC', 'incentive 2')",0.0
opex_revenues,"(0, 65, 'CHP', 'avoided fertilizer')",0.0
opex_revenues,"(0, 65, 'CHP', 'bio oil')",0.0
opex_revenues,"(0, 65, 'CHP', 'avoided coal')",0.0
opex_revenues,"(0, 65, 'CHP', 'electricity')",9096.22830233816
opex_revenues,"(0, 65, 'CHP', 'potting media')",0.0
opex_revenues,"(0, 65, 'CHP', 'incentive 1')",0.0
opex_revenues,"(0, 65, 'CHP', 'incentive 2')",0.0
opex_revenues,"(0, 65, 'Feedstock', 'avoided fertilizer')",0.0
opex_revenues,"(0, 65, 'Feedstock', 'bio oil')",0.0
opex_revenues,"(0, 65, 'Feedstock', 'avoided coal')",0.0
opex_revenues,"(0, 65, 'Feedstock', 'electricity')",0.0
opex_revenues,"(0, 65, 'Feedstock', 'potting media')",0.0
opex_revenues,"(0, 65, 'Feedstock', 'incentive 1')",0.0
opex_revenues,"(0, 65, 'Feedstock', 'incentive 2')",0.0
opex_revenues,"(0, 66, 'Pyrolysis', 'avoided fertilizer')",0.0
opex_revenues,"(0, 66, 'Pyrolysis', 'bio oil')",64069.35966712608
opex_revenues,"(0, 66, 'Pyrolysis', 'avoided coal')",0.0
opex_revenues,"(0, 66, 'Pyrolysis', 'electricity')",0.0
opex_revenues,"(0, 66, 'Pyrolysis', 'potting media')",0.0
opex_revenues,"(0, 66, 'Pyrolysis', 'incentive 1')",0.0
opex_revenues,"(0, 66, 'Pyrolysis', 'incentive 2')",0.0
opex_revenues,"(0, 66, 'AD', 'avoided fertilizer')",0.0
opex_revenues,"(0, 66, 'AD', 'bio oil')",0.0
opex_revenues,"(0, 66, 'AD', 'avoided coal')",0.0
opex_revenues,"(0, 66, 'AD', 'electricity')",0.0
opex_revenues,"(0, 66, 'AD', 'potting media')",0.0
opex_revenues,"(0, 66, 'AD', 'incentive 1')",0.0
opex_revenues,"(0, 66, 'AD', 'incentive 2')",0.0
opex_revenues,"(0, 66, 'HTL', 'avoided fertilizer')",0.0
opex_revenues,"(0, 66, 'HTL', 'bio oil')",0.0
opex_revenues,"(0, 66, 'HTL', 'avoided coal')",0.0
opex_revenues,"(0, 66, 'HTL', 'electricity')",0.0
opex_revenues,"(0, 66, 'HTL', 'potting media')",0.0
opex_revenues,"(0, 66, 'HTL', 'incentive 1')",0.0
opex_revenues,"(0, 66, 'HTL', 'incentive 2')",0.0
opex_revenues,"(0, 66, 'HTC', 'avoided fertilizer')",0.0
opex_revenues,"(0, 66, 'HTC', 'bio oil')",0.0
opex_revenues,"(0, 66, 'HTC', 'avoided coal')",0.0
opex_revenues,"(0, 66, 'HTC', 'electricity')",0.0
opex_revenues,"(0, 66, 'HTC', 'potting media')",0.0
opex_revenues,"(0, 66, 'HTC', 'incentive 1')",0.0
opex_revenues,"(0, 66, 'HTC', 'incentive 2')",0.0
opex_revenues,"(0, 66, 'CHP', 'avoided fertilizer')",0.0
opex_revenues,"(0, 66, 'CHP', 'bio oil')",0.0
opex_revenues,"(0, 66, 'CHP', 'avoided coal')",0.0
opex_revenues,"(0, 66, 'CHP', 'electricity')",36513.4780329824
opex_revenues,"(0, 66, 'CHP', 'potting media')",0.0
opex_revenues,"(0, 66, 'CHP', 'incentive 1')",0.0
opex_revenues,"(0, 66, 'CHP', 'incentive 2')",0.0
opex_revenues,"(0, 66, 'Feedstock', 'avoided fertilizer')",0.0
opex_revenues,"(0, 66, 'Feedstock', 'bio oil')",0.0
opex_revenues,"(0, 66, 'Feedstock', 'avoided coal')",0.0
opex_revenues,"(0, 66, 'Feedstock', 'electricity')",0.0
opex_revenues,"(0, 66, 'Feedstock', 'potting media')",0.0
opex_revenues,"(0, 66, 'Feedstock', 'incentive 1')",0.0
opex_revenues,"(0, 66, 'Feedstock', 'incentive 2')",0.0
opex_revenues,"(0, 67, 'Pyrolysis', 'avoided fertilizer')",0.0
opex_revenues,"(0, 67, 'Pyrolysis', 'bio oil')",63709.138933092654
opex_revenues,"(0, 67, 'Pyrolysis', 'avoided coal')",0.0
opex_revenues,"(0, 67, 'Pyrolysis', 'electricity')",0.0
opex_revenues,"(0, 67, 'Pyrolysis', 'potting media')",0.0
opex_revenues,"(0, 67, 'Pyrolysis', 'incentive 1')",0.0
opex_revenues,"(0, 67, 'Pyrolysis', 'incentive 2')",0.0
opex_revenues,"(0, 67, 'AD', 'avoided fertilizer')",0.0
opex_revenues,"(0, 67, 'AD', 'bio oil')",0.0
opex_revenues,"(0, 67, 'AD', 'avoided coal')",0.0
opex_revenues,"(0, 67, 'AD', 'electricity')",0.0
opex_revenues,"(0, 67, 'AD', 'potting media')",0.0
opex_revenues,"(0, 67, 'AD', 'incentive 1')",0.0
opex_revenues,"(0, 67, 'AD', 'incentive 2')",0.0
opex_revenues,"(0, 67, 'HTL', 'avoided fertilizer')",0.0
opex_revenues,"(0, 67, 'HTL', 'bio oil')",0.0
opex_revenues,"(0, 67, 'HTL', 'avoided coal')",0.0
opex_revenues,"(0, 67, 'HTL', 'electricity')",0.0
opex_revenues,"(0, 67, 'HTL', 'potting media')",0.0
opex_revenues,"(0, 67, 'HTL', 'incentive 1')",0.0
opex_revenues,"(0, 67, 'HTL', 'incentive 2')",0.0
opex_revenues,"(0, 67, 'HTC', 'avoided fertilizer')",0.0
opex_revenues,"(0, 67, 'HTC', 'bio oil')",0.0
opex_revenues,"(0, 67, 'HTC', 'avoided coal')",0.0
opex_revenues,"(0, 67, 'HTC', 'electricity')",0.0
opex_revenues,"(0, 67, 'HTC', 'potting media')",0.0
opex_revenues,"(0, 67, 'HTC', 'incentive 1')",0.0
opex_revenues,"(0, 67, 'HTC', 'incentive 2')",0.0
opex_revenues,"(0, 67, 'CHP', 'avoided fertilizer')",0.0
opex_revenues,"(0, 67, 'CHP', 'bio oil')",0.0
opex_revenues,"(0, 67, 'CHP', 'avoided coal')",0.0
opex_revenues,"(0, 67, 'CHP', 'electricity')",36308.18626906412
opex_revenues,"(0, 67, 'CHP', 'potting media')",0.0
opex_revenues,"(0, 67, 'CHP', 'incentive 1')",0.0
opex_revenues,"(0, 67, 'CHP', 'incentive 2')",0.0
opex_revenues,"(0, 67, 'Feedstock', 'avoided fertilizer')",0.0
opex_revenues,"(0, 67, 'Feedstock', 'bio oil')",0.0
opex_revenues,"(0, 67, 'Feedstock', 'avoided coal')",0.0
opex_revenues,"(0, 67, 'Feedstock', 'electricity')",0.0
opex_revenues,"(0, 67, 'Feedstock', 'potting media')",0.0
opex_revenues,"(0, 67, 'Feedstock', 'incentive 1')",0.0
opex_revenues,"(0, 67, 'Feedstock', 'incentive 2')",0.0
opex_revenues,"(0, 68, 'Pyrolysis', 'avoided fertilizer')",0.0
opex_revenues,"(0, 68, 'Pyrolysis', 'bio oil')",63350.94348777522
opex_revenues,"(0, 68, 'Pyrolysis', 'avoided coal')",0.0
opex_revenues,"(0, 68, 'Pyrolysis', 'electricity')",0.0
opex_revenues,"(0, 68, 'Pyrolysis', 'potting media')",0.0
opex_revenues,"(0, 68, 'Pyrolysis', 'incentive 1')",0.0
opex_revenues,"(0, 68, 'Pyrolysis', 'incentive 2')",0.0
opex_revenues,"(0, 68, 'AD', 'avoided fertilizer')",0.0
opex_revenues,"(0, 68, 'AD', 'bio oil')",0.0
opex_revenues,"(0, 68, 'AD', 'avoided coal')",0.0
opex_revenues,"(0, 68, 'AD', 'electricity')",0.0
opex_revenues,"(0, 68, 'AD', 'potting media')",0.0
opex_revenues,"(0, 68, 'AD', 'incentive 1')",0.0
opex_revenues,"(0, 68, 'AD', 'incentive 2')",0.0
opex_revenues,"(0, 68, 'HTL', 'avoided fertilizer')",0.0
opex_revenues,"(0, 68, 'HTL', 'bio oil')",0.0
opex_revenues,"(0, 68, 'HTL', 'avoided coal')",0.0
opex_revenues,"(0, 68, 'HTL', 'electricity')",0.0
opex_revenues,"(0, 68, 'HTL', 'potting media')",0.0
opex_revenues,"(0, 68, 'HTL', 'incentive 1')",0.0
opex_revenues,"(0, 68, 'HTL', 'incentive 2')",0.0
opex_revenues,"(0, 68, 'HTC', 'avoided fertilizer')",0.0
opex_revenues,"(0, 68, 'HTC', 'bio oil')",0.0
opex_revenues,"(0, 68, 'HTC', 'avoided coal')",0.0
opex_revenues,"(0, 68, 'HTC', 'electricity')",0.0
opex_revenues,"(0, 68, 'HTC', 'potting media')",0.0
opex_revenues,"(0, 68, 'HTC', 'incentive 1')",0.0
opex_revenues,"(0, 68, 'HTC', 'incentive 2')",0.0
opex_revenues,"(0, 68, 'CHP', 'avoided fertilizer')",0.0
opex_revenues,"(0, 68, 'CHP', 'bio oil')",0.0
opex_revenues,"(0, 68, 'CHP', 'avoided coal')",0.0
opex_revenues,"(0, 68, 'CHP', 'electricity')",36104.048728479334
opex_revenues,"(0, 68, 'CHP', 'potting media')",0.0
opex_revenues,"(0, 68, 'CHP', 'incentive 1')",0.0
opex_revenues,"(0, 68, 'CHP', 'incentive 2')",0.0
opex_revenues,"(0, 68, 'Feedstock', 'avoided fertilizer')",0.0
opex_revenues,"(0, 68, 'Feedstock', 'bio oil')",0.0
opex_revenues,"(0, 68, 'Feedstock', 'avoided coal')",0.0
opex_revenues,"(0, 68, 'Feedstock', 'electricity')",0.0
opex_revenues,"(0, 68, 'Feedstock', 'potting media')",0.0
opex_revenues,"(0, 68, 'Feedstock', 'incentive 1')",0.0
opex_revenues,"(0, 68, 'Feedstock', 'incentive 2')",0.0
opex_revenues,"(0, 69, 'Pyrolysis', 'avoided fertilizer')",0.0
opex_revenues,"(0, 69, 'Pyrolysis', 'bio oil')",66088.25471960485
opex_revenues,"(0, 69, 'Pyrolysis', 'avoided coal')",0.0
opex_revenues,"(0, 69, 'Pyrolysis', 'electricity')",0.0
opex_revenues,"(0, 69, 'Pyrolysis', 'potting media')",0.0
opex_revenues,"(0, 69, 'Pyrolysis', 'incentive 1')",0.0
opex_revenues,"(0, 69, 'Pyrolysis', 'incentive 2')",0.0
opex_revenues,"(0, 69, 'AD', 'avoided fertilizer')",0.0
opex_revenues,"(0, 69, 'AD', 'bio oil')",0.0
opex_revenues,"(0, 69, 'AD', 'avoided coal')",0.0
opex_revenues,"(0, 69, 'AD', 'electricity')",0.0
opex_revenues,"(0, 69, 'AD', 'potting media')",0.0
opex_revenues,"(0, 69, 'AD', 'incentive 1')",0.0
opex_revenues,"(0, 69, 'AD', 'incentive 2')",0.0
opex_revenues,"(0, 69, 'HTL', 'avoided fertilizer')",0.0
opex_revenues,"(0, 69, 'HTL', 'bio oil')",0.0
opex_revenues,"(0, 69, 'HTL', 'avoided coal')",0.0
opex_revenues,"(0, 69, 'HTL', 'electricity')",0.0
opex_revenues,"(0, 69, 'HTL', 'potting media')",0.0
opex_revenues,"(0, 69, 'HTL', 'incentive 1')",0.0
opex_revenues,"(0, 69, 'HTL', 'incentive 2')",0.0
opex_revenues,"(0, 69, 'HTC', 'avoided fertilizer')",0.0
opex_revenues,"(0, 69, 'HTC', 'bio oil')",0.0
opex_revenues,"(0, 69, 'HTC', 'avoided coal')",0.0
opex_revenues,"(0, 69, 'HTC', 'electricity')",0.0
opex_revenues,"(0, 69, 'HTC', 'potting media')",0.0
opex_revenues,"(0, 69, 'HTC', 'incentive 1')",0.0
opex_revenues,"(0, 69, 'HTC', 'incentive 2')",0.0
opex_revenues,"(0, 69, 'CHP', 'avoided fertilizer')",0.0
opex_revenues,"(0, 69, 'CHP', 'bio oil')",0.0
opex_revenues,"(0, 69, 'CHP', 'avoided coal')",0.0
opex_revenues,"(0, 69, 'CHP', 'electricity')",9197.10290650307
opex_revenues,"(0, 69, 'CHP', 'potting media')",0.0
opex_revenues,"(0, 69, 'CHP', 'incentive 1')",0.0
opex_revenues,"(0, 69, 'CHP', 'incentive 2')",0.0
opex_revenues,"(0, 69, 'Feedstock', 'avoided fertilizer')",0.0
opex_revenues,"(0, 69, 'Feedstock', 'bio oil')",0.0
opex_revenues,"(0, 69, 'Feedstock', 'avoided coal')",0.0
opex_revenues,"(0, 69, 'Feedstock', 'electricity')",0.0
opex_revenues,"(0, 69, 'Feedstock', 'potting media')",0.0
opex_revenues,"(0, 69, 'Feedstock', 'incentive 1')",0.0
opex_revenues,"(0, 69, 'Feedstock', 'incentive 2')",0.0
opex_revenues,"(0, 70, 'Pyrolysis', 'avoided fertilizer')",0.0
opex_revenues,"(0, 70, 'Pyrolysis', 'bio oil')",65716.6830393225
opex_revenues,"(0, 70, 'Pyrolysis', 'avoided coal')",0.0
opex_revenues,"(0, 70, 'Pyrolysis', 'electricity')",0.0
opex_revenues,"(0, 70, 'Pyrolysis', 'potting media')",0.0
opex_revenues,"(0, 70, 'Pyrolysis', 'incentive 1')",0.0
opex_revenues,"(0, 70, 'Pyrolysis', 'incentive 2')",0.0
opex_revenues,"(0, 70, 'AD', 'avoided fertilizer')",0.0
opex_revenues,"(0, 70, 'AD', 'bio oil')",0.0
opex_revenues,"(0, 70, 'AD', 'avoided coal')",0.0
opex_revenues,"(0, 70, 'AD', 'electricity')",0.0
opex_revenues,"(0, 70, 'AD', 'potting media')",0.0
opex_revenues,"(0, 70, 'AD', 'incentive 1')",0.0
opex_revenues,"(0, 70, 'AD', 'incentive 2')",0.0
opex_revenues,"(0, 70, 'HTL', 'avoided fertilizer')",0.0
opex_revenues,"(0, 70, 'HTL', 'bio oil')",0.0
opex_revenues,"(0, 70, 'HTL', 'avoided coal')",0.0
opex_revenues,"(0, 70, 'HTL', 'electricity')",0.0
opex_revenues,"(0, 70, 'HTL', 'potting media')",0.0
opex_revenues,"(0, 70, 'HTL', 'incentive 1')",0.0
opex_revenues,"(0, 70, 'HTL', 'incentive 2')",0.0
opex_revenues,"(0, 70, 'HTC', 'avoided fertilizer')",0.0
opex_revenues,"(0, 70, 'HTC', 'bio oil')",0.0
opex_revenues,"(0, 70, 'HTC', 'avoided coal')",0.0
opex_revenues,"(0, 70, 'HTC', 'electricity')",0.0
opex_revenues,"(0, 70, 'HTC', 'potting media')",0.0
opex_revenues,"(0, 70, 'HTC', 'incentive 1')",0.0
opex_revenues,"(0, 70, 'HTC', 'incentive 2')",0.0
opex_revenues,"(0, 70, 'CHP', 'avoided fertilizer')",0.0
opex_revenues,"(0, 70, 'CHP', 'bio oil')",0.0
opex_revenues,"(0, 70, 'CHP', 'avoided coal')",0.0
opex_revenues,"(0, 70, 'CHP', 'electricity')",8843.376421011206
opex_revenues,"(0, 70, 'CHP', 'potting media')",0.0
opex_revenues,"(0, 70, 'CHP', 'incentive 1')",0.0
opex_revenues,"(0, 70, 'CHP', 'incentive 2')",0.0
opex_revenues,"(0, 70, 'Feedstock', 'avoided fertilizer')",0.0
opex_revenues,"(0, 70, 'Feedstock', 'bio oil')",0.0
opex_revenues,"(0, 70, 'Feedstock', 'avoided coal')",0.0
opex_revenues,"(0, 70, 'Feedstock', 'electricity')",0.0
opex_revenues,"(0, 70, 'Feedstock', 'potting media')",0.0
opex_revenues,"(0, 70, 'Feedstock', 'incentive 1')",0.0
opex_revenues,"(0, 70, 'Feedstock', 'incentive 2')",0.0
opex_revenues,"(0, 71, 'Pyrolysis', 'avoided fertilizer')",0.0
opex_revenues,"(0, 71, 'Pyrolysis', 'bio oil')",65347.20046722091
opex_revenues,"(0, 71, 'Pyrolysis', 'avoided coal')",0.0
opex_revenues,"(0, 71, 'Pyrolysis', 'electricity')",0.0
opex_revenues,"(0, 71, 'Pyrolysis', 'potting media')",0.0
opex_revenues,"(0, 71, 'Pyrolysis', 'incentive 1')",0.0
opex_revenues,"(0, 71, 'Pyrolysis', 'incentive 2')",0.0
opex_revenues,"(0, 71, 'AD', 'avoided fertilizer')",0.0
opex_revenues,"(0, 71, 'AD', 'bio oil')",0.0
opex_revenues,"(0, 71, 'AD', 'avoided coal')",0.0
opex_revenues,"(0, 71, 'AD', 'electricity')",0.0
opex_revenues,"(0, 71, 'AD', 'potting media')",0.0
opex_revenues,"(0, 71, 'AD', 'incentive 1')",0.0
opex_revenues,"(0, 71, 'AD', 'incentive 2')",0.0
opex_revenues,"(0, 71, 'HTL', 'avoided fertilizer')",0.0
opex_revenues,"(0, 71, 'HTL', 'bio oil')",0.0
opex_revenues,"(0, 71, 'HTL', 'avoided coal')",0.0
opex_revenues,"(0, 71, 'HTL', 'electricity')",0.0
opex_revenues,"(0, 71, 'HTL', 'potting media')",0.0
opex_revenues,"(0, 71, 'HTL', 'incentive 1')",0.0
opex_revenues,"(0, 71, 'HTL', 'incentive 2')",0.0
opex_revenues,"(0, 71, 'HTC', 'avoided fertilizer')",0.0
opex_revenues,"(0, 71, 'HTC', 'bio oil')",0.0
opex_revenues,"(0, 71, 'HTC', 'avoided coal')",0.0
opex_revenues,"(0, 71, 'HTC', 'electricity')",0.0
opex_revenues,"(0, 71, 'HTC', 'potting media')",0.0
opex_revenues,"(0, 71, 'HTC', 'incentive 1')",0.0
opex_revenues,"(0, 71, 'HTC', 'incentive 2')",0.0
opex_revenues,"(0, 71, 'CHP', 'avoided fertilizer')",0.0
opex_revenues,"(0, 71, 'CHP', 'bio oil')",0.0
opex_revenues,"(0, 71, 'CHP', 'avoided coal')",0.0
opex_revenues,"(0, 71, 'CHP', 'electricity')",8793.655812560191
opex_revenues,"(0, 71, 'CHP', 'potting media')",0.0
opex_revenues,"(0, 71, 'CHP', 'incentive 1')",0.0
opex_revenues,"(0, 71, 'CHP', 'incentive 2')",0.0
opex_revenues,"(0, 71, 'Feedstock', 'avoided fertilizer')",0.0
opex_revenues,"(0, 71, 'Feedstock', 'bio oil')",0.0
opex_revenues,"(0, 71, 'Feedstock', 'avoided coal')",0.0
opex_revenues,"(0, 71, 'Feedstock', 'electricity')",0.0
opex_revenues,"(0, 71, 'Feedstock', 'potting media')",0.0
opex_revenues,"(0, 71, 'Feedstock', 'incentive 1')",0.0
opex_revenues,"(0, 71, 'Feedstock', 'incentive 2')",0.0
opex_revenues,"(0, 72, 'Pyrolysis', 'avoided fertilizer')",0.0
opex_revenues,"(0, 72, 'Pyrolysis', 'bio oil')",64979.79525759067
opex_revenues,"(0, 72, 'Pyrolysis', 'avoided coal')",0.0
opex_revenues,"(0, 72, 'Pyrolysis', 'electricity')",0.0
opex_revenues,"(0, 72, 'Pyrolysis', 'potting media')",0.0
opex_revenues,"(0, 72, 'Pyrolysis', 'incentive 1')",0.0
opex_revenues,"(0, 72, 'Pyrolysis', 'incentive 2')",0.0
opex_revenues,"(0, 72, 'AD', 'avoided fertilizer')",0.0
opex_revenues,"(0, 72, 'AD', 'bio oil')",0.0
opex_revenues,"(0, 72, 'AD', 'avoided coal')",0.0
opex_revenues,"(0, 72, 'AD', 'electricity')",0.0
opex_revenues,"(0, 72, 'AD', 'potting media')",0.0
opex_revenues,"(0, 72, 'AD', 'incentive 1')",0.0
opex_revenues,"(0, 72, 'AD', 'incentive 2')",0.0
opex_revenues,"(0, 72, 'HTL', 'avoided fertilizer')",0.0
opex_revenues,"(0, 72, 'HTL', 'bio oil')",0.0
opex_revenues,"(0, 72, 'HTL', 'avoided coal')",0.0
opex_revenues,"(0, 72, 'HTL', 'electricity')",0.0
opex_revenues,"(0, 72, 'HTL', 'potting media')",0.0
opex_revenues,"(0, 72, 'HTL', 'incentive 1')",0.0
opex_revenues,"(0, 72, 'HTL', 'incentive 2')",0.0
opex_revenues,"(0, 72, 'HTC', 'avoided fertilizer')",0.0
opex_revenues,"(0, 72, 'HTC', 'bio oil')",0.0
opex_revenues,"(0, 72, 'HTC', 'avoided coal')",0.0
opex_revenues,"(0, 72, 'HTC', 'electricity')",0.0
opex_revenues,"(0, 72, 'HTC', 'potting media')",0.0
opex_revenues,"(0, 72, 'HTC', 'incentive 1')",0.0
opex_revenues,"(0, 72, 'HTC', 'incentive 2')",0.0
opex_revenues,"(0, 72, 'CHP', 'avoided fertilizer')",0.0
opex_revenues,"(0, 72, 'CHP', 'bio oil')",0.0
opex_revenues,"(0, 72, 'CHP', 'avoided coal')",0.0
opex_revenues,"(0, 72, 'CHP', 'electricity')",8744.21475105901
opex_revenues,"(0, 72, 'CHP', 'potting media')",0.0
opex_revenues,"(0, 72, 'CHP', 'incentive 1')",0.0
opex_revenues,"(0, 72, 'CHP', 'incentive 2')",0.0
opex_revenues,"(0, 72, 'Feedstock', 'avoided fertilizer')",0.0
opex_revenues,"(0, 72, 'Feedstock', 'bio oil')",0.0
opex_revenues,"(0, 72, 'Feedstock', 'avoided coal')",0.0
opex_revenues,"(0, 72, 'Feedstock', 'electricity')",0.0
opex_revenues,"(0, 72, 'Feedstock', 'potting media')",0.0
opex_revenues,"(0, 72, 'Feedstock', 'incentive 1')",0.0
opex_revenues,"(0, 72, 'Feedstock', 'incentive 2')",0.0
opex_revenues,"(0, 73, 'Pyrolysis', 'avoided fertilizer')",0.0
opex_revenues,"(0, 73, 'Pyrolysis', 'bio oil')",64614.45573076086
opex_revenues,"(0, 73, 'Pyrolysis', 'avoided coal')",0.0
opex_revenues,"(0, 73, 'Pyrolysis', 'electricity')",0.0
opex_revenues,"(0, 73, 'Pyrolysis', 'potting media')",0.0
opex_revenues,"(0, 73, 'Pyrolysis', 'incentive 1')",0.0
opex_revenues,"(0, 73, 'Pyrolysis', 'incentive 2')",0.0
opex_revenues,"(0, 73, 'AD', 'avoided fertilizer')",0.0
opex_revenues,"(0, 73, 'AD', 'bio oil')",0.0
opex_revenues,"(0, 73, 'AD', 'avoided coal')",0.0
opex_revenues,"(0, 73, 'AD', 'electricity')",0.0
opex_revenues,"(0, 73, 'AD', 'potting media')",0.0
opex_revenues,"(0, 73, 'AD', 'incentive 1')",0.0
opex_revenues,"(0, 73, 'AD', 'incentive 2')",0.0
opex_revenues,"(0, 73, 'HTL', 'avoided fertilizer')",0.0
opex_revenues,"(0, 73, 'HTL', 'bio oil')",0.0
opex_revenues,"(0, 73, 'HTL', 'avoided coal')",0.0
opex_revenues,"(0, 73, 'HTL', 'electricity')",0.0
opex_revenues,"(0, 73, 'HTL', 'potting media')",0.0
opex_revenues,"(0, 73, 'HTL', 'incentive 1')",0.0
opex_revenues,"(0, 73, 'HTL', 'incentive 2')",0.0
opex_revenues,"(0, 73, 'HTC', 'avoided fertilizer')",0.0
opex_revenues,"(0, 73, 'HTC', 'bio oil')",0.0
opex_revenues,"(0, 73, 'HTC', 'avoided coal')",0.0
opex_revenues,"(0, 73, 'HTC', 'electricity')",0.0
opex_revenues,"(0, 73, 'HTC', 'potting media')",0.0
opex_revenues,"(0, 73, 'HTC', 'incentive 1')",0.0
opex_revenues,"(0, 73, 'HTC', 'incentive 2')",0.0
opex_revenues,"(0, 73, 'CHP', 'avoided fertilizer')",0.0
opex_revenues,"(0, 73, 'CHP', 'bio oil')",0.0
opex_revenues,"(0, 73, 'CHP', 'avoided coal')",0.0
opex_revenues,"(0, 73, 'CHP', 'electricity')",8695.051664795255
opex_revenues,"(0, 73, 'CHP', 'potting media')",0.0
opex_revenues,"(0, 73, 'CHP', 'incentive 1')",0.0
opex_revenues,"(0, 73, 'CHP', 'incentive 2')",0.0
opex_revenues,"(0, 73, 'Feedstock', 'avoided fertilizer')",0.0
opex_revenues,"(0, 73, 'Feedstock', 'bio oil')",0.0
opex_revenues,"(0, 73, 'Feedstock', 'avoided coal')",0.0
opex_revenues,"(0, 73, 'Feedstock', 'electricity')",0.0
opex_revenues,"(0, 73, 'Feedstock', 'potting media')",0.0
opex_revenues,"(0, 73, 'Feedstock', 'incentive 1')",0.0
opex_revenues,"(0, 73, 'Feedstock', 'incentive 2')",0.0
opex_revenues,"(0, 74, 'Pyrolysis', 'avoided fertilizer')",0.0
opex_revenues,"(0, 74, 'Pyrolysis', 'bio oil')",64251.17027272795
opex_revenues,"(0, 74, 'Pyrolysis', 'avoided coal')",0.0
opex_revenues,"(0, 74, 'Pyrolysis', 'electricity')",0.0
opex_revenues,"(0, 74, 'Pyrolysis', 'potting media')",0.0
opex_revenues,"(0, 74, 'Pyrolysis', 'incentive 1')",0.0
opex_revenues,"(0, 74, 'Pyrolysis', 'incentive 2')",0.0
opex_revenues,"(0, 74, 'AD', 'avoided fertilizer')",0.0
opex_revenues,"(0, 74, 'AD', 'bio oil')",0.0
opex_revenues,"(0, 74, 'AD', 'avoided coal')",0.0
opex_revenues,"(0, 74, 'AD', 'electricity')",0.0
opex_revenues,"(0, 74, 'AD', 'potting media')",0.0
opex_revenues,"(0, 74, 'AD', 'incentive 1')",0.0
opex_revenues,"(0, 74, 'AD', 'incentive 2')",0.0
opex_revenues,"(0, 74, 'HTL', 'avoided fertilizer')",0.0
opex_revenues,"(0, 74, 'HTL', 'bio oil')",0.0
opex_revenues,"(0, 74, 'HTL', 'avoided coal')",0.0
opex_revenues,"(0, 74, 'HTL', 'electricity')",0.0
opex_revenues,"(0, 74, 'HTL', 'potting media')",0.0
opex_revenues,"(0, 74, 'HTL', 'incentive 1')",0.0
opex_revenues,"(0, 74, 'HTL', 'incentive 2')",0.0
opex_revenues,"(0, 74, 'HTC', 'avoided fertilizer')",0.0
opex_revenues,"(0, 74, 'HTC', 'bio oil')",0.0
opex_revenues,"(0, 74, 'HTC', 'avoided coal')",0.0
opex_revenues,"(0, 74, 'HTC', 'electricity')",0.0
opex_revenues,"(0, 74, 'HTC', 'potting media')",0.0
opex_revenues,"(0, 74, 'HTC', 'incentive 1')",0.0
opex_revenues,"(0, 74, 'HTC', 'incentive 2')",0.0
opex_revenues,"(0, 74, 'CHP', 'avoided fertilizer')",0.0
opex_revenues,"(0, 74, 'CHP', 'bio oil')",0.0
opex_revenues,"(0, 74, 'CHP', 'avoided coal')",0.0
opex_revenues,"(0, 74, 'CHP', 'electricity')",8646.164990893252
opex_revenues,"(0, 74, 'CHP', 'potting media')",0.0
opex_revenues,"(0, 74, 'CHP', 'incentive 1')",0.0
opex_revenues,"(0, 74, 'CHP', 'incentive 2')",0.0
opex_revenues,"(0, 74, 'Feedstock', 'avoided fertilizer')",0.0
opex_revenues,"(0, 74, 'Feedstock', 'bio oil')",0.0
opex_revenues,"(0, 74, 'Feedstock', 'avoided coal')",0.0
opex_revenues,"(0, 74, 'Feedstock', 'electricity')",0.0
opex_revenues,"(0, 74, 'Feedstock', 'potting media')",0.0
opex_revenues,"(0, 74, 'Feedstock', 'incentive 1')",0.0
opex_revenues,"(0, 74, 'Feedstock', 'incentive 2')",0.0
opex_revenues,"(0, 75, 'Pyrolysis', 'avoided fertilizer')",0.0
opex_revenues,"(0, 75, 'Pyrolysis', 'bio oil')",63889.927334786305
opex_revenues,"(0, 75, 'Pyrolysis', 'avoided coal')",0.0
opex_revenues,"(0, 75, 'Pyrolysis', 'electricity')",0.0
opex_revenues,"(0, 75, 'Pyrolysis', 'potting media')",0.0
opex_revenues,"(0, 75, 'Pyrolysis', 'incentive 1')",0.0
opex_revenues,"(0, 75, 'Pyrolysis', 'incentive 2')",0.0
opex_revenues,"(0, 75, 'AD', 'avoided fertilizer')",0.0
opex_revenues,"(0, 75, 'AD', 'bio oil')",0.0
opex_revenues,"(0, 75, 'AD', 'avoided coal')",0.0
opex_revenues,"(0, 75, 'AD', 'electricity')",0.0
opex_revenues,"(0, 75, 'AD', 'potting media')",0.0
opex_revenues,"(0, 75, 'AD', 'incentive 1')",0.0
opex_revenues,"(0, 75, 'AD', 'incentive 2')",0.0
opex_revenues,"(0, 75, 'HTL', 'avoided fertilizer')",0.0
opex_revenues,"(0, 75, 'HTL', 'bio oil')",0.0
opex_revenues,"(0, 75, 'HTL', 'avoided coal')",0.0
opex_revenues,"(0, 75, 'HTL', 'electricity')",0.0
opex_revenues,"(0, 75, 'HTL', 'potting media')",0.0
opex_revenues,"(0, 75, 'HTL', 'incentive 1')",0.0
opex_revenues,"(0, 75, 'HTL', 'incentive 2')",0.0
opex_revenues,"(0, 75, 'HTC', 'avoided fertilizer')",0.0
opex_revenues,"(0, 75, 'HTC', 'bio oil')",0.0
opex_revenues,"(0, 75, 'HTC', 'avoided coal')",0.0
opex_revenues,"(0, 75, 'HTC', 'electricity')",0.0
opex_revenues,"(0, 75, 'HTC', 'potting media')",0.0
opex_revenues,"(0, 75, 'HTC', 'incentive 1')",0.0
opex_revenues,"(0, 75, 'HTC', 'incentive 2')",0.0
opex_revenues,"(0, 75, 'CHP', 'avoided fertilizer')",0.0
opex_revenues,"(0, 75, 'CHP', 'bio oil')",0.0
opex_revenues,"(0, 75, 'CHP', 'avoided coal')",0.0
opex_revenues,"(0, 75, 'CHP', 'electricity')",8597.55317526436
opex_revenues,"(0, 75, 'CHP', 'potting media')",0.0
opex_revenues,"(0, 75, 'CHP', 'incentive 1')",0.0
opex_revenues,"(0, 75, 'CHP', 'incentive 2')",0.0
opex_revenues,"(0, 75, 'Feedstock', 'avoided fertilizer')",0.0
opex_revenues,"(0, 75, 'Feedstock', 'bio oil')",0.0
opex_revenues,"(0, 75, 'Feedstock', 'avoided coal')",0.0
opex_revenues,"(0, 75, 'Feedstock', 'electricity')",0.0
opex_revenues,"(0, 75, 'Feedstock', 'potting media')",0.0
opex_revenues,"(0, 75, 'Feedstock', 'incentive 1')",0.0
opex_revenues,"(0, 75, 'Feedstock', 'incentive 2')",0.0
opex_revenues,"(0, 76, 'Pyrolysis', 'avoided fertilizer')",0.0
opex_revenues,"(0, 76, 'Pyrolysis', 'bio oil')",63530.715433161335
opex_revenues,"(0, 76, 'Pyrolysis', 'avoided coal')",0.0
opex_revenues,"(0, 76, 'Pyrolysis', 'electricity')",0.0
opex_revenues,"(0, 76, 'Pyrolysis', 'potting media')",0.0
opex_revenues,"(0, 76, 'Pyrolysis', 'incentive 1')",0.0
opex_revenues,"(0, 76, 'Pyrolysis', 'incentive 2')",0.0
opex_revenues,"(0, 76, 'AD', 'avoided fertilizer')",0.0
opex_revenues,"(0, 76, 'AD', 'bio oil')",0.0
opex_revenues,"(0, 76, 'AD', 'avoided coal')",0.0
opex_revenues,"(0, 76, 'AD', 'electricity')",0.0
opex_revenues,"(0, 76, 'AD', 'potting media')",0.0
opex_revenues,"(0, 76, 'AD', 'incentive 1')",0.0
opex_revenues,"(0, 76, 'AD', 'incentive 2')",0.0
opex_revenues,"(0, 76, 'HTL', 'avoided fertilizer')",0.0
opex_revenues,"(0, 76, 'HTL', 'bio oil')",0.0
opex_revenues,"(0, 76, 'HTL', 'avoided coal')",0.0
opex_revenues,"(0, 76, 'HTL', 'electricity')",0.0
opex_revenues,"(0, 76, 'HTL', 'potting media')",0.0
opex_revenues,"(0, 76, 'HTL', 'incentive 1')",0.0
opex_revenues,"(0, 76, 'HTL', 'incentive 2')",0.0
opex_revenues,"(0, 76, 'HTC', 'avoided fertilizer')",0.0
opex_revenues,"(0, 76, 'HTC', 'bio oil')",0.0
opex_revenues,"(0, 76, 'HTC', 'avoided coal')",0.0
opex_revenues,"(0, 76, 'HTC', 'electricity')",0.0
opex_revenues,"(0, 76, 'HTC', 'potting media')",0.0
opex_revenues,"(0, 76, 'HTC', 'incentive 1')",0.0
opex_revenues,"(0, 76, 'HTC', 'incentive 2')",0.0
opex_revenues,"(0, 76, 'CHP', 'avoided fertilizer')",0.0
opex_revenues,"(0, 76, 'CHP', 'bio oil')",0.0
opex_revenues,"(0, 76, 'CHP', 'avoided coal')",0.0
opex_revenues,"(0, 76, 'CHP', 'electricity')",8549.21467255758
opex_revenues,"(0, 76, 'CHP', 'potting media')",0.0
opex_revenues,"(0, 76, 'CHP', 'incentive 1')",0.0
opex_revenues,"(0, 76, 'CHP', 'incentive 2')",0.0
opex_revenues,"(0, 76, 'Feedstock', 'avoided fertilizer')",0.0
opex_revenues,"(0, 76, 'Feedstock', 'bio oil')",0.0
opex_revenues,"(0, 76, 'Feedstock', 'avoided coal')",0.0
opex_revenues,"(0, 76, 'Feedstock', 'electricity')",0.0
opex_revenues,"(0, 76, 'Feedstock', 'potting media')",0.0
opex_revenues,"(0, 76, 'Feedstock', 'incentive 1')",0.0
opex_revenues,"(0, 76, 'Feedstock', 'incentive 2')",0.0
opex_revenues,"(0, 77, 'Pyrolysis', 'avoided fertilizer')",289261.4262660931
opex_revenues,"(0, 77, 'Pyrolysis', 'bio oil')",63173.523148644286
opex_revenues,"(0, 77, 'Pyrolysis', 'avoided coal')",0.0
opex_revenues,"(0, 77, 'Pyrolysis', 'electricity')",0.0
opex_revenues,"(0, 77, 'Pyrolysis', 'potting media')",0.0
opex_revenues,"(0, 77, 'Pyrolysis', 'incentive 1')",0.0
opex_revenues,"(0, 77, 'Pyrolysis', 'incentive 2')",0.0
opex_revenues,"(0, 77, 'AD', 'avoided fertilizer')",0.0
opex_revenues,"(0, 77, 'AD', 'bio oil')",0.0
opex_revenues,"(0, 77, 'AD', 'avoided coal')",0.0
opex_revenues,"(0, 77, 'AD', 'electricity')",0.0
opex_revenues,"(0, 77, 'AD', 'potting media')",0.0
opex_revenues,"(0, 77, 'AD', 'incentive 1')",0.0
opex_revenues,"(0, 77, 'AD', 'incentive 2')",0.0
opex_revenues,"(0, 77, 'HTL', 'avoided fertilizer')",0.0
opex_revenues,"(0, 77, 'HTL', 'bio oil')",0.0
opex_revenues,"(0, 77, 'HTL', 'avoided coal')",0.0
opex_revenues,"(0, 77, 'HTL', 'electricity')",0.0
opex_revenues,"(0, 77, 'HTL', 'potting media')",0.0
opex_revenues,"(0, 77, 'HTL', 'incentive 1')",0.0
opex_revenues,"(0, 77, 'HTL', 'incentive 2')",0.0
opex_revenues,"(0, 77, 'HTC', 'avoided fertilizer')",0.0
opex_revenues,"(0, 77, 'HTC', 'bio oil')",0.0
opex_revenues,"(0, 77, 'HTC', 'avoided coal')",0.0
opex_revenues,"(0, 77, 'HTC', 'electricity')",0.0
opex_revenues,"(0, 77, 'HTC', 'potting media')",0.0
opex_revenues,"(0, 77, 'HTC', 'incentive 1')",0.0
opex_revenues,"(0, 77, 'HTC', 'incentive 2')",0.0
opex_revenues,"(0, 77, 'CHP', 'avoided fertilizer')",0.0
opex_revenues,"(0, 77, 'CHP', 'bio oil')",0.0
opex_revenues,"(0, 77, 'CHP', 'avoided coal')",0.0
opex_revenues,"(0, 77, 'CHP', 'electricity')",8501.14794611043
opex_revenues,"(0, 77, 'CHP', 'potting media')",0.0
opex_revenues,"(0, 77, 'CHP', 'incentive 1')",0.0
opex_revenues,"(0, 77, 'CHP', 'incentive 2')",0.0
opex_revenues,"(0, 77, 'Feedstock', 'avoided fertilizer')",0.0
opex_revenues,"(0, 77, 'Feedstock', 'bio oil')",0.0
opex_revenues,"(0, 77, 'Feedstock', 'avoided coal')",0.0
opex_revenues,"(0, 77, 'Feedstock', 'electricity')",0.0
opex_revenues,"(0, 77, 'Feedstock', 'potting media')",0.0
opex_revenues,"(0, 77, 'Feedstock', 'incentive 1')",0.0
opex_revenues,"(0, 77, 'Feedstock', 'incentive 2')",0.0
opex_revenues,"(0, 78, 'Pyrolysis', 'avoided fertilizer')",0.0
opex_revenues,"(0, 78, 'Pyrolysis', 'bio oil')",59877.90623095895
opex_revenues,"(0, 78, 'Pyrolysis', 'avoided coal')",0.0
opex_revenues,"(0, 78, 'Pyrolysis', 'electricity')",0.0
opex_revenues,"(0, 78, 'Pyrolysis', 'potting media')",0.0
opex_revenues,"(0, 78, 'Pyrolysis', 'incentive 1')",0.0
opex_revenues,"(0, 78, 'Pyrolysis', 'incentive 2')",0.0
opex_revenues,"(0, 78, 'AD', 'avoided fertilizer')",0.0
opex_revenues,"(0, 78, 'AD', 'bio oil')",0.0
opex_revenues,"(0, 78, 'AD', 'avoided coal')",0.0
opex_revenues,"(0, 78, 'AD', 'electricity')",0.0
opex_revenues,"(0, 78, 'AD', 'potting media')",0.0
opex_revenues,"(0, 78, 'AD', 'incentive 1')",0.0
opex_revenues,"(0, 78, 'AD', 'incentive 2')",0.0
opex_revenues,"(0, 78, 'HTL', 'avoided fertilizer')",0.0
opex_revenues,"(0, 78, 'HTL', 'bio oil')",0.0
opex_revenues,"(0, 78, 'HTL', 'avoided coal')",0.0
opex_revenues,"(0, 78, 'HTL', 'electricity')",0.0
opex_revenues,"(0, 78, 'HTL', 'potting media')",0.0
opex_revenues,"(0, 78, 'HTL', 'incentive 1')",0.0
opex_revenues,"(0, 78, 'HTL', 'incentive 2')",0.0
opex_revenues,"(0, 78, 'HTC', 'avoided fertilizer')",0.0
opex_revenues,"(0, 78, 'HTC', 'bio oil')",0.0
opex_revenues,"(0, 78, 'HTC', 'avoided coal')",0.0
opex_revenues,"(0, 78, 'HTC', 'electricity')",0.0
opex_revenues,"(0, 78, 'HTC', 'potting media')",0.0
opex_revenues,"(0, 78, 'HTC', 'incentive 1')",0.0
opex_revenues,"(0, 78, 'HTC', 'incentive 2')",0.0
opex_revenues,"(0, 78, 'CHP', 'avoided fertilizer')",0.0
opex_revenues,"(0, 78, 'CHP', 'bio oil')",0.0
opex_revenues,"(0, 78, 'CHP', 'avoided coal')",0.0
opex_revenues,"(0, 78, 'CHP', 'electricity')",34124.7458252172
opex_revenues,"(0, 78, 'CHP', 'potting media')",0.0
opex_revenues,"(0, 78, 'CHP', 'incentive 1')",0.0
opex_revenues,"(0, 78, 'CHP', 'incentive 2')",0.0
opex_revenues,"(0, 78, 'Feedstock', 'avoided fertilizer')",0.0
opex_revenues,"(0, 78, 'Feedstock', 'bio oil')",0.0
opex_revenues,"(0, 78, 'Feedstock', 'avoided coal')",0.0
opex_revenues,"(0, 78, 'Feedstock', 'electricity')",0.0
opex_revenues,"(0, 78, 'Feedstock', 'potting media')",0.0
opex_revenues,"(0, 78, 'Feedstock', 'incentive 1')",0.0
opex_revenues,"(0, 78, 'Feedstock', 'incentive 2')",0.0
opex_revenues,"(0, 79, 'Pyrolysis', 'avoided fertilizer')",0.0
opex_revenues,"(0, 79, 'Pyrolysis', 'bio oil')",59541.2513393383
opex_revenues,"(0, 79, 'Pyrolysis', 'avoided coal')",0.0
opex_revenues,"(0, 79, 'Pyrolysis', 'electricity')",0.0
opex_revenues,"(0, 79, 'Pyrolysis', 'potting media')",0.0
opex_revenues,"(0, 79, 'Pyrolysis', 'incentive 1')",0.0
opex_revenues,"(0, 79, 'Pyrolysis', 'incentive 2')",0.0
opex_revenues,"(0, 79, 'AD', 'avoided fertilizer')",0.0
opex_revenues,"(0, 79, 'AD', 'bio oil')",0.0
opex_revenues,"(0, 79, 'AD', 'avoided coal')",0.0
opex_revenues,"(0, 79, 'AD', 'electricity')",0.0
opex_revenues,"(0, 79, 'AD', 'potting media')",0.0
opex_revenues,"(0, 79, 'AD', 'incentive 1')",0.0
opex_revenues,"(0, 79, 'AD', 'incentive 2')",0.0
opex_revenues,"(0, 79, 'HTL', 'avoided fertilizer')",0.0
opex_revenues,"(0, 79, 'HTL', 'bio oil')",0.0
opex_revenues,"(0, 79, 'HTL', 'avoided coal')",0.0
opex_revenues,"(0, 79, 'HTL', 'electricity')",0.0
opex_revenues,"(0, 79, 'HTL', 'potting media')",0.0
opex_revenues,"(0, 79, 'HTL', 'incentive 1')",0.0
opex_revenues,"(0, 79, 'HTL', 'incentive 2')",0.0
opex_revenues,"(0, 79, 'HTC', 'avoided fertilizer')",0.0
opex_revenues,"(0, 79, 'HTC', 'bio oil')",0.0
opex_revenues,"(0, 79, 'HTC', 'avoided coal')",0.0
opex_revenues,"(0, 79, 'HTC', 'electricity')",0.0
opex_revenues,"(0, 79, 'HTC', 'potting media')",0.0
opex_revenues,"(0, 79, 'HTC', 'incentive 1')",0.0
opex_revenues,"(0, 79, 'HTC', 'incentive 2')",0.0
opex_revenues,"(0, 79, 'CHP', 'avoided fertilizer')",0.0
opex_revenues,"(0, 79, 'CHP', 'bio oil')",0.0
opex_revenues,"(0, 79, 'CHP', 'avoided coal')",0.0
opex_revenues,"(0, 79, 'CHP', 'electricity')",33058.87711435781
opex_revenues,"(0, 79, 'CHP', 'potting media')",0.0
opex_revenues,"(0, 79, 'CHP', 'incentive 1')",0.0
opex_revenues,"(0, 79, 'CHP', 'incentive 2')",0.0
opex_revenues,"(0, 79, 'Feedstock', 'avoided fertilizer')",0.0
opex_revenues,"(0, 79, 'Feedstock', 'bio oil')",0.0
opex_revenues,"(0, 79, 'Feedstock', 'avoided coal')",0.0
opex_revenues,"(0, 79, 'Feedstock', 'electricity')",0.0
opex_revenues,"(0, 79, 'Feedstock', 'potting media')",0.0
opex_revenues,"(0, 79, 'Feedstock', 'incentive 1')",0.0
opex_revenues,"(0, 79, 'Feedstock', 'incentive 2')",0.0
opex_revenues,"(0, 80, 'Pyrolysis', 'avoided fertilizer')",0.0
opex_revenues,"(0, 80, 'Pyrolysis', 'bio oil')",62113.95076653212
opex_revenues,"(0, 80, 'Pyrolysis', 'avoided coal')",0.0
opex_revenues,"(0, 80, 'Pyrolysis', 'electricity')",0.0
opex_revenues,"(0, 80, 'Pyrolysis', 'potting media')",0.0
opex_revenues,"(0, 80, 'Pyrolysis', 'incentive 1')",0.0
opex_revenues,"(0, 80, 'Pyrolysis', 'incentive 2')",0.0
opex_revenues,"(0, 80, 'AD', 'avoided fertilizer')",0.0
opex_revenues,"(0, 80, 'AD', 'bio oil')",0.0
opex_revenues,"(0, 80, 'AD', 'avoided coal')",0.0
opex_revenues,"(0, 80, 'AD', 'electricity')",0.0
opex_revenues,"(0, 80, 'AD', 'potting media')",0.0
opex_revenues,"(0, 80, 'AD', 'incentive 1')",0.0
opex_revenues,"(0, 80, 'AD', 'incentive 2')",0.0
opex_revenues,"(0, 80, 'HTL', 'avoided fertilizer')",0.0
opex_revenues,"(0, 80, 'HTL', 'bio oil')",0.0
opex_revenues,"(0, 80, 'HTL', 'avoided coal')",0.0
opex_revenues,"(0, 80, 'HTL', 'electricity')",0.0
opex_revenues,"(0, 80, 'HTL', 'potting media')",0.0
opex_revenues,"(0, 80, 'HTL', 'incentive 1')",0.0
opex_revenues,"(0, 80, 'HTL', 'incentive 2')",0.0
opex_revenues,"(0, 80, 'HTC', 'avoided fertilizer')",0.0
opex_revenues,"(0, 80, 'HTC', 'bio oil')",0.0
opex_revenues,"(0, 80, 'HTC', 'avoided coal')",0.0
opex_revenues,"(0, 80, 'HTC', 'electricity')",0.0
opex_revenues,"(0, 80, 'HTC', 'potting media')",0.0
opex_revenues,"(0, 80, 'HTC', 'incentive 1')",0.0
opex_revenues,"(0, 80, 'HTC', 'incentive 2')",0.0
opex_revenues,"(0, 80, 'CHP', 'avoided fertilizer')",0.0
opex_revenues,"(0, 80, 'CHP', 'bio oil')",0.0
opex_revenues,"(0, 80, 'CHP', 'avoided coal')",0.0
opex_revenues,"(0, 80, 'CHP', 'electricity')",8358.563187005675
opex_revenues,"(0, 80, 'CHP', 'potting media')",0.0
opex_revenues,"(0, 80, 'CHP', 'incentive 1')",0.0
opex_revenues,"(0, 80, 'CHP', 'incentive 2')",0.0
opex_revenues,"(0, 80, 'Feedstock', 'avoided fertilizer')",0.0
opex_revenues,"(0, 80, 'Feedstock', 'bio oil')",0.0
opex_revenues,"(0, 80, 'Feedstock', 'avoided coal')",0.0
opex_revenues,"(0, 80, 'Feedstock', 'electricity')",0.0
opex_revenues,"(0, 80, 'Feedstock', 'potting media')",0.0
opex_revenues,"(0, 80, 'Feedstock', 'incentive 1')",0.0
opex_revenues,"(0, 80, 'Feedstock', 'incentive 2')",0.0
opex_revenues,"(0, 81, 'Pyrolysis', 'avoided fertilizer')",0.0
opex_revenues,"(0, 81, 'Pyrolysis', 'bio oil')",61764.724037013875
opex_revenues,"(0, 81, 'Pyrolysis', 'avoided coal')",0.0
opex_revenues,"(0, 81, 'Pyrolysis', 'electricity')",0.0
opex_revenues,"(0, 81, 'Pyrolysis', 'potting media')",0.0
opex_revenues,"(0, 81, 'Pyrolysis', 'incentive 1')",0.0
opex_revenues,"(0, 81, 'Pyrolysis', 'incentive 2')",0.0
opex_revenues,"(0, 81, 'AD', 'avoided fertilizer')",0.0
opex_revenues,"(0, 81, 'AD', 'bio oil')",0.0
opex_revenues,"(0, 81, 'AD', 'avoided coal')",0.0
opex_revenues,"(0, 81, 'AD', 'electricity')",0.0
opex_revenues,"(0, 81, 'AD', 'potting media')",0.0
opex_revenues,"(0, 81, 'AD', 'incentive 1')",0.0
opex_revenues,"(0, 81, 'AD', 'incentive 2')",0.0
opex_revenues,"(0, 81, 'HTL', 'avoided fertilizer')",0.0
opex_revenues,"(0, 81, 'HTL', 'bio oil')",0.0
opex_revenues,"(0, 81, 'HTL', 'avoided coal')",0.0
opex_revenues,"(0, 81, 'HTL', 'electricity')",0.0
opex_revenues,"(0, 81, 'HTL', 'potting media')",0.0
opex_revenues,"(0, 81, 'HTL', 'incentive 1')",0.0
opex_revenues,"(0, 81, 'HTL', 'incentive 2')",0.0
opex_revenues,"(0, 81, 'HTC', 'avoided fertilizer')",0.0
opex_revenues,"(0, 81, 'HTC', 'bio oil')",0.0
opex_revenues,"(0, 81, 'HTC', 'avoided coal')",0.0
opex_revenues,"(0, 81, 'HTC', 'electricity')",0.0
opex_revenues,"(0, 81, 'HTC', 'potting media')",0.0
opex_revenues,"(0, 81, 'HTC', 'incentive 1')",0.0
opex_revenues,"(0, 81, 'HTC', 'incentive 2')",0.0
opex_revenues,"(0, 81, 'CHP', 'avoided fertilizer')",0.0
opex_revenues,"(0, 81, 'CHP', 'bio oil')",0.0
opex_revenues,"(0, 81, 'CHP', 'avoided coal')",0.0
opex_revenues,"(0, 81, 'CHP', 'electricity')",8311.568371038464
opex_revenues,"(0, 81, 'CHP', 'potting media')",0.0
opex_revenues,"(0, 81, 'CHP', 'incentive 1')",0.0
opex_revenues,"(0, 81, 'CHP', 'incentive 2')",0.0
opex_revenues,"(0, 81, 'Feedstock', 'avoided fertilizer')",0.0
opex_revenues,"(0, 81, 'Feedstock', 'bio oil')",0.0
opex_revenues,"(0, 81, 'Feedstock', 'avoided coal')",0.0
opex_revenues,"(0, 81, 'Feedstock', 'electricity')",0.0
opex_revenues,"(0, 81, 'Feedstock', 'potting media')",0.0
opex_revenues,"(0, 81, 'Feedstock', 'incentive 1')",0.0
opex_revenues,"(0, 81, 'Feedstock', 'incentive 2')",0.0
opex_revenues,"(0, 82, 'Pyrolysis', 'avoided fertilizer')",0.0
opex_revenues,"(0, 82, 'Pyrolysis', 'bio oil')",61417.460784413546
opex_revenues,"(0, 82, 'Pyrolysis', 'avoided coal')",0.0
opex_revenues,"(0, 82, 'Pyrolysis', 'electricity')",0.0
opex_revenues,"(0, 82, 'Pyrolysis', 'potting media')",0.0
opex_revenues,"(0, 82, 'Pyrolysis', 'incentive 1')",0.0
opex_revenues,"(0, 82, 'Pyrolysis', 'incentive 2')",0.0
opex_revenues,"(0, 82, 'AD', 'avoided fertilizer')",0.0
opex_revenues,"(0, 82, 'AD', 'bio oil')",0.0
opex_revenues,"(0, 82, 'AD', 'avoided coal')",0.0
opex_revenues,"(0, 82, 'AD', 'electricity')",0.0
opex_revenues,"(0, 82, 'AD', 'potting media')",0.0
opex_revenues,"(0, 82, 'AD', 'incentive 1')",0.0
opex_revenues,"(0, 82, 'AD', 'incentive 2')",0.0
opex_revenues,"(0, 82, 'HTL', 'avoided fertilizer')",0.0
opex_revenues,"(0, 82, 'HTL', 'bio oil')",0.0
opex_revenues,"(0, 82, 'HTL', 'avoided coal')",0.0
opex_revenues,"(0, 82, 'HTL', 'electricity')",0.0
opex_revenues,"(0, 82, 'HTL', 'potting media')",0.0
opex_revenues,"(0, 82, 'HTL', 'incentive 1')",0.0
opex_revenues,"(0, 82, 'HTL', 'incentive 2')",0.0
opex_revenues,"(0, 82, 'HTC', 'avoided fertilizer')",0.0
opex_revenues,"(0, 82, 'HTC', 'bio oil')",0.0
opex_revenues,"(0, 82, 'HTC', 'avoided coal')",0.0
opex_revenues,"(0, 82, 'HTC', 'electricity')",0.0
opex_revenues,"(0, 82, 'HTC', 'potting media')",0.0
opex_revenues,"(0, 82, 'HTC', 'incentive 1')",0.0
opex_revenues,"(0, 82, 'HTC', 'incentive 2')",0.0
opex_revenues,"(0, 82, 'CHP', 'avoided fertilizer')",0.0
opex_revenues,"(0, 82, 'CHP', 'bio oil')",0.0
opex_revenues,"(0, 82, 'CHP', 'avoided coal')",0.0
opex_revenues,"(0, 82, 'CHP', 'electricity')",8264.837776645987
opex_revenues,"(0, 82, 'CHP', 'potting media')",0.0
opex_revenues,"(0, 82, 'CHP', 'incentive 1')",0.0
opex_revenues,"(0, 82, 'CHP', 'incentive 2')",0.0
opex_revenues,"(0, 82, 'Feedstock', 'avoided fertilizer')",0.0
opex_revenues,"(0, 82, 'Feedstock', 'bio oil')",0.0
opex_revenues,"(0, 82, 'Feedstock', 'avoided coal')",0.0
opex_revenues,"(0, 82, 'Feedstock', 'electricity')",0.0
opex_revenues,"(0, 82, 'Feedstock', 'potting media')",0.0
opex_revenues,"(0, 82, 'Feedstock', 'incentive 1')",0.0
opex_revenues,"(0, 82, 'Feedstock', 'incentive 2')",0.0
opex_revenues,"(0, 83, 'Pyrolysis', 'avoided fertilizer')",0.0
opex_revenues,"(0, 83, 'Pyrolysis', 'bio oil')",61072.14996936533
opex_revenues,"(0, 83, 'Pyrolysis', 'avoided coal')",0.0
opex_revenues,"(0, 83, 'Pyrolysis', 'electricity')",0.0
opex_revenues,"(0, 83, 'Pyrolysis', 'potting media')",0.0
opex_revenues,"(0, 83, 'Pyrolysis', 'incentive 1')",0.0
opex_revenues,"(0, 83, 'Pyrolysis', 'incentive 2')",0.0
opex_revenues,"(0, 83, 'AD', 'avoided fertilizer')",0.0
opex_revenues,"(0, 83, 'AD', 'bio oil')",0.0
opex_revenues,"(0, 83, 'AD', 'avoided coal')",0.0
opex_revenues,"(0, 83, 'AD', 'electricity')",0.0
opex_revenues,"(0, 83, 'AD', 'potting media')",0.0
opex_revenues,"(0, 83, 'AD', 'incentive 1')",0.0
opex_revenues,"(0, 83, 'AD', 'incentive 2')",0.0
opex_revenues,"(0, 83, 'HTL', 'avoided fertilizer')",0.0
opex_revenues,"(0, 83, 'HTL', 'bio oil')",0.0
opex_revenues,"(0, 83, 'HTL', 'avoided coal')",0.0
opex_revenues,"(0, 83, 'HTL', 'electricity')",0.0
opex_revenues,"(0, 83, 'HTL', 'potting media')",0.0
opex_revenues,"(0, 83, 'HTL', 'incentive 1')",0.0
opex_revenues,"(0, 83, 'HTL', 'incentive 2')",0.0
opex_revenues,"(0, 83, 'HTC', 'avoided fertilizer')",0.0
opex_revenues,"(0, 83, 'HTC', 'bio oil')",0.0
opex_revenues,"(0, 83, 'HTC', 'avoided coal')",0.0
opex_revenues,"(0, 83, 'HTC', 'electricity')",0.0
opex_revenues,"(0, 83, 'HTC', 'potting media')",0.0
opex_revenues,"(0, 83, 'HTC', 'incentive 1')",0.0
opex_revenues,"(0, 83, 'HTC', 'incentive 2')",0.0
opex_revenues,"(0, 83, 'CHP', 'avoided fertilizer')",0.0
opex_revenues,"(0, 83, 'CHP', 'bio oil')",0.0
opex_revenues,"(0, 83, 'CHP', 'avoided coal')",0.0
opex_revenues,"(0, 83, 'CHP', 'electricity')",8218.36991828055
opex_revenues,"(0, 83, 'CHP', 'potting media')",0.0
opex_revenues,"(0, 83, 'CHP', 'incentive 1')",0.0
opex_revenues,"(0, 83, 'CHP', 'incentive 2')",0.0
opex_revenues,"(0, 83, 'Feedstock', 'avoided fertilizer')",0.0
opex_revenues,"(0, 83, 'Feedstock', 'bio oil')",0.0
opex_revenues,"(0, 83, 'Feedstock', 'avoided coal')",0.0
opex_revenues,"(0, 83, 'Feedstock', 'electricity')",0.0
opex_revenues,"(0, 83, 'Feedstock', 'potting media')",0.0
opex_revenues,"(0, 83, 'Feedstock', 'incentive 1')",0.0
opex_revenues,"(0, 83, 'Feedstock', 'incentive 2')",0.0
opex_revenues,"(0, 84, 'Pyrolysis', 'avoided fertilizer')",0.0
opex_revenues,"(0, 84, 'Pyrolysis', 'bio oil')",60728.78061457073
opex_revenues,"(0, 84, 'Pyrolysis', 'avoided coal')",0.0
opex_revenues,"(0, 84, 'Pyrolysis', 'electricity')",0.0
opex_revenues,"(0, 84, 'Pyrolysis', 'potting media')",0.0
opex_revenues,"(0, 84, 'Pyrolysis', 'incentive 1')",0.0
opex_revenues,"(0, 84, 'Pyrolysis', 'incentive 2')",0.0
opex_revenues,"(0, 84, 'AD', 'avoided fertilizer')",0.0
opex_revenues,"(0, 84, 'AD', 'bio oil')",0.0
opex_revenues,"(0, 84, 'AD', 'avoided coal')",0.0
opex_revenues,"(0, 84, 'AD', 'electricity')",0.0
opex_revenues,"(0, 84, 'AD', 'potting media')",0.0
opex_revenues,"(0, 84, 'AD', 'incentive 1')",0.0
opex_revenues,"(0, 84, 'AD', 'incentive 2')",0.0
opex_revenues,"(0, 84, 'HTL', 'avoided fertilizer')",0.0
opex_revenues,"(0, 84, 'HTL', 'bio oil')",0.0
opex_revenues,"(0, 84, 'HTL', 'avoided coal')",0.0
opex_revenues,"(0, 84, 'HTL', 'electricity')",0.0
opex_revenues,"(0, 84, 'HTL', 'potting media')",0.0
opex_revenues,"(0, 84, 'HTL', 'incentive 1')",0.0
opex_revenues,"(0, 84, 'HTL', 'incentive 2')",0.0
opex_revenues,"(0, 84, 'HTC', 'avoided fertilizer')",0.0
opex_revenues,"(0, 84, 'HTC', 'bio oil')",0.0
opex_revenues,"(0, 84, 'HTC', 'avoided coal')",0.0
opex_revenues,"(0, 84, 'HTC', 'electricity')",0.0
opex_revenues,"(0, 84, 'HTC', 'potting media')",0.0
opex_revenues,"(0, 84, 'HTC', 'incentive 1')",0.0
opex_revenues,"(0, 84, 'HTC', 'incentive 2')",0.0
opex_revenues,"(0, 84, 'CHP', 'avoided fertilizer')",0.0
opex_revenues,"(0, 84, 'CHP', 'bio oil')",0.0
opex_revenues,"(0, 84, 'CHP', 'avoided coal')",0.0
opex_revenues,"(0, 84, 'CHP', 'electricity')",8172.163318746738
opex_revenues,"(0, 84, 'CHP', 'potting media')",0.0
opex_revenues,"(0, 84, 'CHP', 'incentive 1')",0.0
opex_revenues,"(0, 84, 'CHP', 'incentive 2')",0.0
opex_revenues,"(0, 84, 'Feedstock', 'avoided fertilizer')",0.0
opex_revenues,"(0, 84, 'Feedstock', 'bio oil')",0.0
opex_revenues,"(0, 84, 'Feedstock', 'avoided coal')",0.0
opex_revenues,"(0, 84, 'Feedstock', 'electricity')",0.0
opex_revenues,"(0, 84, 'Feedstock', 'potting media')",0.0
opex_revenues,"(0, 84, 'Feedstock', 'incentive 1')",0.0
opex_revenues,"(0, 84, 'Feedstock', 'incentive 2')",0.0
opex_revenues,"(0, 85, 'Pyrolysis', 'avoided fertilizer')",0.0
opex_revenues,"(0, 85, 'Pyrolysis', 'bio oil')",60387.34180444942
opex_revenues,"(0, 85, 'Pyrolysis', 'avoided coal')",0.0
opex_revenues,"(0, 85, 'Pyrolysis', 'electricity')",0.0
opex_revenues,"(0, 85, 'Pyrolysis', 'potting media')",0.0
opex_revenues,"(0, 85, 'Pyrolysis', 'incentive 1')",0.0
opex_revenues,"(0, 85, 'Pyrolysis', 'incentive 2')",0.0
opex_revenues,"(0, 85, 'AD', 'avoided fertilizer')",0.0
opex_revenues,"(0, 85, 'AD', 'bio oil')",0.0
opex_revenues,"(0, 85, 'AD', 'avoided coal')",0.0
opex_revenues,"(0, 85, 'AD', 'electricity')",0.0
opex_revenues,"(0, 85, 'AD', 'potting media')",0.0
opex_revenues,"(0, 85, 'AD', 'incentive 1')",0.0
opex_revenues,"(0, 85, 'AD', 'incentive 2')",0.0
opex_revenues,"(0, 85, 'HTL', 'avoided fertilizer')",0.0
opex_revenues,"(0, 85, 'HTL', 'bio oil')",0.0
opex_revenues,"(0, 85, 'HTL', 'avoided coal')",0.0
opex_revenues,"(0, 85, 'HTL', 'electricity')",0.0
opex_revenues,"(0, 85, 'HTL', 'potting media')",0.0
opex_revenues,"(0, 85, 'HTL', 'incentive 1')",0.0
opex_revenues,"(0, 85, 'HTL', 'incentive 2')",0.0
opex_revenues,"(0, 85, 'HTC', 'avoided fertilizer')",0.0
opex_revenues,"(0, 85, 'HTC', 'bio oil')",0.0
opex_revenues,"(0, 85, 'HTC', 'avoided coal')",0.0
opex_revenues,"(0, 85, 'HTC', 'electricity')",0.0
opex_revenues,"(0, 85, 'HTC', 'potting media')",0.0
opex_revenues,"(0, 85, 'HTC', 'incentive 1')",0.0
opex_revenues,"(0, 85, 'HTC', 'incentive 2')",0.0
opex_revenues,"(0, 85, 'CHP', 'avoided fertilizer')",0.0
opex_revenues,"(0, 85, 'CHP', 'bio oil')",0.0
opex_revenues,"(0, 85, 'CHP', 'avoided coal')",0.0
opex_revenues,"(0, 85, 'CHP', 'electricity')",8126.216509154445
opex_revenues,"(0, 85, 'CHP', 'potting media')",0.0
opex_revenues,"(0, 85, 'CHP', 'incentive 1')",0.0
opex_revenues,"(0, 85, 'CHP', 'incentive 2')",0.0
opex_revenues,"(0, 85, 'Feedstock', 'avoided fertilizer')",0.0
opex_revenues,"(0, 85, 'Feedstock', 'bio oil')",0.0
opex_revenues,"(0, 85, 'Feedstock', 'avoided coal')",0.0
opex_revenues,"(0, 85, 'Feedstock', 'electricity')",0.0
opex_revenues,"(0, 85, 'Feedstock', 'potting media')",0.0
opex_revenues,"(0, 85, 'Feedstock', 'incentive 1')",0.0
opex_revenues,"(0, 85, 'Feedstock', 'incentive 2')",0.0
opex_revenues,"(0, 86, 'Pyrolysis', 'avoided fertilizer')",0.0
opex_revenues,"(0, 86, 'Pyrolysis', 'bio oil')",60047.822684792474
opex_revenues,"(0, 86, 'Pyrolysis', 'avoided coal')",0.0
opex_revenues,"(0, 86, 'Pyrolysis', 'electricity')",0.0
opex_revenues,"(0, 86, 'Pyrolysis', 'potting media')",0.0
opex_revenues,"(0, 86, 'Pyrolysis', 'incentive 1')",0.0
opex_revenues,"(0, 86, 'Pyrolysis', 'incentive 2')",0.0
opex_revenues,"(0, 86, 'AD', 'avoided fertilizer')",0.0
opex_revenues,"(0, 86, 'AD', 'bio oil')",0.0
opex_revenues,"(0, 86, 'AD', 'avoided coal')",0.0
opex_revenues,"(0, 86, 'AD', 'electricity')",0.0
opex_revenues,"(0, 86, 'AD', 'potting media')",0.0
opex_revenues,"(0, 86, 'AD', 'incentive 1')",0.0
opex_revenues,"(0, 86, 'AD', 'incentive 2')",0.0
opex_revenues,"(0, 86, 'HTL', 'avoided fertilizer')",0.0
opex_revenues,"(0, 86, 'HTL', 'bio oil')",0.0
opex_revenues,"(0, 86, 'HTL', 'avoided coal')",0.0
opex_revenues,"(0, 86, 'HTL', 'electricity')",0.0
opex_revenues,"(0, 86, 'HTL', 'potting media')",0.0
opex_revenues,"(0, 86, 'HTL', 'incentive 1')",0.0
opex_revenues,"(0, 86, 'HTL', 'incentive 2')",0.0
opex_revenues,"(0, 86, 'HTC', 'avoided fertilizer')",0.0
opex_revenues,"(0, 86, 'HTC', 'bio oil')",0.0
opex_revenues,"(0, 86, 'HTC', 'avoided coal')",0.0
opex_revenues,"(0, 86, 'HTC', 'electricity')",0.0
opex_revenues,"(0, 86, 'HTC', 'potting media')",0.0
opex_revenues,"(0, 86, 'HTC', 'incentive 1')",0.0
opex_revenues,"(0, 86, 'HTC', 'incentive 2')",0.0
opex_revenues,"(0, 86, 'CHP', 'avoided fertilizer')",0.0
opex_revenues,"(0, 86, 'CHP', 'bio oil')",0.0
opex_revenues,"(0, 86, 'CHP', 'avoided coal')",0.0
opex_revenues,"(0, 86, 'CHP', 'electricity')",8080.528028872198
opex_revenues,"(0, 86, 'CHP', 'potting media')",0.0
opex_revenues,"(0, 86, 'CHP', 'incentive 1')",0.0
opex_revenues,"(0, 86, 'CHP', 'incentive 2')",0.0
opex_revenues,"(0, 86, 'Feedstock', 'avoided fertilizer')",0.0
opex_revenues,"(0, 86, 'Feedstock', 'bio oil')",0.0
opex_revenues,"(0, 86, 'Feedstock', 'avoided coal')",0.0
opex_revenues,"(0, 86, 'Feedstock', 'electricity')",0.0
opex_revenues,"(0, 86, 'Feedstock', 'potting media')",0.0
opex_revenues,"(0, 86, 'Feedstock', 'incentive 1')",0.0
opex_revenues,"(0, 86, 'Feedstock', 'incentive 2')",0.0
opex_revenues,"(0, 87, 'Pyrolysis', 'avoided fertilizer')",0.0
opex_revenues,"(0, 87, 'Pyrolysis', 'bio oil')",59710.21246241711
opex_revenues,"(0, 87, 'Pyrolysis', 'avoided coal')",0.0
opex_revenues,"(0, 87, 'Pyrolysis', 'electricity')",0.0
opex_revenues,"(0, 87, 'Pyrolysis', 'potting media')",0.0
opex_revenues,"(0, 87, 'Pyrolysis', 'incentive 1')",0.0
opex_revenues,"(0, 87, 'Pyrolysis', 'incentive 2')",0.0
opex_revenues,"(0, 87, 'AD', 'avoided fertilizer')",0.0
opex_revenues,"(0, 87, 'AD', 'bio oil')",0.0
opex_revenues,"(0, 87, 'AD', 'avoided coal')",0.0
opex_revenues,"(0, 87, 'AD', 'electricity')",0.0
opex_revenues,"(0, 87, 'AD', 'potting media')",0.0
opex_revenues,"(0, 87, 'AD', 'incentive 1')",0.0
opex_revenues,"(0, 87, 'AD', 'incentive 2')",0.0
opex_revenues,"(0, 87, 'HTL', 'avoided fertilizer')",0.0
opex_revenues,"(0, 87, 'HTL', 'bio oil')",0.0
opex_revenues,"(0, 87, 'HTL', 'avoided coal')",0.0
opex_revenues,"(0, 87, 'HTL', 'electricity')",0.0
opex_revenues,"(0, 87, 'HTL', 'potting media')",0.0
opex_revenues,"(0, 87, 'HTL', 'incentive 1')",0.0
opex_revenues,"(0, 87, 'HTL', 'incentive 2')",0.0
opex_revenues,"(0, 87, 'HTC', 'avoided fertilizer')",0.0
opex_revenues,"(0, 87, 'HTC', 'bio oil')",0.0
opex_revenues,"(0, 87, 'HTC', 'avoided coal')",0.0
opex_revenues,"(0, 87, 'HTC', 'electricity')",0.0
opex_revenues,"(0, 87, 'HTC', 'potting media')",0.0
opex_revenues,"(0, 87, 'HTC', 'incentive 1')",0.0
opex_revenues,"(0, 87, 'HTC', 'incentive 2')",0.0
opex_revenues,"(0, 87, 'CHP', 'avoided fertilizer')",0.0
opex_revenues,"(0, 87, 'CHP', 'bio oil')",0.0
opex_revenues,"(0, 87, 'CHP', 'avoided coal')",0.0
opex_revenues,"(0, 87, 'CHP', 'electricity')",8035.09642548071
opex_revenues,"(0, 87, 'CHP', 'potting media')",0.0
opex_revenues,"(0, 87, 'CHP', 'incentive 1')",0.0
opex_revenues,"(0, 87, 'CHP', 'incentive 2')",0.0
opex_revenues,"(0, 87, 'Feedstock', 'avoided fertilizer')",0.0
opex_revenues,"(0, 87, 'Feedstock', 'bio oil')",0.0
opex_revenues,"(0, 87, 'Feedstock', 'avoided coal')",0.0
opex_revenues,"(0, 87, 'Feedstock', 'electricity')",0.0
opex_revenues,"(0, 87, 'Feedstock', 'potting media')",0.0
opex_revenues,"(0, 87, 'Feedstock', 'incentive 1')",0.0
opex_revenues,"(0, 87, 'Feedstock', 'incentive 2')",0.0
opex_revenues,"(0, 88, 'Pyrolysis', 'avoided fertilizer')",0.0
opex_revenues,"(0, 88, 'Pyrolysis', 'bio oil')",59374.50040482368
opex_revenues,"(0, 88, 'Pyrolysis', 'avoided coal')",0.0
opex_revenues,"(0, 88, 'Pyrolysis', 'electricity')",0.0
opex_revenues,"(0, 88, 'Pyrolysis', 'potting media')",0.0
opex_revenues,"(0, 88, 'Pyrolysis', 'incentive 1')",0.0
opex_revenues,"(0, 88, 'Pyrolysis', 'incentive 2')",0.0
opex_revenues,"(0, 88, 'AD', 'avoided fertilizer')",0.0
opex_revenues,"(0, 88, 'AD', 'bio oil')",0.0
opex_revenues,"(0, 88, 'AD', 'avoided coal')",0.0
opex_revenues,"(0, 88, 'AD', 'electricity')",0.0
opex_revenues,"(0, 88, 'AD', 'potting media')",0.0
opex_revenues,"(0, 88, 'AD', 'incentive 1')",0.0
opex_revenues,"(0, 88, 'AD', 'incentive 2')",0.0
opex_revenues,"(0, 88, 'HTL', 'avoided fertilizer')",0.0
opex_revenues,"(0, 88, 'HTL', 'bio oil')",0.0
opex_revenues,"(0, 88, 'HTL', 'avoided coal')",0.0
opex_revenues,"(0, 88, 'HTL', 'electricity')",0.0
opex_revenues,"(0, 88, 'HTL', 'potting media')",0.0
opex_revenues,"(0, 88, 'HTL', 'incentive 1')",0.0
opex_revenues,"(0, 88, 'HTL', 'incentive 2')",0.0
opex_revenues,"(0, 88, 'HTC', 'avoided fertilizer')",0.0
opex_revenues,"(0, 88, 'HTC', 'bio oil')",0.0
opex_revenues,"(0, 88, 'HTC', 'avoided coal')",0.0
opex_revenues,"(0, 88, 'HTC', 'electricity')",0.0
opex_revenues,"(0, 88, 'HTC', 'potting media')",0.0
opex_revenues,"(0, 88, 'HTC', 'incentive 1')",0.0
opex_revenues,"(0, 88, 'HTC', 'incentive 2')",0.0
opex_revenues,"(0, 88, 'CHP', 'avoided fertilizer')",0.0
opex_revenues,"(0, 88, 'CHP', 'bio oil')",0.0
opex_revenues,"(0, 88, 'CHP', 'avoided coal')",0.0
opex_revenues,"(0, 88, 'CHP', 'electricity')",7989.920254726711
opex_revenues,"(0, 88, 'CHP', 'potting media')",0.0
opex_revenues,"(0, 88, 'CHP', 'incentive 1')",0.0
opex_revenues,"(0, 88, 'CHP', 'incentive 2')",0.0
opex_revenues,"(0, 88, 'Feedstock', 'avoided fertilizer')",0.0
opex_revenues,"(0, 88, 'Feedstock', 'bio oil')",0.0
opex_revenues,"(0, 88, 'Feedstock', 'avoided coal')",0.0
opex_revenues,"(0, 88, 'Feedstock', 'electricity')",0.0
opex_revenues,"(0, 88, 'Feedstock', 'potting media')",0.0
opex_revenues,"(0, 88, 'Feedstock', 'incentive 1')",0.0
opex_revenues,"(0, 88, 'Feedstock', 'incentive 2')",0.0
opex_revenues,"(0, 89, 'Pyrolysis', 'avoided fertilizer')",294796.5451675838
opex_revenues,"(0, 89, 'Pyrolysis', 'bio oil')",59040.675839854484
opex_revenues,"(0, 89, 'Pyrolysis', 'avoided coal')",0.0
opex_revenues,"(0, 89, 'Pyrolysis', 'electricity')",0.0
opex_revenues,"(0, 89, 'Pyrolysis', 'potting media')",0.0
opex_revenues,"(0, 89, 'Pyrolysis', 'incentive 1')",0.0
opex_revenues,"(0, 89, 'Pyrolysis', 'incentive 2')",0.0
opex_revenues,"(0, 89, 'AD', 'avoided fertilizer')",0.0
opex_revenues,"(0, 89, 'AD', 'bio oil')",0.0
opex_revenues,"(0, 89, 'AD', 'avoided coal')",0.0
opex_revenues,"(0, 89, 'AD', 'electricity')",0.0
opex_revenues,"(0, 89, 'AD', 'potting media')",0.0
opex_revenues,"(0, 89, 'AD', 'incentive 1')",0.0
opex_revenues,"(0, 89, 'AD', 'incentive 2')",0.0
opex_revenues,"(0, 89, 'HTL', 'avoided fertilizer')",0.0
opex_revenues,"(0, 89, 'HTL', 'bio oil')",0.0
opex_revenues,"(0, 89, 'HTL', 'avoided coal')",0.0
opex_revenues,"(0, 89, 'HTL', 'electricity')",0.0
opex_revenues,"(0, 89, 'HTL', 'potting media')",0.0
opex_revenues,"(0, 89, 'HTL', 'incentive 1')",0.0
opex_revenues,"(0, 89, 'HTL', 'incentive 2')",0.0
opex_revenues,"(0, 89, 'HTC', 'avoided fertilizer')",0.0
opex_revenues,"(0, 89, 'HTC', 'bio oil')",0.0
opex_revenues,"(0, 89, 'HTC', 'avoided coal')",0.0
opex_revenues,"(0, 89, 'HTC', 'electricity')",0.0
opex_revenues,"(0, 89, 'HTC', 'potting media')",0.0
opex_revenues,"(0, 89, 'HTC', 'incentive 1')",0.0
opex_revenues,"(0, 89, 'HTC', 'incentive 2')",0.0
opex_revenues,"(0, 89, 'CHP', 'avoided fertilizer')",0.0
opex_revenues,"(0, 89, 'CHP', 'bio oil')",0.0
opex_revenues,"(0, 89, 'CHP', 'avoided coal')",0.0
opex_revenues,"(0, 89, 'CHP', 'electricity')",7944.998080477038
opex_revenues,"(0, 89, 'CHP', 'potting media')",0.0
opex_revenues,"(0, 89, 'CHP', 'incentive 1')",0.0
opex_revenues,"(0, 89, 'CHP', 'incentive 2')",0.0
opex_revenues,"(0, 89, 'Feedstock', 'avoided fertilizer')",0.0
opex_revenues,"(0, 89, 'Feedstock', 'bio oil')",0.0
opex_revenues,"(0, 89, 'Feedstock', 'avoided coal')",0.0
opex_revenues,"(0, 89, 'Feedstock', 'electricity')",0.0
opex_revenues,"(0, 89, 'Feedstock', 'potting media')",0.0
opex_revenues,"(0, 89, 'Feedstock', 'incentive 1')",0.0
opex_revenues,"(0, 89, 'Feedstock', 'incentive 2')",0.0
opex_revenues,"(0, 90, 'Pyrolysis', 'avoided fertilizer')",0.0
opex_revenues,"(0, 90, 'Pyrolysis', 'bio oil')",55960.66002912225
opex_revenues,"(0, 90, 'Pyrolysis', 'avoided coal')",0.0
opex_revenues,"(0, 90, 'Pyrolysis', 'electricity')",0.0
opex_revenues,"(0, 90, 'Pyrolysis', 'potting media')",0.0
opex_revenues,"(0, 90, 'Pyrolysis', 'incentive 1')",0.0
opex_revenues,"(0, 90, 'Pyrolysis', 'incentive 2')",0.0
opex_revenues,"(0, 90, 'AD', 'avoided fertilizer')",0.0
opex_revenues,"(0, 90, 'AD', 'bio oil')",0.0
opex_revenues,"(0, 90, 'AD', 'avoided coal')",0.0
opex_revenues,"(0, 90, 'AD', 'electricity')",0.0
opex_revenues,"(0, 90, 'AD', 'potting media')",0.0
opex_revenues,"(0, 90, 'AD', 'incentive 1')",0.0
opex_revenues,"(0, 90, 'AD', 'incentive 2')",0.0
opex_revenues,"(0, 90, 'HTL', 'avoided fertilizer')",0.0
opex_revenues,"(0, 90, 'HTL', 'bio oil')",0.0
opex_revenues,"(0, 90, 'HTL', 'avoided coal')",0.0
opex_revenues,"(0, 90, 'HTL', 'electricity')",0.0
opex_revenues,"(0, 90, 'HTL', 'potting media')",0.0
opex_revenues,"(0, 90, 'HTL', 'incentive 1')",0.0
opex_revenues,"(0, 90, 'HTL', 'incentive 2')",0.0
opex_revenues,"(0, 90, 'HTC', 'avoided fertilizer')",0.0
opex_revenues,"(0, 90, 'HTC', 'bio oil')",0.0
opex_revenues,"(0, 90, 'HTC', 'avoided coal')",0.0
opex_revenues,"(0, 90, 'HTC', 'electricity')",0.0
opex_revenues,"(0, 90, 'HTC', 'potting media')",0.0
opex_revenues,"(0, 90, 'HTC', 'incentive 1')",0.0
opex_revenues,"(0, 90, 'HTC', 'incentive 2')",0.0
opex_revenues,"(0, 90, 'CHP', 'avoided fertilizer')",0.0
opex_revenues,"(0, 90, 'CHP', 'bio oil')",0.0
opex_revenues,"(0, 90, 'CHP', 'avoided coal')",0.0
opex_revenues,"(0, 90, 'CHP', 'electricity')",31892.285817959997
opex_revenues,"(0, 90, 'CHP', 'potting media')",0.0
opex_revenues,"(0, 90, 'CHP', 'incentive 1')",0.0
opex_revenues,"(0, 90, 'CHP', 'incentive 2')",0.0
opex_revenues,"(0, 90, 'Feedstock', 'avoided fertilizer')",0.0
opex_revenues,"(0, 90, 'Feedstock', 'bio oil')",0.0
opex_revenues,"(0, 90, 'Feedstock', 'avoided coal')",0.0
opex_revenues,"(0, 90, 'Feedstock', 'electricity')",0.0
opex_revenues,"(0, 90, 'Feedstock', 'potting media')",0.0
opex_revenues,"(0, 90, 'Feedstock', 'incentive 1')",0.0
opex_revenues,"(0, 90, 'Feedstock', 'incentive 2')",0.0
opex_revenues,"(0, 91, 'Pyrolysis', 'avoided fertilizer')",0.0
opex_revenues,"(0, 91, 'Pyrolysis', 'bio oil')",55646.02928910121
opex_revenues,"(0, 91, 'Pyrolysis', 'avoided coal')",0.0
opex_revenues,"(0, 91, 'Pyrolysis', 'electricity')",0.0
opex_revenues,"(0, 91, 'Pyrolysis', 'potting media')",0.0
opex_revenues,"(0, 91, 'Pyrolysis', 'incentive 1')",0.0
opex_revenues,"(0, 91, 'Pyrolysis', 'incentive 2')",0.0
opex_revenues,"(0, 91, 'AD', 'avoided fertilizer')",0.0
opex_revenues,"(0, 91, 'AD', 'bio oil')",0.0
opex_revenues,"(0, 91, 'AD', 'avoided coal')",0.0
opex_revenues,"(0, 91, 'AD', 'electricity')",0.0
opex_revenues,"(0, 91, 'AD', 'potting media')",0.0
opex_revenues,"(0, 91, 'AD', 'incentive 1')",0.0
opex_revenues,"(0, 91, 'AD', 'incentive 2')",0.0
opex_revenues,"(0, 91, 'HTL', 'avoided fertilizer')",0.0
opex_revenues,"(0, 91, 'HTL', 'bio oil')",0.0
opex_revenues,"(0, 91, 'HTL', 'avoided coal')",0.0
opex_revenues,"(0, 91, 'HTL', 'electricity')",0.0
opex_revenues,"(0, 91, 'HTL', 'potting media')",0.0
opex_revenues,"(0, 91, 'HTL', 'incentive 1')",0.0
opex_revenues,"(0, 91, 'HTL', 'incentive 2')",0.0
opex_revenues,"(0, 91, 'HTC', 'avoided fertilizer')",0.0
opex_revenues,"(0, 91, 'HTC', 'bio oil')",0.0
opex_revenues,"(0, 91, 'HTC', 'avoided coal')",0.0
opex_revenues,"(0, 91, 'HTC', 'electricity')",0.0
opex_revenues,"(0, 91, 'HTC', 'potting media')",0.0
opex_revenues,"(0, 91, 'HTC', 'incentive 1')",0.0
opex_revenues,"(0, 91, 'HTC', 'incentive 2')",0.0
opex_revenues,"(0, 91, 'CHP', 'avoided fertilizer')",0.0
opex_revenues,"(0, 91, 'CHP', 'bio oil')",0.0
opex_revenues,"(0, 91, 'CHP', 'avoided coal')",0.0
opex_revenues,"(0, 91, 'CHP', 'electricity')",25971.848940481214
opex_revenues,"(0, 91, 'CHP', 'potting media')",0.0
opex_revenues,"(0, 91, 'CHP', 'incentive 1')",0.0
opex_revenues,"(0, 91, 'CHP', 'incentive 2')",0.0
opex_revenues,"(0, 91, 'Feedstock', 'avoided fertilizer')",0.0
opex_revenues,"(0, 91, 'Feedstock', 'bio oil')",0.0
opex_revenues,"(0, 91, 'Feedstock', 'avoided coal')",0.0
opex_revenues,"(0, 91, 'Feedstock', 'electricity')",0.0
opex_revenues,"(0, 91, 'Feedstock', 'potting media')",0.0
opex_revenues,"(0, 91, 'Feedstock', 'incentive 1')",0.0
opex_revenues,"(0, 91, 'Feedstock', 'incentive 2')",0.0
opex_revenues,"(0, 92, 'Pyrolysis', 'avoided fertilizer')",0.0
opex_revenues,"(0, 92, 'Pyrolysis', 'bio oil')",58050.421277132824
opex_revenues,"(0, 92, 'Pyrolysis', 'avoided coal')",0.0
opex_revenues,"(0, 92, 'Pyrolysis', 'electricity')",0.0
opex_revenues,"(0, 92, 'Pyrolysis', 'potting media')",0.0
opex_revenues,"(0, 92, 'Pyrolysis', 'incentive 1')",0.0
opex_revenues,"(0, 92, 'Pyrolysis', 'incentive 2')",0.0
opex_revenues,"(0, 92, 'AD', 'avoided fertilizer')",0.0
opex_revenues,"(0, 92, 'AD', 'bio oil')",0.0
opex_revenues,"(0, 92, 'AD', 'avoided coal')",0.0
opex_revenues,"(0, 92, 'AD', 'electricity')",0.0
opex_revenues,"(0, 92, 'AD', 'potting media')",0.0
opex_revenues,"(0, 92, 'AD', 'incentive 1')",0.0
opex_revenues,"(0, 92, 'AD', 'incentive 2')",0.0
opex_revenues,"(0, 92, 'HTL', 'avoided fertilizer')",0.0
opex_revenues,"(0, 92, 'HTL', 'bio oil')",0.0
opex_revenues,"(0, 92, 'HTL', 'avoided coal')",0.0
opex_revenues,"(0, 92, 'HTL', 'electricity')",0.0
opex_revenues,"(0, 92, 'HTL', 'potting media')",0.0
opex_revenues,"(0, 92, 'HTL', 'incentive 1')",0.0
opex_revenues,"(0, 92, 'HTL', 'incentive 2')",0.0
opex_revenues,"(0, 92, 'HTC', 'avoided fertilizer')",0.0
opex_revenues,"(0, 92, 'HTC', 'bio oil')",0.0
opex_revenues,"(0, 92, 'HTC', 'avoided coal')",0.0
opex_revenues,"(0, 92, 'HTC', 'electricity')",0.0
opex_revenues,"(0, 92, 'HTC', 'potting media')",0.0
opex_revenues,"(0, 92, 'HTC', 'incentive 1')",0.0
opex_revenues,"(0, 92, 'HTC', 'incentive 2')",0.0
opex_revenues,"(0, 92, 'CHP', 'avoided fertilizer')",0.0
opex_revenues,"(0, 92, 'CHP', 'bio oil')",0.0
opex_revenues,"(0, 92, 'CHP', 'avoided coal')",0.0
opex_revenues,"(0, 92, 'CHP', 'electricity')",7811.741296266987
opex_revenues,"(0, 92, 'CHP', 'potting media')",0.0
opex_revenues,"(0, 92, 'CHP', 'incentive 1')",0.0
opex_revenues,"(0, 92, 'CHP', 'incentive 2')",0.0
opex_revenues,"(0, 92, 'Feedstock', 'avoided fertilizer')",0.0
opex_revenues,"(0, 92, 'Feedstock', 'bio oil')",0.0
opex_revenues,"(0, 92, 'Feedstock', 'avoided coal')",0.0
opex_revenues,"(0, 92, 'Feedstock', 'electricity')",0.0
opex_revenues,"(0, 92, 'Feedstock', 'potting media')",0.0
opex_revenues,"(0, 92, 'Feedstock', 'incentive 1')",0.0
opex_revenues,"(0, 92, 'Feedstock', 'incentive 2')",0.0
opex_revenues,"(0, 93, 'Pyrolysis', 'avoided fertilizer')",0.0
opex_revenues,"(0, 93, 'Pyrolysis', 'bio oil')",57724.04115608775
opex_revenues,"(0, 93, 'Pyrolysis', 'avoided coal')",0.0
opex_revenues,"(0, 93, 'Pyrolysis', 'electricity')",0.0
opex_revenues,"(0, 93, 'Pyrolysis', 'potting media')",0.0
opex_revenues,"(0, 93, 'Pyrolysis', 'incentive 1')",0.0
opex_revenues,"(0, 93, 'Pyrolysis', 'incentive 2')",0.0
opex_revenues,"(0, 93, 'AD', 'avoided fertilizer')",0.0
opex_revenues,"(0, 93, 'AD', 'bio oil')",0.0
opex_revenues,"(0, 93, 'AD', 'avoided coal')",0.0
opex_revenues,"(0, 93, 'AD', 'electricity')",0.0
opex_revenues,"(0, 93, 'AD', 'potting media')",0.0
opex_revenues,"(0, 93, 'AD', 'incentive 1')",0.0
opex_revenues,"(0, 93, 'AD', 'incentive 2')",0.0
opex_revenues,"(0, 93, 'HTL', 'avoided fertilizer')",0.0
opex_revenues,"(0, 93, 'HTL', 'bio oil')",0.0
opex_revenues,"(0, 93, 'HTL', 'avoided coal')",0.0
opex_revenues,"(0, 93, 'HTL', 'electricity')",0.0
opex_revenues,"(0, 93, 'HTL', 'potting media')",0.0
opex_revenues,"(0, 93, 'HTL', 'incentive 1')",0.0
opex_revenues,"(0, 93, 'HTL', 'incentive 2')",0.0
opex_revenues,"(0, 93, 'HTC', 'avoided fertilizer')",0.0
opex_revenues,"(0, 93, 'HTC', 'bio oil')",0.0
opex_revenues,"(0, 93, 'HTC', 'avoided coal')",0.0
opex_revenues,"(0, 93, 'HTC', 'electricity')",0.0
opex_revenues,"(0, 93, 'HTC', 'potting media')",0.0
opex_revenues,"(0, 93, 'HTC', 'incentive 1')",0.0
opex_revenues,"(0, 93, 'HTC', 'incentive 2')",0.0
opex_revenues,"(0, 93, 'CHP', 'avoided fertilizer')",0.0
opex_revenues,"(0, 93, 'CHP', 'bio oil')",0.0
opex_revenues,"(0, 93, 'CHP', 'avoided coal')",0.0
opex_revenues,"(0, 93, 'CHP', 'electricity')",7767.820907512583
opex_revenues,"(0, 93, 'CHP', 'potting media')",0.0
opex_revenues,"(0, 93, 'CHP', 'incentive 1')",0.0
opex_revenues,"(0, 93, 'CHP', 'incentive 2')",0.0
opex_revenues,"(0, 93, 'Feedstock', 'avoided fertilizer')",0.0
opex_revenues,"(0, 93, 'Feedstock', 'bio oil')",0.0
opex_revenues,"(0, 93, 'Feedstock', 'avoided coal')",0.0
opex_revenues,"(0, 93, 'Feedstock', 'electricity')",0.0
opex_revenues,"(0, 93, 'Feedstock', 'potting media')",0.0
opex_revenues,"(0, 93, 'Feedstock', 'incentive 1')",0.0
opex_revenues,"(0, 93, 'Feedstock', 'incentive 2')",0.0
opex_revenues,"(0, 94, 'Pyrolysis', 'avoided fertilizer')",0.0
opex_revenues,"(0, 94, 'Pyrolysis', 'bio oil')",57399.49606001758
opex_revenues,"(0, 94, 'Pyrolysis', 'avoided coal')",0.0
opex_revenues,"(0, 94, 'Pyrolysis', 'electricity')",0.0
opex_revenues,"(0, 94, 'Pyrolysis', 'potting media')",0.0
opex_revenues,"(0, 94, 'Pyrolysis', 'incentive 1')",0.0
opex_revenues,"(0, 94, 'Pyrolysis', 'incentive 2')",0.0
opex_revenues,"(0, 94, 'AD', 'avoided fertilizer')",0.0
opex_revenues,"(0, 94, 'AD', 'bio oil')",0.0
opex_revenues,"(0, 94, 'AD', 'avoided coal')",0.0
opex_revenues,"(0, 94, 'AD', 'electricity')",0.0
opex_revenues,"(0, 94, 'AD', 'potting media')",0.0
opex_revenues,"(0, 94, 'AD', 'incentive 1')",0.0
opex_revenues,"(0, 94, 'AD', 'incentive 2')",0.0
opex_revenues,"(0, 94, 'HTL', 'avoided fertilizer')",0.0
opex_revenues,"(0, 94, 'HTL', 'bio oil')",0.0
opex_revenues,"(0, 94, 'HTL', 'avoided coal')",0.0
opex_revenues,"(0, 94, 'HTL', 'electricity')",0.0
opex_revenues,"(0, 94, 'HTL', 'potting media')",0.0
opex_revenues,"(0, 94, 'HTL', 'incentive 1')",0.0
opex_revenues,"(0, 94, 'HTL', 'incentive 2')",0.0
opex_revenues,"(0, 94, 'HTC', 'avoided fertilizer')",0.0
opex_revenues,"(0, 94, 'HTC', 'bio oil')",0.0
opex_revenues,"(0, 94, 'HTC', 'avoided coal')",0.0
opex_revenues,"(0, 94, 'HTC', 'electricity')",0.0
opex_revenues,"(0, 94, 'HTC', 'potting media')",0.0
opex_revenues,"(0, 94, 'HTC', 'incentive 1')",0.0
opex_revenues,"(0, 94, 'HTC', 'incentive 2')",0.0
opex_revenues,"(0, 94, 'CHP', 'avoided fertilizer')",0.0
opex_revenues,"(0, 94, 'CHP', 'bio oil')",0.0
opex_revenues,"(0, 94, 'CHP', 'avoided coal')",0.0
opex_revenues,"(0, 94, 'CHP', 'electricity')",7724.147454660302
opex_revenues,"(0, 94, 'CHP', 'potting media')",0.0
opex_revenues,"(0, 94, 'CHP', 'incentive 1')",0.0
opex_revenues,"(0, 94, 'CHP', 'incentive 2')",0.0
opex_revenues,"(0, 94, 'Feedstock', 'avoided fertilizer')",0.0
opex_revenues,"(0, 94, 'Feedstock', 'bio oil')",0.0
opex_revenues,"(0, 94, 'Feedstock', 'avoided coal')",0.0
opex_revenues,"(0, 94, 'Feedstock', 'electricity')",0.0
opex_revenues,"(0, 94, 'Feedstock', 'potting media')",0.0
opex_revenues,"(0, 94, 'Feedstock', 'incentive 1')",0.0
opex_revenues,"(0, 94, 'Feedstock', 'incentive 2')",0.0
opex_revenues,"(0, 95, 'Pyrolysis', 'avoided fertilizer')",0.0
opex_revenues,"(0, 95, 'Pyrolysis', 'bio oil')",57076.77567230406
opex_revenues,"(0, 95, 'Pyrolysis', 'avoided coal')",0.0
opex_revenues,"(0, 95, 'Pyrolysis', 'electricity')",0.0
opex_revenues,"(0, 95, 'Pyrolysis', 'potting media')",0.0
opex_revenues,"(0, 95, 'Pyrolysis', 'incentive 1')",0.0
opex_revenues,"(0, 95, 'Pyrolysis', 'incentive 2')",0.0
opex_revenues,"(0, 95, 'AD', 'avoided fertilizer')",0.0
opex_revenues,"(0, 95, 'AD', 'bio oil')",0.0
opex_revenues,"(0, 95, 'AD', 'avoided coal')",0.0
opex_revenues,"(0, 95, 'AD', 'electricity')",0.0
opex_revenues,"(0, 95, 'AD', 'potting media')",0.0
opex_revenues,"(0, 95, 'AD', 'incentive 1')",0.0
opex_revenues,"(0, 95, 'AD', 'incentive 2')",0.0
opex_revenues,"(0, 95, 'HTL', 'avoided fertilizer')",0.0
opex_revenues,"(0, 95, 'HTL', 'bio oil')",0.0
opex_revenues,"(0, 95, 'HTL', 'avoided coal')",0.0
opex_revenues,"(0, 95, 'HTL', 'electricity')",0.0
opex_revenues,"(0, 95, 'HTL', 'potting media')",0.0
opex_revenues,"(0, 95, 'HTL', 'incentive 1')",0.0
opex_revenues,"(0, 95, 'HTL', 'incentive 2')",0.0
opex_revenues,"(0, 95, 'HTC', 'avoided fertilizer')",0.0
opex_revenues,"(0, 95, 'HTC', 'bio oil')",0.0
opex_revenues,"(0, 95, 'HTC', 'avoided coal')",0.0
opex_revenues,"(0, 95, 'HTC', 'electricity')",0.0
opex_revenues,"(0, 95, 'HTC', 'potting media')",0.0
opex_revenues,"(0, 95, 'HTC', 'incentive 1')",0.0
opex_revenues,"(0, 95, 'HTC', 'incentive 2')",0.0
opex_revenues,"(0, 95, 'CHP', 'avoided fertilizer')",0.0
opex_revenues,"(0, 95, 'CHP', 'bio oil')",0.0
opex_revenues,"(0, 95, 'CHP', 'avoided coal')",0.0
opex_revenues,"(0, 95, 'CHP', 'electricity')",7680.719549794909
opex_revenues,"(0, 95, 'CHP', 'potting media')",0.0
opex_revenues,"(0, 95, 'CHP', 'incentive 1')",0.0
opex_revenues,"(0, 95, 'CHP', 'incentive 2')",0.0
opex_revenues,"(0, 95, 'Feedstock', 'avoided fertilizer')",0.0
opex_revenues,"(0, 95, 'Feedstock', 'bio oil')",0.0
opex_revenues,"(0, 95, 'Feedstock', 'avoided coal')",0.0
opex_revenues,"(0, 95, 'Feedstock', 'electricity')",0.0
opex_revenues,"(0, 95, 'Feedstock', 'potting media')",0.0
opex_revenues,"(0, 95, 'Feedstock', 'incentive 1')",0.0
opex_revenues,"(0, 95, 'Feedstock', 'incentive 2')",0.0
opex_revenues,"(0, 96, 'Pyrolysis', 'avoided fertilizer')",0.0
opex_revenues,"(0, 96, 'Pyrolysis', 'bio oil')",56755.86973324365
opex_revenues,"(0, 96, 'Pyrolysis', 'avoided coal')",0.0
opex_revenues,"(0, 96, 'Pyrolysis', 'electricity')",0.0
opex_revenues,"(0, 96, 'Pyrolysis', 'potting media')",0.0
opex_revenues,"(0, 96, 'Pyrolysis', 'incentive 1')",0.0
opex_revenues,"(0, 96, 'Pyrolysis', 'incentive 2')",0.0
opex_revenues,"(0, 96, 'AD', 'avoided fertilizer')",0.0
opex_revenues,"(0, 96, 'AD', 'bio oil')",0.0
opex_revenues,"(0, 96, 'AD', 'avoided coal')",0.0
opex_revenues,"(0, 96, 'AD', 'electricity')",0.0
opex_revenues,"(0, 96, 'AD', 'potting media')",0.0
opex_revenues,"(0, 96, 'AD', 'incentive 1')",0.0
opex_revenues,"(0, 96, 'AD', 'incentive 2')",0.0
opex_revenues,"(0, 96, 'HTL', 'avoided fertilizer')",0.0
opex_revenues,"(0, 96, 'HTL', 'bio oil')",0.0
opex_revenues,"(0, 96, 'HTL', 'avoided coal')",0.0
opex_revenues,"(0, 96, 'HTL', 'electricity')",0.0
opex_revenues,"(0, 96, 'HTL', 'potting media')",0.0
opex_revenues,"(0, 96, 'HTL', 'incentive 1')",0.0
opex_revenues,"(0, 96, 'HTL', 'incentive 2')",0.0
opex_revenues,"(0, 96, 'HTC', 'avoided fertilizer')",0.0
opex_revenues,"(0, 96, 'HTC', 'bio oil')",0.0
opex_revenues,"(0, 96, 'HTC', 'avoided coal')",0.0
opex_revenues,"(0, 96, 'HTC', 'electricity')",0.0
opex_revenues,"(0, 96, 'HTC', 'potting media')",0.0
opex_revenues,"(0, 96, 'HTC', 'incentive 1')",0.0
opex_revenues,"(0, 96, 'HTC', 'incentive 2')",0.0
opex_revenues,"(0, 96, 'CHP', 'avoided fertilizer')",0.0
opex_revenues,"(0, 96, 'CHP', 'bio oil')",0.0
opex_revenues,"(0, 96, 'CHP', 'avoided coal')",0.0
opex_revenues,"(0, 96, 'CHP', 'electricity')",7637.53581191284
opex_revenues,"(0, 96, 'CHP', 'potting media')",0.0
opex_revenues,"(0, 96, 'CHP', 'incentive 1')",0.0
opex_revenues,"(0, 96, 'CHP', 'incentive 2')",0.0
opex_revenues,"(0, 96, 'Feedstock', 'avoided fertilizer')",0.0
opex_revenues,"(0, 96, 'Feedstock', 'bio oil')",0.0
opex_revenues,"(0, 96, 'Feedstock', 'avoided coal')",0.0
opex_revenues,"(0, 96, 'Feedstock', 'electricity')",0.0
opex_revenues,"(0, 96, 'Feedstock', 'potting media')",0.0
opex_revenues,"(0, 96, 'Feedstock', 'incentive 1')",0.0
opex_revenues,"(0, 96, 'Feedstock', 'incentive 2')",0.0
opex_revenues,"(0, 97, 'Pyrolysis', 'avoided fertilizer')",0.0
opex_revenues,"(0, 97, 'Pyrolysis', 'bio oil')",56436.768041541516
opex_revenues,"(0, 97, 'Pyrolysis', 'avoided coal')",0.0
opex_revenues,"(0, 97, 'Pyrolysis', 'electricity')",0.0
opex_revenues,"(0, 97, 'Pyrolysis', 'potting media')",0.0
opex_revenues,"(0, 97, 'Pyrolysis', 'incentive 1')",0.0
opex_revenues,"(0, 97, 'Pyrolysis', 'incentive 2')",0.0
opex_revenues,"(0, 97, 'AD', 'avoided fertilizer')",0.0
opex_revenues,"(0, 97, 'AD', 'bio oil')",0.0
opex_revenues,"(0, 97, 'AD', 'avoided coal')",0.0
opex_revenues,"(0, 97, 'AD', 'electricity')",0.0
opex_revenues,"(0, 97, 'AD', 'potting media')",0.0
opex_revenues,"(0, 97, 'AD', 'incentive 1')",0.0
opex_revenues,"(0, 97, 'AD', 'incentive 2')",0.0
opex_revenues,"(0, 97, 'HTL', 'avoided fertilizer')",0.0
opex_revenues,"(0, 97, 'HTL', 'bio oil')",0.0
opex_revenues,"(0, 97, 'HTL', 'avoided coal')",0.0
opex_revenues,"(0, 97, 'HTL', 'electricity')",0.0
opex_revenues,"(0, 97, 'HTL', 'potting media')",0.0
opex_revenues,"(0, 97, 'HTL', 'incentive 1')",0.0
opex_revenues,"(0, 97, 'HTL', 'incentive 2')",0.0
opex_revenues,"(0, 97, 'HTC', 'avoided fertilizer')",0.0
opex_revenues,"(0, 97, 'HTC', 'bio oil')",0.0
opex_revenues,"(0, 97, 'HTC', 'avoided coal')",0.0
opex_revenues,"(0, 97, 'HTC', 'electricity')",0.0
opex_revenues,"(0, 97, 'HTC', 'potting media')",0.0
opex_revenues,"(0, 97, 'HTC', 'incentive 1')",0.0
opex_revenues,"(0, 97, 'HTC', 'incentive 2')",0.0
opex_revenues,"(0, 97, 'CHP', 'avoided fertilizer')",0.0
opex_revenues,"(0, 97, 'CHP', 'bio oil')",0.0
opex_revenues,"(0, 97, 'CHP', 'avoided coal')",0.0
opex_revenues,"(0, 97, 'CHP', 'electricity')",7594.59486836864
opex_revenues,"(0, 97, 'CHP', 'potting media')",0.0
opex_revenues,"(0, 97, 'CHP', 'incentive 1')",0.0
opex_revenues,"(0, 97, 'CHP', 'incentive 2')",0.0
opex_revenues,"(0, 97, 'Feedstock', 'avoided fertilizer')",0.0
opex_revenues,"(0, 97, 'Feedstock', 'bio oil')",0.0
opex_revenues,"(0, 97, 'Feedstock', 'avoided coal')",0.0
opex_revenues,"(0, 97, 'Feedstock', 'electricity')",0.0
opex_revenues,"(0, 97, 'Feedstock', 'potting media')",0.0
opex_revenues,"(0, 97, 'Feedstock', 'incentive 1')",0.0
opex_revenues,"(0, 97, 'Feedstock', 'incentive 2')",0.0
opex_revenues,"(0, 98, 'Pyrolysis', 'avoided fertilizer')",0.0
opex_revenues,"(0, 98, 'Pyrolysis', 'bio oil')",56119.46045307708
opex_revenues,"(0, 98, 'Pyrolysis', 'avoided coal')",0.0
opex_revenues,"(0, 98, 'Pyrolysis', 'electricity')",0.0
opex_revenues,"(0, 98, 'Pyrolysis', 'potting media')",0.0
opex_revenues,"(0, 98, 'Pyrolysis', 'incentive 1')",0.0
opex_revenues,"(0, 98, 'Pyrolysis', 'incentive 2')",0.0
opex_revenues,"(0, 98, 'AD', 'avoided fertilizer')",0.0
opex_revenues,"(0, 98, 'AD', 'bio oil')",0.0
opex_revenues,"(0, 98, 'AD', 'avoided coal')",0.0
opex_revenues,"(0, 98, 'AD', 'electricity')",0.0
opex_revenues,"(0, 98, 'AD', 'potting media')",0.0
opex_revenues,"(0, 98, 'AD', 'incentive 1')",0.0
opex_revenues,"(0, 98, 'AD', 'incentive 2')",0.0
opex_revenues,"(0, 98, 'HTL', 'avoided fertilizer')",0.0
opex_revenues,"(0, 98, 'HTL', 'bio oil')",0.0
opex_revenues,"(0, 98, 'HTL', 'avoided coal')",0.0
opex_revenues,"(0, 98, 'HTL', 'electricity')",0.0
opex_revenues,"(0, 98, 'HTL', 'potting media')",0.0
opex_revenues,"(0, 98, 'HTL', 'incentive 1')",0.0
opex_revenues,"(0, 98, 'HTL', 'incentive 2')",0.0
opex_revenues,"(0, 98, 'HTC', 'avoided fertilizer')",0.0
opex_revenues,"(0, 98, 'HTC', 'bio oil')",0.0
opex_revenues,"(0, 98, 'HTC', 'avoided coal')",0.0
opex_revenues,"(0, 98, 'HTC', 'electricity')",0.0
opex_revenues,"(0, 98, 'HTC', 'potting media')",0.0
opex_revenues,"(0, 98, 'HTC', 'incentive 1')",0.0
opex_revenues,"(0, 98, 'HTC', 'incentive 2')",0.0
opex_revenues,"(0, 98, 'CHP', 'avoided fertilizer')",0.0
opex_revenues,"(0, 98, 'CHP', 'bio oil')",0.0
opex_revenues,"(0, 98, 'CHP', 'avoided coal')",0.0
opex_revenues,"(0, 98, 'CHP', 'electricity')",7551.895354086168
opex_revenues,"(0, 98, 'CHP', 'potting media')",0.0
opex_revenues,"(0, 98, 'CHP', 'incentive 1')",0.0
opex_revenues,"(0, 98, 'CHP', 'incentive 2')",0.0
opex_revenues,"(0, 98, 'Feedstock', 'avoided fertilizer')",0.0
opex_revenues,"(0, 98, 'Feedstock', 'bio oil')",0.0
opex_revenues,"(0, 98, 'Feedstock', 'avoided coal')",0.0
opex_revenues,"(0, 98, 'Feedstock', 'electricity')",0.0
opex_revenues,"(0, 98, 'Feedstock', 'potting media')",0.0
opex_revenues,"(0, 98, 'Feedstock', 'incentive 1')",0.0
opex_revenues,"(0, 98, 'Feedstock', 'incentive 2')",0.0
opex_revenues,"(0, 99, 'Pyrolysis', 'avoided fertilizer')",0.0
opex_revenues,"(0, 99, 'Pyrolysis', 'bio oil')",55803.93688076364
opex_revenues,"(0, 99, 'Pyrolysis', 'avoided coal')",0.0
opex_revenues,"(0, 99, 'Pyrolysis', 'electricity')",0.0
opex_revenues,"(0, 99, 'Pyrolysis', 'potting media')",0.0
opex_revenues,"(0, 99, 'Pyrolysis', 'incentive 1')",0.0
opex_revenues,"(0, 99, 'Pyrolysis', 'incentive 2')",0.0
opex_revenues,"(0, 99, 'AD', 'avoided fertilizer')",0.0
opex_revenues,"(0, 99, 'AD', 'bio oil')",0.0
opex_revenues,"(0, 99, 'AD', 'avoided coal')",0.0
opex_revenues,"(0, 99, 'AD', 'electricity')",0.0
opex_revenues,"(0, 99, 'AD', 'potting media')",0.0
opex_revenues,"(0, 99, 'AD', 'incentive 1')",0.0
opex_revenues,"(0, 99, 'AD', 'incentive 2')",0.0
opex_revenues,"(0, 99, 'HTL', 'avoided fertilizer')",0.0
opex_revenues,"(0, 99, 'HTL', 'bio oil')",0.0
opex_revenues,"(0, 99, 'HTL', 'avoided coal')",0.0
opex_revenues,"(0, 99, 'HTL', 'electricity')",0.0
opex_revenues,"(0, 99, 'HTL', 'potting media')",0.0
opex_revenues,"(0, 99, 'HTL', 'incentive 1')",0.0
opex_revenues,"(0, 99, 'HTL', 'incentive 2')",0.0
opex_revenues,"(0, 99, 'HTC', 'avoided fertilizer')",0.0
opex_revenues,"(0, 99, 'HTC', 'bio oil')",0.0
opex_revenues,"(0, 99, 'HTC', 'avoided coal')",0.0
opex_revenues,"(0, 99, 'HTC', 'electricity')",0.0
opex_revenues,"(0, 99, 'HTC', 'potting media')",0.0
opex_revenues,"(0, 99, 'HTC', 'incentive 1')",0.0
opex_revenues,"(0, 99, 'HTC', 'incentive 2')",0.0
opex_revenues,"(0, 99, 'CHP', 'avoided fertilizer')",0.0
opex_revenues,"(0, 99, 'CHP', 'bio oil')",0.0
opex_revenues,"(0, 99, 'CHP', 'avoided coal')",0.0
opex_revenues,"(0, 99, 'CHP', 'electricity')",7509.4359116642145
opex_revenues,"(0, 99, 'CHP', 'potting media')",0.0
opex_revenues,"(0, 99, 'CHP', 'incentive 1')",0.0
opex_revenues,"(0, 99, 'CHP', 'incentive 2')",0.0
opex_revenues,"(0, 99, 'Feedstock', 'avoided fertilizer')",0.0
opex_revenues,"(0, 99, 'Feedstock', 'bio oil')",0.0
opex_revenues,"(0, 99, 'Feedstock', 'avoided coal')",0.0
opex_revenues,"(0, 99, 'Feedstock', 'electricity')",0.0
opex_revenues,"(0, 99, 'Feedstock', 'potting media')",0.0
opex_revenues,"(0, 99, 'Feedstock', 'incentive 1')",0.0
opex_revenues,"(0, 99, 'Feedstock', 'incentive 2')",0.0
opex_revenues,"(0, 100, 'Pyrolysis', 'avoided fertilizer')",0.0
opex_revenues,"(0, 100, 'Pyrolysis', 'bio oil')",55490.18729422775
opex_revenues,"(0, 100, 'Pyrolysis', 'avoided coal')",0.0
opex_revenues,"(0, 100, 'Pyrolysis', 'electricity')",0.0
opex_revenues,"(0, 100, 'Pyrolysis', 'potting media')",0.0
opex_revenues,"(0, 100, 'Pyrolysis', 'incentive 1')",0.0
opex_revenues,"(0, 100, 'Pyrolysis', 'incentive 2')",0.0
opex_revenues,"(0, 100, 'AD', 'avoided fertilizer')",0.0
opex_revenues,"(0, 100, 'AD', 'bio oil')",0.0
opex_revenues,"(0, 100, 'AD', 'avoided coal')",0.0
opex_revenues,"(0, 100, 'AD', 'electricity')",0.0
opex_revenues,"(0, 100, 'AD', 'potting media')",0.0
opex_revenues,"(0, 100, 'AD', 'incentive 1')",0.0
opex_revenues,"(0, 100, 'AD', 'incentive 2')",0.0
opex_revenues,"(0, 100, 'HTL', 'avoided fertilizer')",0.0
opex_revenues,"(0, 100, 'HTL', 'bio oil')",0.0
opex_revenues,"(0, 100, 'HTL', 'avoided coal')",0.0
opex_revenues,"(0, 100, 'HTL', 'electricity')",0.0
opex_revenues,"(0, 100, 'HTL', 'potting media')",0.0
opex_revenues,"(0, 100, 'HTL', 'incentive 1')",0.0
opex_revenues,"(0, 100, 'HTL', 'incentive 2')",0.0
opex_revenues,"(0, 100, 'HTC', 'avoided fertilizer')",0.0
opex_revenues,"(0, 100, 'HTC', 'bio oil')",0.0
opex_revenues,"(0, 100, 'HTC', 'avoided coal')",0.0
opex_revenues,"(0, 100, 'HTC', 'electricity')",0.0
opex_revenues,"(0, 100, 'HTC', 'potting media')",0.0
opex_revenues,"(0, 100, 'HTC', 'incentive 1')",0.0
opex_revenues,"(0, 100, 'HTC', 'incentive 2')",0.0
opex_revenues,"(0, 100, 'CHP', 'avoided fertilizer')",0.0
opex_revenues,"(0, 100, 'CHP', 'bio oil')",0.0
opex_revenues,"(0, 100, 'CHP', 'avoided coal')",0.0
opex_revenues,"(0, 100, 'CHP', 'electricity')",7467.2151913333755
opex_revenues,"(0, 100, 'CHP', 'potting media')",0.0
opex_revenues,"(0, 100, 'CHP', 'incentive 1')",0.0
opex_revenues,"(0, 100, 'CHP', 'incentive 2')",0.0
opex_revenues,"(0, 100, 'Feedstock', 'avoided fertilizer')",0.0
opex_revenues,"(0, 100, 'Feedstock', 'bio oil')",0.0
opex_revenues,"(0, 100, 'Feedstock', 'avoided coal')",0.0
opex_revenues,"(0, 100, 'Feedstock', 'electricity')",0.0
opex_revenues,"(0, 100, 'Feedstock', 'potting media')",0.0
opex_revenues,"(0, 100, 'Feedstock', 'incentive 1')",0.0
opex_revenues,"(0, 100, 'Feedstock', 'incentive 2')",0.0
opex_revenues,"(0, 101, 'Pyrolysis', 'avoided fertilizer')",280724.591447083
opex_revenues,"(0, 101, 'Pyrolysis', 'bio oil')",55178.20171949017
opex_revenues,"(0, 101, 'Pyrolysis', 'avoided coal')",0.0
opex_revenues,"(0, 101, 'Pyrolysis', 'electricity')",0.0
opex_revenues,"(0, 101, 'Pyrolysis', 'potting media')",0.0
opex_revenues,"(0, 101, 'Pyrolysis', 'incentive 1')",0.0
opex_revenues,"(0, 101, 'Pyrolysis', 'incentive 2')",0.0
opex_revenues,"(0, 101, 'AD', 'avoided fertilizer')",0.0
opex_revenues,"(0, 101, 'AD', 'bio oil')",0.0
opex_revenues,"(0, 101, 'AD', 'avoided coal')",0.0
opex_revenues,"(0, 101, 'AD', 'electricity')",0.0
opex_revenues,"(0, 101, 'AD', 'potting media')",0.0
opex_revenues,"(0, 101, 'AD', 'incentive 1')",0.0
opex_revenues,"(0, 101, 'AD', 'incentive 2')",0.0
opex_revenues,"(0, 101, 'HTL', 'avoided fertilizer')",0.0
opex_revenues,"(0, 101, 'HTL', 'bio oil')",0.0
opex_revenues,"(0, 101, 'HTL', 'avoided coal')",0.0
opex_revenues,"(0, 101, 'HTL', 'electricity')",0.0
opex_revenues,"(0, 101, 'HTL', 'potting media')",0.0
opex_revenues,"(0, 101, 'HTL', 'incentive 1')",0.0
opex_revenues,"(0, 101, 'HTL', 'incentive 2')",0.0
opex_revenues,"(0, 101, 'HTC', 'avoided fertilizer')",0.0
opex_revenues,"(0, 101, 'HTC', 'bio oil')",0.0
opex_revenues,"(0, 101, 'HTC', 'avoided coal')",0.0
opex_revenues,"(0, 101, 'HTC', 'electricity')",0.0
opex_revenues,"(0, 101, 'HTC', 'potting media')",0.0
opex_revenues,"(0, 101, 'HTC', 'incentive 1')",0.0
opex_revenues,"(0, 101, 'HTC', 'incentive 2')",0.0
opex_revenues,"(0, 101, 'CHP', 'avoided fertilizer')",0.0
opex_revenues,"(0, 101, 'CHP', 'bio oil')",0.0
opex_revenues,"(0, 101, 'CHP', 'avoided coal')",0.0
opex_revenues,"(0, 101, 'CHP', 'electricity')",7425.231850913119
opex_revenues,"(0, 101, 'CHP', 'potting media')",0.0
opex_revenues,"(0, 101, 'CHP', 'incentive 1')",0.0
opex_revenues,"(0, 101, 'CHP', 'incentive 2')",0.0
opex_revenues,"(0, 101, 'Feedstock', 'avoided fertilizer')",0.0
opex_revenues,"(0, 101, 'Feedstock', 'bio oil')",0.0
opex_revenues,"(0, 101, 'Feedstock', 'avoided coal')",0.0
opex_revenues,"(0, 101, 'Feedstock', 'electricity')",0.0
opex_revenues,"(0, 101, 'Feedstock', 'potting media')",0.0
opex_revenues,"(0, 101, 'Feedstock', 'incentive 1')",0.0
opex_revenues,"(0, 101, 'Feedstock', 'incentive 2')",0.0
opex_revenues,"(0, 102, 'Pyrolysis', 'avoided fertilizer')",0.0
opex_revenues,"(0, 102, 'Pyrolysis', 'bio oil')",52299.682269947894
opex_revenues,"(0, 102, 'Pyrolysis', 'avoided coal')",0.0
opex_revenues,"(0, 102, 'Pyrolysis', 'electricity')",0.0
opex_revenues,"(0, 102, 'Pyrolysis', 'potting media')",0.0
opex_revenues,"(0, 102, 'Pyrolysis', 'incentive 1')",0.0
opex_revenues,"(0, 102, 'Pyrolysis', 'incentive 2')",0.0
opex_revenues,"(0, 102, 'AD', 'avoided fertilizer')",0.0
opex_revenues,"(0, 102, 'AD', 'bio oil')",0.0
opex_revenues,"(0, 102, 'AD', 'avoided coal')",0.0
opex_revenues,"(0, 102, 'AD', 'electricity')",0.0
opex_revenues,"(0, 102, 'AD', 'potting media')",0.0
opex_revenues,"(0, 102, 'AD', 'incentive 1')",0.0
opex_revenues,"(0, 102, 'AD', 'incentive 2')",0.0
opex_revenues,"(0, 102, 'HTL', 'avoided fertilizer')",0.0
opex_revenues,"(0, 102, 'HTL', 'bio oil')",0.0
opex_revenues,"(0, 102, 'HTL', 'avoided coal')",0.0
opex_revenues,"(0, 102, 'HTL', 'electricity')",0.0
opex_revenues,"(0, 102, 'HTL', 'potting media')",0.0
opex_revenues,"(0, 102, 'HTL', 'incentive 1')",0.0
opex_revenues,"(0, 102, 'HTL', 'incentive 2')",0.0
opex_revenues,"(0, 102, 'HTC', 'avoided fertilizer')",0.0
opex_revenues,"(0, 102, 'HTC', 'bio oil')",0.0
opex_revenues,"(0, 102, 'HTC', 'avoided coal')",0.0
opex_revenues,"(0, 102, 'HTC', 'electricity')",0.0
opex_revenues,"(0, 102, 'HTC', 'potting media')",0.0
opex_revenues,"(0, 102, 'HTC', 'incentive 1')",0.0
opex_revenues,"(0, 102, 'HTC', 'incentive 2')",0.0
opex_revenues,"(0, 102, 'CHP', 'avoided fertilizer')",0.0
opex_revenues,"(0, 102, 'CHP', 'bio oil')",0.0
opex_revenues,"(0, 102, 'CHP', 'avoided coal')",0.0
opex_revenues,"(0, 102, 'CHP', 'electricity')",29805.8745962243
opex_revenues,"(0, 102, 'CHP', 'potting media')",0.0
opex_revenues,"(0, 102, 'CHP', 'incentive 1')",0.0
opex_revenues,"(0, 102, 'CHP', 'incentive 2')",0.0
opex_revenues,"(0, 102, 'Feedstock', 'avoided fertilizer')",0.0
opex_revenues,"(0, 102, 'Feedstock', 'bio oil')",0.0
opex_revenues,"(0, 102, 'Feedstock', 'avoided coal')",0.0
opex_revenues,"(0, 102, 'Feedstock', 'electricity')",0.0
opex_revenues,"(0, 102, 'Feedstock', 'potting media')",0.0
opex_revenues,"(0, 102, 'Feedstock', 'incentive 1')",0.0
opex_revenues,"(0, 102, 'Feedstock', 'incentive 2')",0.0
opex_revenues,"(0, 103, 'Pyrolysis', 'avoided fertilizer')",0.0
opex_revenues,"(0, 103, 'Pyrolysis', 'bio oil')",52005.63484937804
opex_revenues,"(0, 103, 'Pyrolysis', 'avoided coal')",0.0
opex_revenues,"(0, 103, 'Pyrolysis', 'electricity')",0.0
opex_revenues,"(0, 103, 'Pyrolysis', 'potting media')",0.0
opex_revenues,"(0, 103, 'Pyrolysis', 'incentive 1')",0.0
opex_revenues,"(0, 103, 'Pyrolysis', 'incentive 2')",0.0
opex_revenues,"(0, 103, 'AD', 'avoided fertilizer')",0.0
opex_revenues,"(0, 103, 'AD', 'bio oil')",0.0
opex_revenues,"(0, 103, 'AD', 'avoided coal')",0.0
opex_revenues,"(0, 103, 'AD', 'electricity')",0.0
opex_revenues,"(0, 103, 'AD', 'potting media')",0.0
opex_revenues,"(0, 103, 'AD', 'incentive 1')",0.0
opex_revenues,"(0, 103, 'AD', 'incentive 2')",0.0
opex_revenues,"(0, 103, 'HTL', 'avoided fertilizer')",0.0
opex_revenues,"(0, 103, 'HTL', 'bio oil')",0.0
opex_revenues,"(0, 103, 'HTL', 'avoided coal')",0.0
opex_revenues,"(0, 103, 'HTL', 'electricity')",0.0
opex_revenues,"(0, 103, 'HTL', 'potting media')",0.0
opex_revenues,"(0, 103, 'HTL', 'incentive 1')",0.0
opex_revenues,"(0, 103, 'HTL', 'incentive 2')",0.0
opex_revenues,"(0, 103, 'HTC', 'avoided fertilizer')",0.0
opex_revenues,"(0, 103, 'HTC', 'bio oil')",0.0
opex_revenues,"(0, 103, 'HTC', 'avoided coal')",0.0
opex_revenues,"(0, 103, 'HTC', 'electricity')",0.0
opex_revenues,"(0, 103, 'HTC', 'potting media')",0.0
opex_revenues,"(0, 103, 'HTC', 'incentive 1')",0.0
opex_revenues,"(0, 103, 'HTC', 'incentive 2')",0.0
opex_revenues,"(0, 103, 'CHP', 'avoided fertilizer')",0.0
opex_revenues,"(0, 103, 'CHP', 'bio oil')",0.0
opex_revenues,"(0, 103, 'CHP', 'avoided coal')",0.0
opex_revenues,"(0, 103, 'CHP', 'electricity')",24272.756028169537
opex_revenues,"(0, 103, 'CHP', 'potting media')",0.0
opex_revenues,"(0, 103, 'CHP', 'incentive 1')",0.0
opex_revenues,"(0, 103, 'CHP', 'incentive 2')",0.0
opex_revenues,"(0, 103, 'Feedstock', 'avoided fertilizer')",0.0
opex_revenues,"(0, 103, 'Feedstock', 'bio oil')",0.0
opex_revenues,"(0, 103, 'Feedstock', 'avoided coal')",0.0
opex_revenues,"(0, 103, 'Feedstock', 'electricity')",0.0
opex_revenues,"(0, 103, 'Feedstock', 'potting media')",0.0
opex_revenues,"(0, 103, 'Feedstock', 'incentive 1')",0.0
opex_revenues,"(0, 103, 'Feedstock', 'incentive 2')",0.0
opex_revenues,"(0, 104, 'Pyrolysis', 'avoided fertilizer')",0.0
opex_revenues,"(0, 104, 'Pyrolysis', 'bio oil')",54252.73016554469
opex_revenues,"(0, 104, 'Pyrolysis', 'avoided coal')",0.0
opex_revenues,"(0, 104, 'Pyrolysis', 'electricity')",0.0
opex_revenues,"(0, 104, 'Pyrolysis', 'potting media')",0.0
opex_revenues,"(0, 104, 'Pyrolysis', 'incentive 1')",0.0
opex_revenues,"(0, 104, 'Pyrolysis', 'incentive 2')",0.0
opex_revenues,"(0, 104, 'AD', 'avoided fertilizer')",0.0
opex_revenues,"(0, 104, 'AD', 'bio oil')",0.0
opex_revenues,"(0, 104, 'AD', 'avoided coal')",0.0
opex_revenues,"(0, 104, 'AD', 'electricity')",0.0
opex_revenues,"(0, 104, 'AD', 'potting media')",0.0
opex_revenues,"(0, 104, 'AD', 'incentive 1')",0.0
opex_revenues,"(0, 104, 'AD', 'incentive 2')",0.0
opex_revenues,"(0, 104, 'HTL', 'avoided fertilizer')",0.0
opex_revenues,"(0, 104, 'HTL', 'bio oil')",0.0
opex_revenues,"(0, 104, 'HTL', 'avoided coal')",0.0
opex_revenues,"(0, 104, 'HTL', 'electricity')",0.0
opex_revenues,"(0, 104, 'HTL', 'potting media')",0.0
opex_revenues,"(0, 104, 'HTL', 'incentive 1')",0.0
opex_revenues,"(0, 104, 'HTL', 'incentive 2')",0.0
opex_revenues,"(0, 104, 'HTC', 'avoided fertilizer')",0.0
opex_revenues,"(0, 104, 'HTC', 'bio oil')",0.0
opex_revenues,"(0, 104, 'HTC', 'avoided coal')",0.0
opex_revenues,"(0, 104, 'HTC', 'electricity')",0.0
opex_revenues,"(0, 104, 'HTC', 'potting media')",0.0
opex_revenues,"(0, 104, 'HTC', 'incentive 1')",0.0
opex_revenues,"(0, 104, 'HTC', 'incentive 2')",0.0
opex_revenues,"(0, 104, 'CHP', 'avoided fertilizer')",0.0
opex_revenues,"(0, 104, 'CHP', 'bio oil')",0.0
opex_revenues,"(0, 104, 'CHP', 'avoided coal')",0.0
opex_revenues,"(0, 104, 'CHP', 'electricity')",7300.69280024952
opex_revenues,"(0, 104, 'CHP', 'potting media')",0.0
opex_revenues,"(0, 104, 'CHP', 'incentive 1')",0.0
opex_revenues,"(0, 104, 'CHP', 'incentive 2')",0.0
opex_revenues,"(0, 104, 'Feedstock', 'avoided fertilizer')",0.0
opex_revenues,"(0, 104, 'Feedstock', 'bio oil')",0.0
opex_revenues,"(0, 104, 'Feedstock', 'avoided coal')",0.0
opex_revenues,"(0, 104, 'Feedstock', 'electricity')",0.0
opex_revenues,"(0, 104, 'Feedstock', 'potting media')",0.0
opex_revenues,"(0, 104, 'Feedstock', 'incentive 1')",0.0
opex_revenues,"(0, 104, 'Feedstock', 'incentive 2')",0.0
opex_revenues,"(0, 105, 'Pyrolysis', 'avoided fertilizer')",0.0
opex_revenues,"(0, 105, 'Pyrolysis', 'bio oil')",53947.70201503527
opex_revenues,"(0, 105, 'Pyrolysis', 'avoided coal')",0.0
opex_revenues,"(0, 105, 'Pyrolysis', 'electricity')",0.0
opex_revenues,"(0, 105, 'Pyrolysis', 'potting media')",0.0
opex_revenues,"(0, 105, 'Pyrolysis', 'incentive 1')",0.0
opex_revenues,"(0, 105, 'Pyrolysis', 'incentive 2')",0.0
opex_revenues,"(0, 105, 'AD', 'avoided fertilizer')",0.0
opex_revenues,"(0, 105, 'AD', 'bio oil')",0.0
opex_revenues,"(0, 105, 'AD', 'avoided coal')",0.0
opex_revenues,"(0, 105, 'AD', 'electricity')",0.0
opex_revenues,"(0, 105, 'AD', 'potting media')",0.0
opex_revenues,"(0, 105, 'AD', 'incentive 1')",0.0
opex_revenues,"(0, 105, 'AD', 'incentive 2')",0.0
opex_revenues,"(0, 105, 'HTL', 'avoided fertilizer')",0.0
opex_revenues,"(0, 105, 'HTL', 'bio oil')",0.0
opex_revenues,"(0, 105, 'HTL', 'avoided coal')",0.0
opex_revenues,"(0, 105, 'HTL', 'electricity')",0.0
opex_revenues,"(0, 105, 'HTL', 'potting media')",0.0
opex_revenues,"(0, 105, 'HTL', 'incentive 1')",0.0
opex_revenues,"(0, 105, 'HTL', 'incentive 2')",0.0
opex_revenues,"(0, 105, 'HTC', 'avoided fertilizer')",0.0
opex_revenues,"(0, 105, 'HTC', 'bio oil')",0.0
opex_revenues,"(0, 105, 'HTC', 'avoided coal')",0.0
opex_revenues,"(0, 105, 'HTC', 'electricity')",0.0
opex_revenues,"(0, 105, 'HTC', 'potting media')",0.0
opex_revenues,"(0, 105, 'HTC', 'incentive 1')",0.0
opex_revenues,"(0, 105, 'HTC', 'incentive 2')",0.0
opex_revenues,"(0, 105, 'CHP', 'avoided fertilizer')",0.0
opex_revenues,"(0, 105, 'CHP', 'bio oil')",0.0
opex_revenues,"(0, 105, 'CHP', 'avoided coal')",0.0
opex_revenues,"(0, 105, 'CHP', 'electricity')",7259.645707955686
opex_revenues,"(0, 105, 'CHP', 'potting media')",0.0
opex_revenues,"(0, 105, 'CHP', 'incentive 1')",0.0
opex_revenues,"(0, 105, 'CHP', 'incentive 2')",0.0
opex_revenues,"(0, 105, 'Feedstock', 'avoided fertilizer')",0.0
opex_revenues,"(0, 105, 'Feedstock', 'bio oil')",0.0
opex_revenues,"(0, 105, 'Feedstock', 'avoided coal')",0.0
opex_revenues,"(0, 105, 'Feedstock', 'electricity')",0.0
opex_revenues,"(0, 105, 'Feedstock', 'potting media')",0.0
opex_revenues,"(0, 105, 'Feedstock', 'incentive 1')",0.0
opex_revenues,"(0, 105, 'Feedstock', 'incentive 2')",0.0
opex_revenues,"(0, 106, 'Pyrolysis', 'avoided fertilizer')",0.0
opex_revenues,"(0, 106, 'Pyrolysis', 'bio oil')",53644.38884130801
opex_revenues,"(0, 106, 'Pyrolysis', 'avoided coal')",0.0
opex_revenues,"(0, 106, 'Pyrolysis', 'electricity')",0.0
opex_revenues,"(0, 106, 'Pyrolysis', 'potting media')",0.0
opex_revenues,"(0, 106, 'Pyrolysis', 'incentive 1')",0.0
opex_revenues,"(0, 106, 'Pyrolysis', 'incentive 2')",0.0
opex_revenues,"(0, 106, 'AD', 'avoided fertilizer')",0.0
opex_revenues,"(0, 106, 'AD', 'bio oil')",0.0
opex_revenues,"(0, 106, 'AD', 'avoided coal')",0.0
opex_revenues,"(0, 106, 'AD', 'electricity')",0.0
opex_revenues,"(0, 106, 'AD', 'potting media')",0.0
opex_revenues,"(0, 106, 'AD', 'incentive 1')",0.0
opex_revenues,"(0, 106, 'AD', 'incentive 2')",0.0
opex_revenues,"(0, 106, 'HTL', 'avoided fertilizer')",0.0
opex_revenues,"(0, 106, 'HTL', 'bio oil')",0.0
opex_revenues,"(0, 106, 'HTL', 'avoided coal')",0.0
opex_revenues,"(0, 106, 'HTL', 'electricity')",0.0
opex_revenues,"(0, 106, 'HTL', 'potting media')",0.0
opex_revenues,"(0, 106, 'HTL', 'incentive 1')",0.0
opex_revenues,"(0, 106, 'HTL', 'incentive 2')",0.0
opex_revenues,"(0, 106, 'HTC', 'avoided fertilizer')",0.0
opex_revenues,"(0, 106, 'HTC', 'bio oil')",0.0
opex_revenues,"(0, 106, 'HTC', 'avoided coal')",0.0
opex_revenues,"(0, 106, 'HTC', 'electricity')",0.0
opex_revenues,"(0, 106, 'HTC', 'potting media')",0.0
opex_revenues,"(0, 106, 'HTC', 'incentive 1')",0.0
opex_revenues,"(0, 106, 'HTC', 'incentive 2')",0.0
opex_revenues,"(0, 106, 'CHP', 'avoided fertilizer')",0.0
opex_revenues,"(0, 106, 'CHP', 'bio oil')",0.0
opex_revenues,"(0, 106, 'CHP', 'avoided coal')",0.0
opex_revenues,"(0, 106, 'CHP', 'electricity')",7218.829397018069
opex_revenues,"(0, 106, 'CHP', 'potting media')",0.0
opex_revenues,"(0, 106, 'CHP', 'incentive 1')",0.0
opex_revenues,"(0, 106, 'CHP', 'incentive 2')",0.0
opex_revenues,"(0, 106, 'Feedstock', 'avoided fertilizer')",0.0
opex_revenues,"(0, 106, 'Feedstock', 'bio oil')",0.0
opex_revenues,"(0, 106, 'Feedstock', 'avoided coal')",0.0
opex_revenues,"(0, 106, 'Feedstock', 'electricity')",0.0
opex_revenues,"(0, 106, 'Feedstock', 'potting media')",0.0
opex_revenues,"(0, 106, 'Feedstock', 'incentive 1')",0.0
opex_revenues,"(0, 106, 'Feedstock', 'incentive 2')",0.0
opex_revenues,"(0, 107, 'Pyrolysis', 'avoided fertilizer')",0.0
opex_revenues,"(0, 107, 'Pyrolysis', 'bio oil')",53342.78100215332
opex_revenues,"(0, 107, 'Pyrolysis', 'avoided coal')",0.0
opex_revenues,"(0, 107, 'Pyrolysis', 'electricity')",0.0
opex_revenues,"(0, 107, 'Pyrolysis', 'potting media')",0.0
opex_revenues,"(0, 107, 'Pyrolysis', 'incentive 1')",0.0
opex_revenues,"(0, 107, 'Pyrolysis', 'incentive 2')",0.0
opex_revenues,"(0, 107, 'AD', 'avoided fertilizer')",0.0
opex_revenues,"(0, 107, 'AD', 'bio oil')",0.0
opex_revenues,"(0, 107, 'AD', 'avoided coal')",0.0
opex_revenues,"(0, 107, 'AD', 'electricity')",0.0
opex_revenues,"(0, 107, 'AD', 'potting media')",0.0
opex_revenues,"(0, 107, 'AD', 'incentive 1')",0.0
opex_revenues,"(0, 107, 'AD', 'incentive 2')",0.0
opex_revenues,"(0, 107, 'HTL', 'avoided fertilizer')",0.0
opex_revenues,"(0, 107, 'HTL', 'bio oil')",0.0
opex_revenues,"(0, 107, 'HTL', 'avoided coal')",0.0
opex_revenues,"(0, 107, 'HTL', 'electricity')",0.0
opex_revenues,"(0, 107, 'HTL', 'potting media')",0.0
opex_revenues,"(0, 107, 'HTL', 'incentive 1')",0.0
opex_revenues,"(0, 107, 'HTL', 'incentive 2')",0.0
opex_revenues,"(0, 107, 'HTC', 'avoided fertilizer')",0.0
opex_revenues,"(0, 107, 'HTC', 'bio oil')",0.0
opex_revenues,"(0, 107, 'HTC', 'avoided coal')",0.0
opex_revenues,"(0, 107, 'HTC', 'electricity')",0.0
opex_revenues,"(0, 107, 'HTC', 'potting media')",0.0
opex_revenues,"(0, 107, 'HTC', 'incentive 1')",0.0
opex_revenues,"(0, 107, 'HTC', 'incentive 2')",0.0
opex_revenues,"(0, 107, 'CHP', 'avoided fertilizer')",0.0
opex_revenues,"(0, 107, 'CHP', 'bio oil')",0.0
opex_revenues,"(0, 107, 'CHP', 'avoided coal')",0.0
opex_revenues,"(0, 107, 'CHP', 'electricity')",7178.242569901783
opex_revenues,"(0, 107, 'CHP', 'potting media')",0.0
opex_revenues,"(0, 107, 'CHP', 'incentive 1')",0.0
opex_revenues,"(0, 107, 'CHP', 'incentive 2')",0.0
opex_revenues,"(0, 107, 'Feedstock', 'avoided fertilizer')",0.0
opex_revenues,"(0, 107, 'Feedstock', 'bio oil')",0.0
opex_revenues,"(0, 107, 'Feedstock', 'avoided coal')",0.0
opex_revenues,"(0, 107, 'Feedstock', 'electricity')",0.0
opex_revenues,"(0, 107, 'Feedstock', 'potting media')",0.0
opex_revenues,"(0, 107, 'Feedstock', 'incentive 1')",0.0
opex_revenues,"(0, 107, 'Feedstock', 'incentive 2')",0.0
opex_revenues,"(0, 108, 'Pyrolysis', 'avoided fertilizer')",0.0
opex_revenues,"(0, 108, 'Pyrolysis', 'bio oil')",53042.86890957351
opex_revenues,"(0, 108, 'Pyrolysis', 'avoided coal')",0.0
opex_revenues,"(0, 108, 'Pyrolysis', 'electricity')",0.0
opex_revenues,"(0, 108, 'Pyrolysis', 'potting media')",0.0
opex_revenues,"(0, 108, 'Pyrolysis', 'incentive 1')",0.0
opex_revenues,"(0, 108, 'Pyrolysis', 'incentive 2')",0.0
opex_revenues,"(0, 108, 'AD', 'avoided fertilizer')",0.0
opex_revenues,"(0, 108, 'AD', 'bio oil')",0.0
opex_revenues,"(0, 108, 'AD', 'avoided coal')",0.0
opex_revenues,"(0, 108, 'AD', 'electricity')",0.0
opex_revenues,"(0, 108, 'AD', 'potting media')",0.0
opex_revenues,"(0, 108, 'AD', 'incentive 1')",0.0
opex_revenues,"(0, 108, 'AD', 'incentive 2')",0.0
opex_revenues,"(0, 108, 'HTL', 'avoided fertilizer')",0.0
opex_revenues,"(0, 108, 'HTL', 'bio oil')",0.0
opex_revenues,"(0, 108, 'HTL', 'avoided coal')",0.0
opex_revenues,"(0, 108, 'HTL', 'electricity')",0.0
opex_revenues,"(0, 108, 'HTL', 'potting media')",0.0
opex_revenues,"(0, 108, 'HTL', 'incentive 1')",0.0
opex_revenues,"(0, 108, 'HTL', 'incentive 2')",0.0
opex_revenues,"(0, 108, 'HTC', 'avoided fertilizer')",0.0
opex_revenues,"(0, 108, 'HTC', 'bio oil')",0.0
opex_revenues,"(0, 108, 'HTC', 'avoided coal')",0.0
opex_revenues,"(0, 108, 'HTC', 'electricity')",0.0
opex_revenues,"(0, 108, 'HTC', 'potting media')",0.0
opex_revenues,"(0, 108, 'HTC', 'incentive 1')",0.0
opex_revenues,"(0, 108, 'HTC', 'incentive 2')",0.0
opex_revenues,"(0, 108, 'CHP', 'avoided fertilizer')",0.0
opex_revenues,"(0, 108, 'CHP', 'bio oil')",0.0
opex_revenues,"(0, 108, 'CHP', 'avoided coal')",0.0
opex_revenues,"(0, 108, 'CHP', 'electricity')",7137.8839363671395
opex_revenues,"(0, 108, 'CHP', 'potting media')",0.0
opex_revenues,"(0, 108, 'CHP', 'incentive 1')",0.0
opex_revenues,"(0, 108, 'CHP', 'incentive 2')",0.0
opex_revenues,"(0, 108, 'Feedstock', 'avoided fertilizer')",0.0
opex_revenues,"(0, 108, 'Feedstock', 'bio oil')",0.0
opex_revenues,"(0, 108, 'Feedstock', 'avoided coal')",0.0
opex_revenues,"(0, 108, 'Feedstock', 'electricity')",0.0
opex_revenues,"(0, 108, 'Feedstock', 'potting media')",0.0
opex_revenues,"(0, 108, 'Feedstock', 'incentive 1')",0.0
opex_revenues,"(0, 108, 'Feedstock', 'incentive 2')",0.0
opex_revenues,"(0, 109, 'Pyrolysis', 'avoided fertilizer')",0.0
opex_revenues,"(0, 109, 'Pyrolysis', 'bio oil')",52744.64302947805
opex_revenues,"(0, 109, 'Pyrolysis', 'avoided coal')",0.0
opex_revenues,"(0, 109, 'Pyrolysis', 'electricity')",0.0
opex_revenues,"(0, 109, 'Pyrolysis', 'potting media')",0.0
opex_revenues,"(0, 109, 'Pyrolysis', 'incentive 1')",0.0
opex_revenues,"(0, 109, 'Pyrolysis', 'incentive 2')",0.0
opex_revenues,"(0, 109, 'AD', 'avoided fertilizer')",0.0
opex_revenues,"(0, 109, 'AD', 'bio oil')",0.0
opex_revenues,"(0, 109, 'AD', 'avoided coal')",0.0
opex_revenues,"(0, 109, 'AD', 'electricity')",0.0
opex_revenues,"(0, 109, 'AD', 'potting media')",0.0
opex_revenues,"(0, 109, 'AD', 'incentive 1')",0.0
opex_revenues,"(0, 109, 'AD', 'incentive 2')",0.0
opex_revenues,"(0, 109, 'HTL', 'avoided fertilizer')",0.0
opex_revenues,"(0, 109, 'HTL', 'bio oil')",0.0
opex_revenues,"(0, 109, 'HTL', 'avoided coal')",0.0
opex_revenues,"(0, 109, 'HTL', 'electricity')",0.0
opex_revenues,"(0, 109, 'HTL', 'potting media')",0.0
opex_revenues,"(0, 109, 'HTL', 'incentive 1')",0.0
opex_revenues,"(0, 109, 'HTL', 'incentive 2')",0.0
opex_revenues,"(0, 109, 'HTC', 'avoided fertilizer')",0.0
opex_revenues,"(0, 109, 'HTC', 'bio oil')",0.0
opex_revenues,"(0, 109, 'HTC', 'avoided coal')",0.0
opex_revenues,"(0, 109, 'HTC', 'electricity')",0.0
opex_revenues,"(0, 109, 'HTC', 'potting media')",0.0
opex_revenues,"(0, 109, 'HTC', 'incentive 1')",0.0
opex_revenues,"(0, 109, 'HTC', 'incentive 2')",0.0
opex_revenues,"(0, 109, 'CHP', 'avoided fertilizer')",0.0
opex_revenues,"(0, 109, 'CHP', 'bio oil')",0.0
opex_revenues,"(0, 109, 'CHP', 'avoided coal')",0.0
opex_revenues,"(0, 109, 'CHP', 'electricity')",7097.752213428636
opex_revenues,"(0, 109, 'CHP', 'potting media')",0.0
opex_revenues,"(0, 109, 'CHP', 'incentive 1')",0.0
opex_revenues,"(0, 109, 'CHP', 'incentive 2')",0.0
opex_revenues,"(0, 109, 'Feedstock', 'avoided fertilizer')",0.0
opex_revenues,"(0, 109, 'Feedstock', 'bio oil')",0.0
opex_revenues,"(0, 109, 'Feedstock', 'avoided coal')",0.0
opex_revenues,"(0, 109, 'Feedstock', 'electricity')",0.0
opex_revenues,"(0, 109, 'Feedstock', 'potting media')",0.0
opex_revenues,"(0, 109, 'Feedstock', 'incentive 1')",0.0
opex_revenues,"(0, 109, 'Feedstock', 'incentive 2')",0.0
opex_revenues,"(0, 110, 'Pyrolysis', 'avoided fertilizer')",0.0
opex_revenues,"(0, 110, 'Pyrolysis', 'bio oil')",52448.093881380446
opex_revenues,"(0, 110, 'Pyrolysis', 'avoided coal')",0.0
opex_revenues,"(0, 110, 'Pyrolysis', 'electricity')",0.0
opex_revenues,"(0, 110, 'Pyrolysis', 'potting media')",0.0
opex_revenues,"(0, 110, 'Pyrolysis', 'incentive 1')",0.0
opex_revenues,"(0, 110, 'Pyrolysis', 'incentive 2')",0.0
opex_revenues,"(0, 110, 'AD', 'avoided fertilizer')",0.0
opex_revenues,"(0, 110, 'AD', 'bio oil')",0.0
opex_revenues,"(0, 110, 'AD', 'avoided coal')",0.0
opex_revenues,"(0, 110, 'AD', 'electricity')",0.0
opex_revenues,"(0, 110, 'AD', 'potting media')",0.0
opex_revenues,"(0, 110, 'AD', 'incentive 1')",0.0
opex_revenues,"(0, 110, 'AD', 'incentive 2')",0.0
opex_revenues,"(0, 110, 'HTL', 'avoided fertilizer')",0.0
opex_revenues,"(0, 110, 'HTL', 'bio oil')",0.0
opex_revenues,"(0, 110, 'HTL', 'avoided coal')",0.0
opex_revenues,"(0, 110, 'HTL', 'electricity')",0.0
opex_revenues,"(0, 110, 'HTL', 'potting media')",0.0
opex_revenues,"(0, 110, 'HTL', 'incentive 1')",0.0
opex_revenues,"(0, 110, 'HTL', 'incentive 2')",0.0
opex_revenues,"(0, 110, 'HTC', 'avoided fertilizer')",0.0
opex_revenues,"(0, 110, 'HTC', 'bio oil')",0.0
opex_revenues,"(0, 110, 'HTC', 'avoided coal')",0.0
opex_revenues,"(0, 110, 'HTC', 'electricity')",0.0
opex_revenues,"(0, 110, 'HTC', 'potting media')",0.0
opex_revenues,"(0, 110, 'HTC', 'incentive 1')",0.0
opex_revenues,"(0, 110, 'HTC', 'incentive 2')",0.0
opex_revenues,"(0, 110, 'CHP', 'avoided fertilizer')",0.0
opex_revenues,"(0, 110, 'CHP', 'bio oil')",0.0
opex_revenues,"(0, 110, 'CHP', 'avoided coal')",0.0
opex_revenues,"(0, 110, 'CHP', 'electricity')",7057.846125314175
opex_revenues,"(0, 110, 'CHP', 'potting media')",0.0
opex_revenues,"(0, 110, 'CHP', 'incentive 1')",0.0
opex_revenues,"(0, 110, 'CHP', 'incentive 2')",0.0
opex_revenues,"(0, 110, 'Feedstock', 'avoided fertilizer')",0.0
opex_revenues,"(0, 110, 'Feedstock', 'bio oil')",0.0
opex_revenues,"(0, 110, 'Feedstock', 'avoided coal')",0.0
opex_revenues,"(0, 110, 'Feedstock', 'electricity')",0.0
opex_revenues,"(0, 110, 'Feedstock', 'potting media')",0.0
opex_revenues,"(0, 110, 'Feedstock', 'incentive 1')",0.0
opex_revenues,"(0, 110, 'Feedstock', 'incentive 2')",0.0
opex_revenues,"(0, 111, 'Pyrolysis', 'avoided fertilizer')",0.0
opex_revenues,"(0, 111, 'Pyrolysis', 'bio oil')",52153.21203801749
opex_revenues,"(0, 111, 'Pyrolysis', 'avoided coal')",0.0
opex_revenues,"(0, 111, 'Pyrolysis', 'electricity')",0.0
opex_revenues,"(0, 111, 'Pyrolysis', 'potting media')",0.0
opex_revenues,"(0, 111, 'Pyrolysis', 'incentive 1')",0.0
opex_revenues,"(0, 111, 'Pyrolysis', 'incentive 2')",0.0
opex_revenues,"(0, 111, 'AD', 'avoided fertilizer')",0.0
opex_revenues,"(0, 111, 'AD', 'bio oil')",0.0
opex_revenues,"(0, 111, 'AD', 'avoided coal')",0.0
opex_revenues,"(0, 111, 'AD', 'electricity')",0.0
opex_revenues,"(0, 111, 'AD', 'potting media')",0.0
opex_revenues,"(0, 111, 'AD', 'incentive 1')",0.0
opex_revenues,"(0, 111, 'AD', 'incentive 2')",0.0
opex_revenues,"(0, 111, 'HTL', 'avoided fertilizer')",0.0
opex_revenues,"(0, 111, 'HTL', 'bio oil')",0.0
opex_revenues,"(0, 111, 'HTL', 'avoided coal')",0.0
opex_revenues,"(0, 111, 'HTL', 'electricity')",0.0
opex_revenues,"(0, 111, 'HTL', 'potting media')",0.0
opex_revenues,"(0, 111, 'HTL', 'incentive 1')",0.0
opex_revenues,"(0, 111, 'HTL', 'incentive 2')",0.0
opex_revenues,"(0, 111, 'HTC', 'avoided fertilizer')",0.0
opex_revenues,"(0, 111, 'HTC', 'bio oil')",0.0
opex_revenues,"(0, 111, 'HTC', 'avoided coal')",0.0
opex_revenues,"(0, 111, 'HTC', 'electricity')",0.0
opex_revenues,"(0, 111, 'HTC', 'potting media')",0.0
opex_revenues,"(0, 111, 'HTC', 'incentive 1')",0.0
opex_revenues,"(0, 111, 'HTC', 'incentive 2')",0.0
opex_revenues,"(0, 111, 'CHP', 'avoided fertilizer')",0.0
opex_revenues,"(0, 111, 'CHP', 'bio oil')",0.0
opex_revenues,"(0, 111, 'CHP', 'avoided coal')",0.0
opex_revenues,"(0, 111, 'CHP', 'electricity')",7018.164403413548
opex_revenues,"(0, 111, 'CHP', 'potting media')",0.0
opex_revenues,"(0, 111, 'CHP', 'incentive 1')",0.0
opex_revenues,"(0, 111, 'CHP', 'incentive 2')",0.0
opex_revenues,"(0, 111, 'Feedstock', 'avoided fertilizer')",0.0
opex_revenues,"(0, 111, 'Feedstock', 'bio oil')",0.0
opex_revenues,"(0, 111, 'Feedstock', 'avoided coal')",0.0
opex_revenues,"(0, 111, 'Feedstock', 'electricity')",0.0
opex_revenues,"(0, 111, 'Feedstock', 'potting media')",0.0
opex_revenues,"(0, 111, 'Feedstock', 'incentive 1')",0.0
opex_revenues,"(0, 111, 'Feedstock', 'incentive 2')",0.0
opex_revenues,"(0, 112, 'Pyrolysis', 'avoided fertilizer')",0.0
opex_revenues,"(0, 112, 'Pyrolysis', 'bio oil')",51859.988125288626
opex_revenues,"(0, 112, 'Pyrolysis', 'avoided coal')",0.0
opex_revenues,"(0, 112, 'Pyrolysis', 'electricity')",0.0
opex_revenues,"(0, 112, 'Pyrolysis', 'potting media')",0.0
opex_revenues,"(0, 112, 'Pyrolysis', 'incentive 1')",0.0
opex_revenues,"(0, 112, 'Pyrolysis', 'incentive 2')",0.0
opex_revenues,"(0, 112, 'AD', 'avoided fertilizer')",0.0
opex_revenues,"(0, 112, 'AD', 'bio oil')",0.0
opex_revenues,"(0, 112, 'AD', 'avoided coal')",0.0
opex_revenues,"(0, 112, 'AD', 'electricity')",0.0
opex_revenues,"(0, 112, 'AD', 'potting media')",0.0
opex_revenues,"(0, 112, 'AD', 'incentive 1')",0.0
opex_revenues,"(0, 112, 'AD', 'incentive 2')",0.0
opex_revenues,"(0, 112, 'HTL', 'avoided fertilizer')",0.0
opex_revenues,"(0, 112, 'HTL', 'bio oil')",0.0
opex_revenues,"(0, 112, 'HTL', 'avoided coal')",0.0
opex_revenues,"(0, 112, 'HTL', 'electricity')",0.0
opex_revenues,"(0, 112, 'HTL', 'potting media')",0.0
opex_revenues,"(0, 112, 'HTL', 'incentive 1')",0.0
opex_revenues,"(0, 112, 'HTL', 'incentive 2')",0.0
opex_revenues,"(0, 112, 'HTC', 'avoided fertilizer')",0.0
opex_revenues,"(0, 112, 'HTC', 'bio oil')",0.0
opex_revenues,"(0, 112, 'HTC', 'avoided coal')",0.0
opex_revenues,"(0, 112, 'HTC', 'electricity')",0.0
opex_revenues,"(0, 112, 'HTC', 'potting media')",0.0
opex_revenues,"(0, 112, 'HTC', 'incentive 1')",0.0
opex_revenues,"(0, 112, 'HTC', 'incentive 2')",0.0
opex_revenues,"(0, 112, 'CHP', 'avoided fertilizer')",0.0
opex_revenues,"(0, 112, 'CHP', 'bio oil')",0.0
opex_revenues,"(0, 112, 'CHP', 'avoided coal')",0.0
opex_revenues,"(0, 112, 'CHP', 'electricity')",6978.705786271094
opex_revenues,"(0, 112, 'CHP', 'potting media')",0.0
opex_revenues,"(0, 112, 'CHP', 'incentive 1')",0.0
opex_revenues,"(0, 112, 'CHP', 'incentive 2')",0.0
opex_revenues,"(0, 112, 'Feedstock', 'avoided fertilizer')",0.0
opex_revenues,"(0, 112, 'Feedstock', 'bio oil')",0.0
opex_revenues,"(0, 112, 'Feedstock', 'avoided coal')",0.0
opex_revenues,"(0, 112, 'Feedstock', 'electricity')",0.0
opex_revenues,"(0, 112, 'Feedstock', 'potting media')",0.0
opex_revenues,"(0, 112, 'Feedstock', 'incentive 1')",0.0
opex_revenues,"(0, 112, 'Feedstock', 'incentive 2')",0.0
opex_revenues,"(0, 113, 'Pyrolysis', 'avoided fertilizer')",262359.4312505201
opex_revenues,"(0, 113, 'Pyrolysis', 'bio oil')",51568.41282195344
opex_revenues,"(0, 113, 'Pyrolysis', 'avoided coal')",0.0
opex_revenues,"(0, 113, 'Pyrolysis', 'electricity')",0.0
opex_revenues,"(0, 113, 'Pyrolysis', 'potting media')",0.0
opex_revenues,"(0, 113, 'Pyrolysis', 'incentive 1')",0.0
opex_revenues,"(0, 113, 'Pyrolysis', 'incentive 2')",0.0
opex_revenues,"(0, 113, 'AD', 'avoided fertilizer')",0.0
opex_revenues,"(0, 113, 'AD', 'bio oil')",0.0
opex_revenues,"(0, 113, 'AD', 'avoided coal')",0.0
opex_revenues,"(0, 113, 'AD', 'electricity')",0.0
opex_revenues,"(0, 113, 'AD', 'potting media')",0.0
opex_revenues,"(0, 113, 'AD', 'incentive 1')",0.0
opex_revenues,"(0, 113, 'AD', 'incentive 2')",0.0
opex_revenues,"(0, 113, 'HTL', 'avoided fertilizer')",0.0
opex_revenues,"(0, 113, 'HTL', 'bio oil')",0.0
opex_revenues,"(0, 113, 'HTL', 'avoided coal')",0.0
opex_revenues,"(0, 113, 'HTL', 'electricity')",0.0
opex_revenues,"(0, 113, 'HTL', 'potting media')",0.0
opex_revenues,"(0, 113, 'HTL', 'incentive 1')",0.0
opex_revenues,"(0, 113, 'HTL', 'incentive 2')",0.0
opex_revenues,"(0, 113, 'HTC', 'avoided fertilizer')",0.0
opex_revenues,"(0, 113, 'HTC', 'bio oil')",0.0
opex_revenues,"(0, 113, 'HTC', 'avoided coal')",0.0
opex_revenues,"(0, 113, 'HTC', 'electricity')",0.0
opex_revenues,"(0, 113, 'HTC', 'potting media')",0.0
opex_revenues,"(0, 113, 'HTC', 'incentive 1')",0.0
opex_revenues,"(0, 113, 'HTC', 'incentive 2')",0.0
opex_revenues,"(0, 113, 'CHP', 'avoided fertilizer')",0.0
opex_revenues,"(0, 113, 'CHP', 'bio oil')",0.0
opex_revenues,"(0, 113, 'CHP', 'avoided coal')",0.0
opex_revenues,"(0, 113, 'CHP', 'electricity')",6939.469019544971
opex_revenues,"(0, 113, 'CHP', 'potting media')",0.0
opex_revenues,"(0, 113, 'CHP', 'incentive 1')",0.0
opex_revenues,"(0, 113, 'CHP', 'incentive 2')",0.0
opex_revenues,"(0, 113, 'Feedstock', 'avoided fertilizer')",0.0
opex_revenues,"(0, 113, 'Feedstock', 'bio oil')",0.0
opex_revenues,"(0, 113, 'Feedstock', 'avoided coal')",0.0
opex_revenues,"(0, 113, 'Feedstock', 'electricity')",0.0
opex_revenues,"(0, 113, 'Feedstock', 'potting media')",0.0
opex_revenues,"(0, 113, 'Feedstock', 'incentive 1')",0.0
opex_revenues,"(0, 113, 'Feedstock', 'incentive 2')",0.0
opex_revenues,"(0, 114, 'Pyrolysis', 'avoided fertilizer')",0.0
opex_revenues,"(0, 114, 'Pyrolysis', 'bio oil')",52096.750425442246
opex_revenues,"(0, 114, 'Pyrolysis', 'avoided coal')",0.0
opex_revenues,"(0, 114, 'Pyrolysis', 'electricity')",0.0
opex_revenues,"(0, 114, 'Pyrolysis', 'potting media')",0.0
opex_revenues,"(0, 114, 'Pyrolysis', 'incentive 1')",0.0
opex_revenues,"(0, 114, 'Pyrolysis', 'incentive 2')",0.0
opex_revenues,"(0, 114, 'AD', 'avoided fertilizer')",0.0
opex_revenues,"(0, 114, 'AD', 'bio oil')",0.0
opex_revenues,"(0, 114, 'AD', 'avoided coal')",0.0
opex_revenues,"(0, 114, 'AD', 'electricity')",0.0
opex_revenues,"(0, 114, 'AD', 'potting media')",0.0
opex_revenues,"(0, 114, 'AD', 'incentive 1')",0.0
opex_revenues,"(0, 114, 'AD', 'incentive 2')",0.0
opex_revenues,"(0, 114, 'HTL', 'avoided fertilizer')",0.0
opex_revenues,"(0, 114, 'HTL', 'bio oil')",0.0
opex_revenues,"(0, 114, 'HTL', 'avoided coal')",0.0
opex_revenues,"(0, 114, 'HTL', 'electricity')",0.0
opex_revenues,"(0, 114, 'HTL', 'potting media')",0.0
opex_revenues,"(0, 114, 'HTL', 'incentive 1')",0.0
opex_revenues,"(0, 114, 'HTL', 'incentive 2')",0.0
opex_revenues,"(0, 114, 'HTC', 'avoided fertilizer')",0.0
opex_revenues,"(0, 114, 'HTC', 'bio oil')",0.0
opex_revenues,"(0, 114, 'HTC', 'avoided coal')",0.0
opex_revenues,"(0, 114, 'HTC', 'electricity')",0.0
opex_revenues,"(0, 114, 'HTC', 'potting media')",0.0
opex_revenues,"(0, 114, 'HTC', 'incentive 1')",0.0
opex_revenues,"(0, 114, 'HTC', 'incentive 2')",0.0
opex_revenues,"(0, 114, 'CHP', 'avoided fertilizer')",0.0
opex_revenues,"(0, 114, 'CHP', 'bio oil')",0.0
opex_revenues,"(0, 114, 'CHP', 'avoided coal')",0.0
opex_revenues,"(0, 114, 'CHP', 'electricity')",27855.95756656477
opex_revenues,"(0, 114, 'CHP', 'potting media')",0.0
opex_revenues,"(0, 114, 'CHP', 'incentive 1')",0.0
opex_revenues,"(0, 114, 'CHP', 'incentive 2')",0.0
opex_revenues,"(0, 114, 'Feedstock', 'avoided fertilizer')",0.0
opex_revenues,"(0, 114, 'Feedstock', 'bio oil')",0.0
opex_revenues,"(0, 114, 'Feedstock', 'avoided coal')",0.0
opex_revenues,"(0, 114, 'Feedstock', 'electricity')",0.0
opex_revenues,"(0, 114, 'Feedstock', 'potting media')",0.0
opex_revenues,"(0, 114, 'Feedstock', 'incentive 1')",0.0
opex_revenues,"(0, 114, 'Feedstock', 'incentive 2')",0.0
opex_revenues,"(0, 115, 'Pyrolysis', 'avoided fertilizer')",0.0
opex_revenues,"(0, 115, 'Pyrolysis', 'bio oil')",51803.84396006558
opex_revenues,"(0, 115, 'Pyrolysis', 'avoided coal')",0.0
opex_revenues,"(0, 115, 'Pyrolysis', 'electricity')",0.0
opex_revenues,"(0, 115, 'Pyrolysis', 'potting media')",0.0
opex_revenues,"(0, 115, 'Pyrolysis', 'incentive 1')",0.0
opex_revenues,"(0, 115, 'Pyrolysis', 'incentive 2')",0.0
opex_revenues,"(0, 115, 'AD', 'avoided fertilizer')",0.0
opex_revenues,"(0, 115, 'AD', 'bio oil')",0.0
opex_revenues,"(0, 115, 'AD', 'avoided coal')",0.0
opex_revenues,"(0, 115, 'AD', 'electricity')",0.0
opex_revenues,"(0, 115, 'AD', 'potting media')",0.0
opex_revenues,"(0, 115, 'AD', 'incentive 1')",0.0
opex_revenues,"(0, 115, 'AD', 'incentive 2')",0.0
opex_revenues,"(0, 115, 'HTL', 'avoided fertilizer')",0.0
opex_revenues,"(0, 115, 'HTL', 'bio oil')",0.0
opex_revenues,"(0, 115, 'HTL', 'avoided coal')",0.0
opex_revenues,"(0, 115, 'HTL', 'electricity')",0.0
opex_revenues,"(0, 115, 'HTL', 'potting media')",0.0
opex_revenues,"(0, 115, 'HTL', 'incentive 1')",0.0
opex_revenues,"(0, 115, 'HTL', 'incentive 2')",0.0
opex_revenues,"(0, 115, 'HTC', 'avoided fertilizer')",0.0
opex_revenues,"(0, 115, 'HTC', 'bio oil')",0.0
opex_revenues,"(0, 115, 'HTC', 'avoided coal')",0.0
opex_revenues,"(0, 115, 'HTC', 'electricity')",0.0
opex_revenues,"(0, 115, 'HTC', 'potting media')",0.0
opex_revenues,"(0, 115, 'HTC', 'incentive 1')",0.0
opex_revenues,"(0, 115, 'HTC', 'incentive 2')",0.0
opex_revenues,"(0, 115, 'CHP', 'avoided fertilizer')",0.0
opex_revenues,"(0, 115, 'CHP', 'bio oil')",0.0
opex_revenues,"(0, 115, 'CHP', 'avoided coal')",0.0
opex_revenues,"(0, 115, 'CHP', 'electricity')",27699.34146279872
opex_revenues,"(0, 115, 'CHP', 'potting media')",0.0
opex_revenues,"(0, 115, 'CHP', 'incentive 1')",0.0
opex_revenues,"(0, 115, 'CHP', 'incentive 2')",0.0
opex_revenues,"(0, 115, 'Feedstock', 'avoided fertilizer')",0.0
opex_revenues,"(0, 115, 'Feedstock', 'bio oil')",0.0
opex_revenues,"(0, 115, 'Feedstock', 'avoided coal')",0.0
opex_revenues,"(0, 115, 'Feedstock', 'electricity')",0.0
opex_revenues,"(0, 115, 'Feedstock', 'potting media')",0.0
opex_revenues,"(0, 115, 'Feedstock', 'incentive 1')",0.0
opex_revenues,"(0, 115, 'Feedstock', 'incentive 2')",0.0
opex_revenues,"(0, 116, 'Pyrolysis', 'avoided fertilizer')",0.0
opex_revenues,"(0, 116, 'Pyrolysis', 'bio oil')",51512.58431904473
opex_revenues,"(0, 116, 'Pyrolysis', 'avoided coal')",0.0
opex_revenues,"(0, 116, 'Pyrolysis', 'electricity')",0.0
opex_revenues,"(0, 116, 'Pyrolysis', 'potting media')",0.0
opex_revenues,"(0, 116, 'Pyrolysis', 'incentive 1')",0.0
opex_revenues,"(0, 116, 'Pyrolysis', 'incentive 2')",0.0
opex_revenues,"(0, 116, 'AD', 'avoided fertilizer')",0.0
opex_revenues,"(0, 116, 'AD', 'bio oil')",0.0
opex_revenues,"(0, 116, 'AD', 'avoided coal')",0.0
opex_revenues,"(0, 116, 'AD', 'electricity')",0.0
opex_revenues,"(0, 116, 'AD', 'potting media')",0.0
opex_revenues,"(0, 116, 'AD', 'incentive 1')",0.0
opex_revenues,"(0, 116, 'AD', 'incentive 2')",0.0
opex_revenues,"(0, 116, 'HTL', 'avoided fertilizer')",0.0
opex_revenues,"(0, 116, 'HTL', 'bio oil')",0.0
opex_revenues,"(0, 116, 'HTL', 'avoided coal')",0.0
opex_revenues,"(0, 116, 'HTL', 'electricity')",0.0
opex_revenues,"(0, 116, 'HTL', 'potting media')",0.0
opex_revenues,"(0, 116, 'HTL', 'incentive 1')",0.0
opex_revenues,"(0, 116, 'HTL', 'incentive 2')",0.0
opex_revenues,"(0, 116, 'HTC', 'avoided fertilizer')",0.0
opex_revenues,"(0, 116, 'HTC', 'bio oil')",0.0
opex_revenues,"(0, 116, 'HTC', 'avoided coal')",0.0
opex_revenues,"(0, 116, 'HTC', 'electricity')",0.0
opex_revenues,"(0, 116, 'HTC', 'potting media')",0.0
opex_revenues,"(0, 116, 'HTC', 'incentive 1')",0.0
opex_revenues,"(0, 116, 'HTC', 'incentive 2')",0.0
opex_revenues,"(0, 116, 'CHP', 'avoided fertilizer')",0.0
opex_revenues,"(0, 116, 'CHP', 'bio oil')",0.0
opex_revenues,"(0, 116, 'CHP', 'avoided coal')",0.0
opex_revenues,"(0, 116, 'CHP', 'electricity')",27543.60591048743
opex_revenues,"(0, 116, 'CHP', 'potting media')",0.0
opex_revenues,"(0, 116, 'CHP', 'incentive 1')",0.0
opex_revenues,"(0, 116, 'CHP', 'incentive 2')",0.0
opex_revenues,"(0, 116, 'Feedstock', 'avoided fertilizer')",0.0
opex_revenues,"(0, 116, 'Feedstock', 'bio oil')",0.0
opex_revenues,"(0, 116, 'Feedstock', 'avoided coal')",0.0
opex_revenues,"(0, 116, 'Feedstock', 'electricity')",0.0
opex_revenues,"(0, 116, 'Feedstock', 'potting media')",0.0
opex_revenues,"(0, 116, 'Feedstock', 'incentive 1')",0.0
opex_revenues,"(0, 116, 'Feedstock', 'incentive 2')",0.0
opex_revenues,"(0, 117, 'Pyrolysis', 'avoided fertilizer')",0.0
opex_revenues,"(0, 117, 'Pyrolysis', 'bio oil')",51222.96224334727
opex_revenues,"(0, 117, 'Pyrolysis', 'avoided coal')",0.0
opex_revenues,"(0, 117, 'Pyrolysis', 'electricity')",0.0
opex_revenues,"(0, 117, 'Pyrolysis', 'potting media')",0.0
opex_revenues,"(0, 117, 'Pyrolysis', 'incentive 1')",0.0
opex_revenues,"(0, 117, 'Pyrolysis', 'incentive 2')",0.0
opex_revenues,"(0, 117, 'AD', 'avoided fertilizer')",0.0
opex_revenues,"(0, 117, 'AD', 'bio oil')",0.0
opex_revenues,"(0, 117, 'AD', 'avoided coal')",0.0
opex_revenues,"(0, 117, 'AD', 'electricity')",0.0
opex_revenues,"(0, 117, 'AD', 'potting media')",0.0
opex_revenues,"(0, 117, 'AD', 'incentive 1')",0.0
opex_revenues,"(0, 117, 'AD', 'incentive 2')",0.0
opex_revenues,"(0, 117, 'HTL', 'avoided fertilizer')",0.0
opex_revenues,"(0, 117, 'HTL', 'bio oil')",0.0
opex_revenues,"(0, 117, 'HTL', 'avoided coal')",0.0
opex_revenues,"(0, 117, 'HTL', 'electricity')",0.0
opex_revenues,"(0, 117, 'HTL', 'potting media')",0.0
opex_revenues,"(0, 117, 'HTL', 'incentive 1')",0.0
opex_revenues,"(0, 117, 'HTL', 'incentive 2')",0.0
opex_revenues,"(0, 117, 'HTC', 'avoided fertilizer')",0.0
opex_revenues,"(0, 117, 'HTC', 'bio oil')",0.0
opex_revenues,"(0, 117, 'HTC', 'avoided coal')",0.0
opex_revenues,"(0, 117, 'HTC', 'electricity')",0.0
opex_revenues,"(0, 117, 'HTC', 'potting media')",0.0
opex_revenues,"(0, 117, 'HTC', 'incentive 1')",0.0
opex_revenues,"(0, 117, 'HTC', 'incentive 2')",0.0
opex_revenues,"(0, 117, 'CHP', 'avoided fertilizer')",0.0
opex_revenues,"(0, 117, 'CHP', 'bio oil')",0.0
opex_revenues,"(0, 117, 'CHP', 'avoided coal')",0.0
opex_revenues,"(0, 117, 'CHP', 'electricity')",27388.745958857344
opex_revenues,"(0, 117, 'CHP', 'potting media')",0.0
opex_revenues,"(0, 117, 'CHP', 'incentive 1')",0.0
opex_revenues,"(0, 117, 'CHP', 'incentive 2')",0.0
opex_revenues,"(0, 117, 'Feedstock', 'avoided fertilizer')",0.0
opex_revenues,"(0, 117, 'Feedstock', 'bio oil')",0.0
opex_revenues,"(0, 117, 'Feedstock', 'avoided coal')",0.0
opex_revenues,"(0, 117, 'Feedstock', 'electricity')",0.0
opex_revenues,"(0, 117, 'Feedstock', 'potting media')",0.0
opex_revenues,"(0, 117, 'Feedstock', 'incentive 1')",0.0
opex_revenues,"(0, 117, 'Feedstock', 'incentive 2')",0.0
opex_revenues,"(0, 118, 'Pyrolysis', 'avoided fertilizer')",0.0
opex_revenues,"(0, 118, 'Pyrolysis', 'bio oil')",50934.968525998374
opex_revenues,"(0, 118, 'Pyrolysis', 'avoided coal')",0.0
opex_revenues,"(0, 118, 'Pyrolysis', 'electricity')",0.0
opex_revenues,"(0, 118, 'Pyrolysis', 'potting media')",0.0
opex_revenues,"(0, 118, 'Pyrolysis', 'incentive 1')",0.0
opex_revenues,"(0, 118, 'Pyrolysis', 'incentive 2')",0.0
opex_revenues,"(0, 118, 'AD', 'avoided fertilizer')",0.0
opex_revenues,"(0, 118, 'AD', 'bio oil')",0.0
opex_revenues,"(0, 118, 'AD', 'avoided coal')",0.0
opex_revenues,"(0, 118, 'AD', 'electricity')",0.0
opex_revenues,"(0, 118, 'AD', 'potting media')",0.0
opex_revenues,"(0, 118, 'AD', 'incentive 1')",0.0
opex_revenues,"(0, 118, 'AD', 'incentive 2')",0.0
opex_revenues,"(0, 118, 'HTL', 'avoided fertilizer')",0.0
opex_revenues,"(0, 118, 'HTL', 'bio oil')",0.0
opex_revenues,"(0, 118, 'HTL', 'avoided coal')",0.0
opex_revenues,"(0, 118, 'HTL', 'electricity')",0.0
opex_revenues,"(0, 118, 'HTL', 'potting media')",0.0
opex_revenues,"(0, 118, 'HTL', 'incentive 1')",0.0
opex_revenues,"(0, 118, 'HTL', 'incentive 2')",0.0
opex_revenues,"(0, 118, 'HTC', 'avoided fertilizer')",0.0
opex_revenues,"(0, 118, 'HTC', 'bio oil')",0.0
opex_revenues,"(0, 118, 'HTC', 'avoided coal')",0.0
opex_revenues,"(0, 118, 'HTC', 'electricity')",0.0
opex_revenues,"(0, 118, 'HTC', 'potting media')",0.0
opex_revenues,"(0, 118, 'HTC', 'incentive 1')",0.0
opex_revenues,"(0, 118, 'HTC', 'incentive 2')",0.0
opex_revenues,"(0, 118, 'CHP', 'avoided fertilizer')",0.0
opex_revenues,"(0, 118, 'CHP', 'bio oil')",0.0
opex_revenues,"(0, 118, 'CHP', 'avoided coal')",0.0
opex_revenues,"(0, 118, 'CHP', 'electricity')",27234.756684969914
opex_revenues,"(0, 118, 'CHP', 'potting media')",0.0
opex_revenues,"(0, 118, 'CHP', 'incentive 1')",0.0
opex_revenues,"(0, 118, 'CHP', 'incentive 2')",0.0
opex_revenues,"(0, 118, 'Feedstock', 'avoided fertilizer')",0.0
opex_revenues,"(0, 118, 'Feedstock', 'bio oil')",0.0
opex_revenues,"(0, 118, 'Feedstock', 'avoided coal')",0.0
opex_revenues,"(0, 118, 'Feedstock', 'electricity')",0.0
opex_revenues,"(0, 118, 'Feedstock', 'potting media')",0.0
opex_revenues,"(0, 118, 'Feedstock', 'incentive 1')",0.0
opex_revenues,"(0, 118, 'Feedstock', 'incentive 2')",0.0
opex_revenues,"(0, 119, 'Pyrolysis', 'avoided fertilizer')",0.0
opex_revenues,"(0, 119, 'Pyrolysis', 'bio oil')",50648.59401178806
opex_revenues,"(0, 119, 'Pyrolysis', 'avoided coal')",0.0
opex_revenues,"(0, 119, 'Pyrolysis', 'electricity')",0.0
opex_revenues,"(0, 119, 'Pyrolysis', 'potting media')",0.0
opex_revenues,"(0, 119, 'Pyrolysis', 'incentive 1')",0.0
opex_revenues,"(0, 119, 'Pyrolysis', 'incentive 2')",0.0
opex_revenues,"(0, 119, 'AD', 'avoided fertilizer')",0.0
opex_revenues,"(0, 119, 'AD', 'bio oil')",0.0
opex_revenues,"(0, 119, 'AD', 'avoided coal')",0.0
opex_revenues,"(0, 119, 'AD', 'electricity')",0.0
opex_revenues,"(0, 119, 'AD', 'potting media')",0.0
opex_revenues,"(0, 119, 'AD', 'incentive 1')",0.0
opex_revenues,"(0, 119, 'AD', 'incentive 2')",0.0
opex_revenues,"(0, 119, 'HTL', 'avoided fertilizer')",0.0
opex_revenues,"(0, 119, 'HTL', 'bio oil')",0.0
opex_revenues,"(0, 119, 'HTL', 'avoided coal')",0.0
opex_revenues,"(0, 119, 'HTL', 'electricity')",0.0
opex_revenues,"(0, 119, 'HTL', 'potting media')",0.0
opex_revenues,"(0, 119, 'HTL', 'incentive 1')",0.0
opex_revenues,"(0, 119, 'HTL', 'incentive 2')",0.0
opex_revenues,"(0, 119, 'HTC', 'avoided fertilizer')",0.0
opex_revenues,"(0, 119, 'HTC', 'bio oil')",0.0
opex_revenues,"(0, 119, 'HTC', 'avoided coal')",0.0
opex_revenues,"(0, 119, 'HTC', 'electricity')",0.0
opex_revenues,"(0, 119, 'HTC', 'potting media')",0.0
opex_revenues,"(0, 119, 'HTC', 'incentive 1')",0.0
opex_revenues,"(0, 119, 'HTC', 'incentive 2')",0.0
opex_revenues,"(0, 119, 'CHP', 'avoided fertilizer')",0.0
opex_revenues,"(0, 119, 'CHP', 'bio oil')",0.0
opex_revenues,"(0, 119, 'CHP', 'avoided coal')",0.0
opex_revenues,"(0, 119, 'CHP', 'electricity')",27081.633193565114
opex_revenues,"(0, 119, 'CHP', 'potting media')",0.0
opex_revenues,"(0, 119, 'CHP', 'incentive 1')",0.0
opex_revenues,"(0, 119, 'CHP', 'incentive 2')",0.0
opex_revenues,"(0, 119, 'Feedstock', 'avoided fertilizer')",0.0
opex_revenues,"(0, 119, 'Feedstock', 'bio oil')",0.0
opex_revenues,"(0, 119, 'Feedstock', 'avoided coal')",0.0
opex_revenues,"(0, 119, 'Feedstock', 'electricity')",0.0
opex_revenues,"(0, 119, 'Feedstock', 'potting media')",0.0
opex_revenues,"(0, 119, 'Feedstock', 'incentive 1')",0.0
opex_revenues,"(0, 119, 'Feedstock', 'incentive 2')",0.0
Variable,process_capex
process_capex,"(0, 'Pyrolysis')",8746036.28176906
process_capex,"(0, 'AD')",0.0
process_capex,"(0, 'HTL')",0.0
process_capex,"(0, 'HTC')",0.0
process_capex,"(0, 'CHP')",126345.14542264247
process_capex,"(0, 'Feedstock')",0.0
Variable,storage_capex
storage_capex,"(0, 'Pyrolysis')",455.45503859413105
storage_capex,"(0, 'AD')",0.0
storage_capex,"(0, 'HTL')",0.0
storage_capex,"(0, 'HTC')",0.0
storage_capex,"(0, 'CHP')",0.0
storage_capex,"(0, 'Feedstock')",0.0
